0.0192967
0.0189381
0.0185932
0.0185926
0.018939
0.0185934
0.0185934
0.0185934
0.0185936
0.0185935
0.0185935
0.0185928
0.0185939
0.0185935
0.0185939
0.0185932
0.0185939
0.0185936
0.0185936
0.0185936
0.0189384
0.0185938
0.0185938
0.0189385
0.0185939
0.0185931
0.0185934
0.0185942
0.0185936
0.0185938
0.0185931
0.0185927
0.0185928
0.018261
0.0185937
0.0185934
0.0189387
0.0192967
0.0189383
0.0185935
0.0185938
0.0189391
0.0189391
0.0185939
0.0185936
0.0185931
0.018594
0.0185936
0.018939
0.0185941
0.018594
0.0185938
0.0185936
0.0185936
0.0185932
0.0189388
0.0185935
0.0185935
0.0185937
0.0185932
0.0185934
0.0189382
0.0185935
0.0185933
0.018594
0.0182607
0.0185936
0.018939
0.0185937
0.0185932
0.0185937
0.0185935
0.0189386
0.0189389
0.0185939
0.0185931
0.0189378
0.0185937
0.0185936
0.0185934
0.0189391
0.0185931
0.0189388
0.0185933
0.0185931
0.0185931
0.0189384
0.0185935
0.0189386
0.0185939
0.0185935
0.0185938
0.0185933
0.0185937
0.0185936
0.0185934
0.0185938
0.0185938
0.0185933
0.0185936
0.0185933
0.0185935
0.0185929
0.0185935
0.0185927
0.0185932
0.0189388
0.0185936
0.0185936
0.0185934
0.0189395
0.0185938
0.0185934
0.018261
0.0185939
0.0185939
0.0189389
0.0192969
0.0189381
0.018594
0.0185935
0.0185928
0.0185923
0.0185932
0.0185935
0.018938
0.0185928
0.0185929
0.0189387
0.0185927
0.0182602
0.0185934
0.0185936
0.0185938
0.0185934
0.0185936
0.018594
0.0189386
0.0185931
0.0185941
0.0185937
0.0185929
0.0185935
0.0185928
0.0185934
0.0185938
0.0185936
0.0185934
0.0189375
0.0185927
0.0185932
0.0189387
0.0185929
0.0189386
0.0185935
0.0185936
0.0185936
0.0189385
0.0185938
0.0189383
0.0185932
0.0182603
0.0182609
0.0185922
0.0185934
0.0185934
0.0185936
0.0189389
0.0185939
0.0185937
0.018593
0.0185937
0.0189378
0.0185924
0.0185934
0.0185939
0.0185937
0.0189393
0.0185934
0.0185921
0.0185937
0.0189392
0.0185938
0.0185934
0.0185935
0.0189388
0.0185942
0.0185938
0.0185932
0.0185936
0.0185936
0.0185937
0.0185938
0.0185932
0.0185936
0.0185934
0.0185928
0.0185924
0.0189382
0.0185934
0.0182587
0.0185939
0.0185937
0.0185938
0.0189385
0.0185936
0.0185931
0.0185929
0.0185932
0.0185934
0.0185929
0.0185934
0.0189388
0.0185932
0.0185932
0.0185932
0.0185932
0.0185938
0.0185941
0.0185932
0.0189374
0.0185935
0.0189394
0.0189384
0.0189389
0.018938
0.0189378
0.0185931
0.0185936
0.0189387
0.0185937
0.0185934
0.0185937
0.0185933
0.0185937
0.0189386
0.0185932
0.0185933
0.0185934
0.0185928
0.0185931
0.0185933
0.0185929
0.0185939
0.0185937
0.0185936
0.018938
0.0185941
0.0189379
0.0185938
0.0189389
0.0189391
0.0185936
0.0185929
0.0185935
0.0185941
0.0185934
0.0185933
0.0189386
0.0185943
0.0185934
0.0189385
0.0189392
0.0185934
0.0185932
0.0185939
0.0189391
0.0185935
0.0185934
0.0185934
0.0185923
0.0185937
0.0185933
0.0185932
0.0189382
0.0185931
0.0185923
0.0185929
0.0185933
0.0185937
0.018593
0.0185931
0.0185933
0.0189381
0.0185937
0.018938
0.0185934
0.018593
0.0185932
0.0185935
0.018593
0.0185931
0.0185932
0.018593
0.0185929
0.0189389
0.0185936
0.0189385
0.0185943
0.0185932
0.0185941
0.0185931
0.0185934
0.0182603
0.0185939
0.0185927
0.0189388
0.0185938
0.0185936
0.0185938
0.018594
0.0185933
0.018594
0.0189388
0.0185934
0.0185928
0.018939
0.0185935
0.0185931
0.0189386
0.0185936
0.0189381
0.018593
0.0185926
0.0185939
0.0185926
0.0189385
0.0189378
0.0192964
0.0189391
0.0185934
0.0185933
0.0185933
0.0185928
0.0185934
0.0185939
0.0185937
0.0185941
0.0185935
0.0185936
0.0185942
0.0185938
0.0185935
0.0185941
0.0185933
0.0185927
0.0185935
0.0185929
0.0182596
0.0185935
0.0185934
0.0185935
0.0185937
0.0185938
0.0189374
0.0189385
0.0185936
0.0185938
0.0185935
0.0185932
0.0185934
0.0189387
0.0185938
0.018939
0.0185936
0.0185927
0.018594
0.0185934
0.0185929
0.0185936
0.0185935
0.0189382
0.018593
0.0185928
0.0189386
0.018593
0.0185935
0.0185935
0.018592
0.018593
0.0185931
0.0189384
0.018939
0.0185937
0.0189391
0.0185939
0.0185934
0.0185927
0.0189389
0.0185934
0.0185933
0.0189384
0.0185927
0.018594
0.018939
0.0185936
0.0185936
0.0185938
0.0185938
0.0185934
0.0189384
0.0185929
0.0185935
0.0185934
0.0189391
0.0189382
0.0189387
0.0185927
0.0189384
0.0185935
0.0185933
0.0185933
0.0185937
0.0189386
0.0185933
0.018593
0.0189385
0.0185939
0.0185937
0.0185939
0.0189385
0.0185936
0.0185938
0.0185938
0.0185935
0.0185927
0.018593
0.0185927
0.0185924
0.0189383
0.0185928
0.0189387
0.0185933
0.0185937
0.0185927
0.0185933
0.0185931
0.0185936
0.0185934
0.0185934
0.0185927
0.0189385
0.018594
0.0185937
0.0185938
0.0185946
0.0185934
0.0185937
0.0185933
0.0185929
0.0189389
0.0192971
0.0189389
0.0185938
0.0185936
0.0185934
0.0189391
0.0185933
0.0185935
0.0189383
0.0189392
0.0185936
0.018593
0.0189389
0.018594
0.0189384
0.0185934
0.0185936
0.0185936
0.0185935
0.0185943
0.018594
0.0185932
0.0185922
0.0185936
0.0185938
0.0185929
0.018594
0.0185936
0.018939
0.018594
0.0185937
0.0185936
0.0189385
0.0185935
0.0185939
0.0185925
0.0185937
0.0185933
0.0185931
0.0185936
0.0189395
0.0185932
0.0185937
0.0185934
0.018593
0.0185927
0.0185935
0.0189379
0.018593
0.0189385
0.0192969
0.0189384
0.0189387
0.0185931
0.0185937
0.0185934
0.0185932
0.0185935
0.0189378
0.0185937
0.0185933
0.0185942
0.0185938
0.0185929
0.0185933
0.0185928
0.0185933
0.0185931
0.0189391
0.018594
0.0185931
0.018593
0.0189388
0.0185932
0.0185938
0.0185938
0.0185937
0.0189389
0.0189386
0.0185937
0.0185933
0.0189389
0.0185934
0.0185934
0.0185932
0.0185935
0.0185943
0.0185938
0.0185938
0.0185934
0.0185937
0.0189381
0.0192964
0.0189391
0.018594
0.0185938
0.0185919
0.0185931
0.0185938
0.0185931
0.0185931
0.0189386
0.018594
0.0185937
0.0185935
0.0189388
0.0185938
0.0185933
0.0185932
0.0189385
0.0185935
0.0185927
0.018594
0.0185933
0.0185939
0.0189389
0.0189384
0.0185934
0.0185931
0.018593
0.0185935
0.0185934
0.0189385
0.0185927
0.0185935
0.0185938
0.0189393
0.0192969
0.0189381
0.0185939
0.0185943
0.0185939
0.018593
0.0185928
0.0185936
0.0189389
0.0185934
0.0185933
0.0185931
0.0185938
0.018593
0.0189384
0.0189383
0.0185935
0.018593
0.0185938
0.0185933
0.0185934
0.0189376
0.0192971
0.0189378
0.0189379
0.0185929
0.0185935
0.0185939
0.0185933
0.0185934
0.0185936
0.0185937
0.0185935
0.0185934
0.0185936
0.0185931
0.0185933
0.0185936
0.0185934
0.0185935
0.0185925
0.0185936
0.0185937
0.0185939
0.0185935
0.0189378
0.0192973
0.0189384
0.0185923
0.0185923
0.0185927
0.0185928
0.018594
0.0182597
0.0185942
0.0185933
0.0185932
0.0189389
0.0185933
0.0185932
0.0185936
0.0189395
0.0189393
0.0189387
0.0189372
0.0185936
0.018593
0.0185934
0.0185932
0.0185932
0.0185936
0.0185937
0.0189388
0.0185932
0.0185935
0.0185927
0.0185933
0.0185938
0.0185936
0.0189382
0.0185937
0.018594
0.0185928
0.0185932
0.0189381
0.0185936
0.0185939
0.0189384
0.0185937
0.0185936
0.0185934
0.0185937
0.01826
0.0185934
0.018938
0.0185938
0.0189387
0.0185937
0.0185933
0.0185931
0.018593
0.0185939
0.0189376
0.0185935
0.0185934
0.0185937
0.0185937
0.0189386
0.0185928
0.0185935
0.0189384
0.0185933
0.0185932
0.0185934
0.0185933
0.0185926
0.0189385
0.0185929
0.0185924
0.0185932
0.0189384
0.0185933
0.0185934
0.0185929
0.0185937
0.0185936
0.0189385
0.0185937
0.0185939
0.0185933
0.0185933
0.0185936
0.018593
0.0189388
0.0185933
0.018593
0.0189383
0.0185931
0.0185932
0.0185937
0.0185932
0.0185922
0.0189387
0.0189389
0.0185935
0.0189383
0.0189385
0.0185925
0.018593
0.0185934
0.0189387
0.0185933
0.018593
0.0185928
0.0185931
0.0185933
0.0185932
0.0185924
0.0189388
0.0185936
0.0185935
0.0185934
0.0185934
0.0185934
0.0185935
0.0185929
0.0185944
0.0185935
0.0185939
0.0185929
0.0185931
0.0185939
0.0185935
0.0185931
0.0185922
0.0185933
0.0185936
0.0185937
0.018593
0.0185932
0.0189389
0.0185924
0.0189382
0.0185934
0.018594
0.0185936
0.0185934
0.0185935
0.0185935
0.0185937
0.0189386
0.0185941
0.0185937
0.0189386
0.0192974
0.0189386
0.0189389
0.0185932
0.0185934
0.0185935
0.0189374
0.0185939
0.0185935
0.0185928
0.0189383
0.0185936
0.0185936
0.0185939
0.0182607
0.0185938
0.0185943
0.0185925
0.0185935
0.0185927
0.0189387
0.0189389
0.0185932
0.0185936
0.0185935
0.0185938
0.0185942
0.018939
0.0189388
0.0185934
0.0185933
0.0185938
0.0189388
0.0185937
0.0185939
0.0185934
0.0185922
0.0185933
0.0185933
0.0185938
0.0185932
0.018939
0.0185935
0.0185938
0.0189386
0.0185931
0.0185929
0.0185928
0.0185929
0.0189384
0.0185936
0.0185935
0.0185933
0.0185941
0.0185916
0.0185926
0.0185924
0.018593
0.0185939
0.0189401
0.0189391
0.0185934
0.0185934
0.0189384
0.0189386
0.0185934
0.0185941
0.0185934
0.0185934
0.018593
0.0185931
0.0185934
0.0185942
0.0185932
0.018594
0.0185935
0.0189391
0.0185939
0.0189388
0.0185934
0.0185924
0.0189388
0.0185933
0.0185936
0.0185941
0.0185935
0.0185933
0.0185927
0.0189381
0.0185932
0.018593
0.0185937
0.0189388
0.0185934
0.018939
0.0185935
0.0185933
0.0185935
0.0185931
0.0185936
0.0185929
0.0189379
0.0185938
0.0185937
0.0185937
0.0185938
0.0185937
0.0185927
0.0185928
0.0185935
0.0185932
0.0185939
0.0185934
0.0189385
0.018939
0.0185938
0.0185932
0.0185935
0.0185939
0.0185943
0.0185937
0.0185934
0.0185934
0.0185937
0.0185929
0.018594
0.0185932
0.0189391
0.0185931
0.0185933
0.018593
0.0185922
0.0185935
0.0182603
0.0185935
0.0189374
0.0185936
0.0185929
0.0185928
0.0189388
0.0185933
0.0185927
0.0185934
0.0185934
0.0185925
0.0185932
0.0185937
0.0189391
0.019297
0.0189392
0.0185939
0.0185933
0.0185936
0.0185939
0.0185935
0.0185944
0.018593
0.0189387
0.0185935
0.0185935
0.0185933
0.0185938
0.0189385
0.0189383
0.0185931
0.0189387
0.0185934
0.0185934
0.0185936
0.0185938
0.0189383
0.0185932
0.0185936
0.0189387
0.0185934
0.018594
0.0185939
0.0185932
0.0189385
0.0185939
0.0185929
0.0185946
0.0189386
0.0185939
0.018594
0.0189383
0.0189389
0.0189386
0.0185934
0.0189382
0.0192963
0.0189385
0.0185934
0.0182604
0.0185938
0.0185932
0.0185936
0.0185935
0.0185942
0.018594
0.0189385
0.0185938
0.0185935
0.0185939
0.0185934
0.0185929
0.0189383
0.0185939
0.0185937
0.0185937
0.0185942
0.0185933
0.0185934
0.0185929
0.018938
0.0185938
0.0185934
0.0185932
0.0185928
0.0185931
0.0185937
0.0185931
0.0189387
0.0185938
0.0185935
0.0185935
0.0185937
0.0185938
0.0185937
0.0185935
0.018593
0.0185928
0.0189383
0.0189386
0.0185932
0.018593
0.0185933
0.0185935
0.0189383
0.0185934
0.0185931
0.0185932
0.0189393
0.0185928
0.0185936
0.018939
0.0185931
0.0185939
0.0185937
0.0185933
0.018593
0.0185939
0.0185932
0.0185935
0.0185925
0.0185939
0.0185928
0.0189391
0.0185935
0.0185936
0.0185935
0.018593
0.0185933
0.0185935
0.0182607
0.0185931
0.0185927
0.0189384
0.0185934
0.0189388
0.0189385
0.0189383
0.018594
0.0185933
0.0185934
0.018594
0.0185936
0.018593
0.0185935
0.018939
0.018593
0.0185937
0.0185937
0.0185935
0.0185934
0.0185938
0.0185938
0.0185933
0.0189389
0.0185939
0.0185937
0.0185944
0.018594
0.0185937
0.018594
0.0189379
0.0185932
0.0189382
0.0185935
0.0185941
0.0185938
0.0185937
0.0185937
0.018594
0.0185937
0.0185941
0.0189385
0.0185929
0.0185938
0.0185935
0.0185939
0.0189392
0.0185931
0.0185933
0.0185937
0.0185938
0.0185936
0.0185937
0.0185932
0.018594
0.0185939
0.0185938
0.0189385
0.0185932
0.0185936
0.0189393
0.0189389
0.0185933
0.0185935
0.0189387
0.0185927
0.0185932
0.0185938
0.0189382
0.0192966
0.0189391
0.0189388
0.0185938
0.0185927
0.0185931
0.0185933
0.0185937
0.0185931
0.0185936
0.018594
0.0185934
0.0185932
0.0185938
0.0185931
0.0185937
0.0185934
0.018594
0.0185941
0.0185933
0.0185939
0.0185929
0.0189377
0.0185928
0.0185935
0.018592
0.0185934
0.0185938
0.0185934
0.0185935
0.018593
0.0189395
0.0185934
0.0185941
0.0185938
0.0185931
0.0185937
0.0185935
0.0185932
0.0189394
0.0185933
0.0185935
0.0185934
0.0185934
0.0185936
0.0185939
0.0185937
0.0185935
0.0185939
0.018594
0.0185929
0.0182597
0.0185921
0.0189392
0.0185935
0.0185929
0.0185938
0.0185929
0.0189386
0.0185935
0.018593
0.0185935
0.0185934
0.0185939
0.0185937
0.0185923
0.0185932
0.018593
0.0185939
0.0185932
0.0185921
0.0185931
0.0185939
0.0185937
0.0185931
0.0185935
0.0185932
0.0185934
0.018594
0.0185937
0.0185937
0.018594
0.0189386
0.018593
0.0185937
0.0185935
0.018938
0.0185939
0.0185932
0.0182609
0.0185937
0.0185932
0.0182604
0.0185932
0.0185934
0.0185935
0.0185932
0.0189383
0.0192965
0.0189376
0.0185932
0.0185934
0.0185937
0.0185936
0.0185935
0.0185937
0.0185938
0.0185936
0.0185936
0.0185932
0.0185934
0.0185943
0.0185921
0.0185936
0.0185937
0.0185933
0.0189388
0.0185937
0.0185942
0.0185934
0.018261
0.0185936
0.0189387
0.0185936
0.0185935
0.0189385
0.0185932
0.018594
0.0185935
0.0185933
0.0185932
0.0185937
0.0185939
0.0185935
0.0185936
0.0189385
0.0185934
0.0185934
0.0185939
0.0185934
0.0185934
0.0185938
0.018939
0.0185938
0.0185932
0.0185941
0.0185928
0.0185933
0.0185931
0.0185935
0.0185934
0.0185937
0.0185931
0.0185933
0.0185933
0.0189385
0.0185935
0.0185938
0.0185932
0.0185933
0.0185935
0.018594
0.0185941
0.0185936
0.0185932
0.0189391
0.0185939
0.0185942
0.0185933
0.0185938
0.0185935
0.0185941
0.0185931
0.0185923
0.0185925
0.0182597
0.0185939
0.0185939
0.0185933
0.0185928
0.0185941
0.0189389
0.0189385
0.0185939
0.0185935
0.0182599
0.0185932
0.0189386
0.0185938
0.018594
0.0185934
0.0189384
0.0185929
0.018594
0.018594
0.0185932
0.0185931
0.0185933
0.0185937
0.0189384
0.0185939
0.0189387
0.0189382
0.0185939
0.0185935
0.0185924
0.0185932
0.0189378
0.0185924
0.0185934
0.0185936
0.0185933
0.0189387
0.0185932
0.018593
0.0185923
0.018939
0.0185938
0.0185931
0.0185936
0.0185937
0.0185936
0.018594
0.0189388
0.0189386
0.0185927
0.0189378
0.0185921
0.0185911
0.0189386
0.0189386
0.018939
0.0185937
0.0185931
0.0185939
0.0189386
0.0189387
0.0185934
0.0185937
0.0185937
0.0185937
0.0189388
0.018594
0.0189394
0.0185937
0.0185934
0.0185927
0.0189384
0.018593
0.0185935
0.0185937
0.0185937
0.0182605
0.0185935
0.0185941
0.0185934
0.0185932
0.0189384
0.0185936
0.0185938
0.0185935
0.0185931
0.0185936
0.0185927
0.0185937
0.0185941
0.0185935
0.0189384
0.0185925
0.0185936
0.0189391
0.0185932
0.0185932
0.0189388
0.0189386
0.0189388
0.0189388
0.0189387
0.0185936
0.0185933
0.0185937
0.0185932
0.0189389
0.0185931
0.0185939
0.0182604
0.0185936
0.018593
0.0185933
0.0185942
0.0185936
0.0189387
0.0185934
0.0185941
0.0185941
0.0185938
0.0189381
0.018593
0.0185942
0.0185929
0.0185941
0.0189386
0.0185941
0.0185934
0.0189388
0.0185928
0.0189386
0.0189381
0.0189386
0.0185931
0.0185937
0.0185937
0.0189381
0.0185934
0.0185936
0.0189378
0.0185938
0.0189387
0.0185932
0.0189385
0.0185936
0.0185936
0.0185938
0.0185937
0.018939
0.0185937
0.0185943
0.0185936
0.0185941
0.0185928
0.018594
0.0185937
0.0189389
0.0185941
0.0185932
0.0185934
0.0189385
0.0185931
0.0182601
0.018594
0.018594
0.018593
0.0185937
0.018593
0.0185939
0.0185935
0.0185938
0.018594
0.0185926
0.0185936
0.0189391
0.0185934
0.0185933
0.0185935
0.0185929
0.0185928
0.0185933
0.0189382
0.0192969
0.0189384
0.0185937
0.0185933
0.0185936
0.0185936
0.0185934
0.0182605
0.0185932
0.0185934
0.0185939
0.0185928
0.0185936
0.0185932
0.0185936
0.0185932
0.0189384
0.0189385
0.0185934
0.0185935
0.0185938
0.0185929
0.0189379
0.0185934
0.0185929
0.0185933
0.0189378
0.0189376
0.0192969
0.0189387
0.0185932
0.0189388
0.018939
0.0185932
0.0185935
0.0185934
0.0185935
0.0185939
0.0189388
0.0185934
0.018593
0.0189392
0.0189387
0.0185934
0.0185934
0.0185939
0.0185939
0.0185938
0.0185933
0.0185929
0.0185932
0.0185934
0.0185937
0.0185935
0.0185934
0.0185933
0.018259
0.0185935
0.0189386
0.0189387
0.0185932
0.0185938
0.0185939
0.0185935
0.0185937
0.0185937
0.0185935
0.0189388
0.0185944
0.0185945
0.0185936
0.0185934
0.0185931
0.0185938
0.0189387
0.0185924
0.0185932
0.0185936
0.0185934
0.0185931
0.018593
0.0185931
0.0185936
0.0185936
0.0185929
0.0185934
0.0185932
0.0185934
0.0182601
0.0185938
0.0189384
0.0189385
0.0189392
0.018593
0.0185933
0.0185928
0.0185935
0.0185931
0.0185932
0.0185936
0.0185934
0.018594
0.018939
0.0189389
0.0185929
0.0185936
0.0185938
0.0185944
0.0189384
0.0185928
0.0185928
0.018593
0.0185943
0.018939
0.0192964
0.0189388
0.0185932
0.0185931
0.0185934
0.0185927
0.0185935
0.0185928
0.0185937
0.0185938
0.0185936
0.0189384
0.0185933
0.0185926
0.0185926
0.0189385
0.018594
0.0185929
0.0185927
0.0185936
0.0185935
0.0185939
0.0189391
0.0185935
0.0185943
0.0185941
0.0185935
0.0185936
0.0185941
0.0185933
0.0189387
0.0185931
0.0185935
0.0185936
0.0185935
0.0185936
0.0185934
0.0185932
0.0185924
0.0185933
0.0185939
0.0185927
0.0189384
0.0185934
0.0185926
0.0182605
0.0185933
0.018594
0.0185936
0.0185934
0.0189392
0.0185929
0.0185939
0.0185941
0.0189382
0.0185939
0.0189382
0.0185936
0.018594
0.0185939
0.0189386
0.0189386
0.0185934
0.0189391
0.0185928
0.0185932
0.0189387
0.0185935
0.0185936
0.0185934
0.0185933
0.0185934
0.0185936
0.0189384
0.018593
0.0185931
0.0185931
0.0185931
0.0185931
0.0189383
0.0192969
0.0189391
0.0185935
0.0185931
0.0185936
0.0185934
0.0185937
0.0185933
0.0185937
0.0185931
0.0185933
0.0185935
0.0185939
0.0185933
0.0185934
0.0185938
0.0185935
0.0185932
0.0185941
0.0185933
0.0185936
0.0185937
0.0185934
0.018594
0.0185926
0.0185933
0.0189384
0.018593
0.0185934
0.0185939
0.0185934
0.0185941
0.0189387
0.0185937
0.0185935
0.0185936
0.0189389
0.0185938
0.018593
0.0189388
0.0185931
0.0185935
0.0185937
0.0189385
0.0192967
0.0189387
0.0185933
0.0185937
0.018593
0.018938
0.0185939
0.0185936
0.0189384
0.0185933
0.0185933
0.0189378
0.0185933
0.0182603
0.0185937
0.0185936
0.0185935
0.0185935
0.0189387
0.0189381
0.0185935
0.0185931
0.0185933
0.0185935
0.0185923
0.0185932
0.0185932
0.0189388
0.0185927
0.0185938
0.0189392
0.0189388
0.0185938
0.0185932
0.0189374
0.0192961
0.0189389
0.0185932
0.0185934
0.0185931
0.0185938
0.0189386
0.0185938
0.0189388
0.0185934
0.0185925
0.0182608
0.0185932
0.0185936
0.0185932
0.018594
0.0185939
0.0185939
0.0185937
0.0189388
0.0185933
0.0189385
0.0185936
0.0185938
0.0189389
0.0185935
0.0185935
0.0185928
0.0185937
0.0185937
0.0189384
0.0185935
0.0185932
0.0185934
0.018594
0.0185931
0.0189389
0.0185938
0.0185935
0.0185936
0.0185936
0.0185941
0.0185935
0.0185923
0.0185939
0.0185934
0.0189389
0.0185926
0.0185932
0.0189383
0.018593
0.0189384
0.0189387
0.0189385
0.0185931
0.0189389
0.0185935
0.0185938
0.0185933
0.0185934
0.0185934
0.0189386
0.0185934
0.0189389
0.0185938
0.0185933
0.0185937
0.0185935
0.0185928
0.0185929
0.0185931
0.0189379
0.0189389
0.0185935
0.0189381
0.0185927
0.0185934
0.0189382
0.0185936
0.0185937
0.0185926
0.0185929
0.0185935
0.0189385
0.0185936
0.0185933
0.0185938
0.018939
0.0185938
0.0185936
0.0185938
0.0189383
0.0189386
0.0185935
0.0185933
0.0185933
0.0185939
0.0185938
0.018593
0.0185921
0.0185935
0.018593
0.018593
0.0185934
0.0185929
0.018594
0.018594
0.0185936
0.0185929
0.0185937
0.0185938
0.0185932
0.0185936
0.0185923
0.018593
0.0185937
0.0185936
0.0185933
0.0185935
0.0185937
0.0185939
0.0185937
0.0185934
0.0185934
0.0185931
0.0185931
0.0185933
0.018594
0.0185934
0.0189387
0.0185929
0.0185937
0.0185933
0.0185933
0.0185932
0.0189386
0.0185935
0.0185927
0.0185931
0.0189392
0.0185938
0.0185939
0.0185934
0.0185939
0.0189386
0.0185939
0.0185933
0.0189385
0.0185935
0.0185941
0.0185931
0.0185931
0.0185936
0.0185927
0.0185927
0.0185921
0.0185934
0.0185937
0.0185929
0.0185937
0.0185936
0.0185936
0.0185936
0.0185939
0.0182602
0.0185937
0.0185934
0.0185937
0.018594
0.0185933
0.0185931
0.0189376
0.018938
0.0189384
0.0185935
0.0185937
0.018593
0.018593
0.0185931
0.0185932
0.0185937
0.0185933
0.0185933
0.0189383
0.0185931
0.0185929
0.0185933
0.0185934
0.0185939
0.0189384
0.0185933
0.0185933
0.0189387
0.0185939
0.0185937
0.018593
0.018594
0.0185939
0.0185939
0.0185931
0.0185931
0.0189388
0.0185937
0.0185934
0.0185927
0.0189378
0.0189384
0.0185937
0.0189373
0.0185935
0.0185935
0.0189382
0.0189389
0.0189383
0.0185931
0.0185933
0.0185931
0.0185938
0.0189383
0.0185928
0.0185935
0.0185939
0.0185937
0.0185937
0.0185931
0.0189383
0.0189382
0.018594
0.0189392
0.0189382
0.0185935
0.018592
0.018593
0.0185935
0.0185925
0.0185941
0.0185932
0.0185936
0.018593
0.0185938
0.0182599
0.0185939
0.0185937
0.0185936
0.0185935
0.0185933
0.0185932
0.0185944
0.0185934
0.0185934
0.0185933
0.0185932
0.0189386
0.0189393
0.0185936
0.0185933
0.0185929
0.0185938
0.018594
0.0185933
0.0189391
0.019297
0.0196689
0.0200474
0.0196604
0.0192885
0.0192813
0.0192881
0.0192815
0.0192814
0.0196454
0.0192889
0.0196529
0.0192893
0.019289
0.0192893
0.0192808
0.0192814
0.0192891
0.019282
0.0196447
0.0192889
0.0192804
0.019281
0.0192816
0.0196456
0.0196532
0.0192891
0.0192888
0.0192816
0.0192816
0.019281
0.0192812
0.0196526
0.0196451
0.0192813
0.0192814
0.0192884
0.0192809
0.0192891
0.0192884
0.0196452
0.0192814
0.019645
0.0192816
0.0192813
0.0196448
0.0192812
0.0192815
0.0192812
0.0196532
0.0196603
0.0192873
0.0196452
0.0192808
0.0196519
0.0192887
0.0192813
0.019281
0.0192818
0.0192808
0.0192812
0.0196446
0.0192811
0.0192812
0.0192811
0.0192809
0.0196464
0.0192883
0.019288
0.0192815
0.019645
0.0196529
0.0192812
0.0192813
0.0192808
0.0192811
0.0196447
0.0192814
0.0192811
0.019645
0.0192809
0.0192809
0.019281
0.0192822
0.0192816
0.0192815
0.0192815
0.0192815
0.0192821
0.019289
0.0192811
0.0192812
0.0192818
0.0192816
0.0196449
0.0196451
0.0196455
0.0192886
0.0196456
0.019282
0.0192807
0.0192811
0.0192812
0.0192886
0.0192805
0.0192814
0.0196522
0.0192822
0.0192731
0.0192819
0.019281
0.019282
0.0196446
0.0192895
0.0192806
0.0196452
0.0192813
0.0192806
0.0192888
0.0192813
0.0192809
0.0192814
0.019281
0.019281
0.0196447
0.0192808
0.0192812
0.0192887
0.0192813
0.0196521
0.0192809
0.0192818
0.019281
0.0192815
0.0192886
0.0192888
0.019644
0.0200307
0.0196451
0.0192813
0.0196445
0.0192803
0.0196436
0.0196453
0.0192817
0.0192816
0.0192889
0.0196611
0.0196532
0.0192808
0.0192877
0.0192809
0.0192893
0.0196454
0.0192887
0.0192816
0.0196454
0.0192811
0.01928
0.0196525
0.0192818
0.0192811
0.0192888
0.0192816
0.0192816
0.0192818
0.0192818
0.0192813
0.0192812
0.0192815
0.0196455
0.0192815
0.0192881
0.0192816
0.0192889
0.0192886
0.0192816
0.0192811
0.0196533
0.0192821
0.0192816
0.019281
0.0192808
0.0192805
0.0196449
0.0192815
0.019289
0.0196453
0.0196525
0.0192809
0.0192816
0.0192887
0.0192816
0.0189308
0.0192813
0.0196534
0.0200385
0.0196527
0.019281
0.0192811
0.019289
0.0192805
0.0192732
0.0192815
0.0192806
0.0192803
0.0196441
0.0196525
0.0196455
0.0192893
0.019282
0.0196534
0.0192808
0.019645
0.0192883
0.0192809
0.0192814
0.0192887
0.0196447
0.0200311
0.0196447
0.0192808
0.0196448
0.0192815
0.0192814
0.0196449
0.0192816
0.0196444
0.0192813
0.0192812
0.019645
0.019645
0.0196454
0.0192889
0.0192803
0.019645
0.0192814
0.0192881
0.0192805
0.0196449
0.0196439
0.0192812
0.019281
0.0192888
0.0192809
0.0196525
0.0192816
0.0192817
0.0192812
0.0192808
0.019289
0.0192884
0.0192815
0.0192809
0.0192877
0.0192802
0.0196434
0.0192802
0.0192889
0.0196529
0.0192808
0.0196522
0.0196525
0.0192814
0.0196451
0.0192808
0.0196453
0.0196532
0.0200303
0.0196443
0.0192816
0.019281
0.0192813
0.019282
0.0192816
0.019281
0.0192813
0.0196448
0.0192888
0.0192809
0.0192816
0.0192812
0.0192815
0.0189304
0.0192811
0.0196453
0.0192813
0.0192815
0.0192807
0.0192815
0.0192811
0.0196453
0.0196456
0.0196527
0.0192809
0.0192808
0.0196444
0.0192815
0.0192815
0.0192806
0.0192795
0.0192814
0.0192891
0.0192815
0.0192892
0.0192888
0.0192803
0.0192886
0.019281
0.0192888
0.0196602
0.0196524
0.019281
0.019281
0.0192815
0.0192886
0.0192812
0.0192889
0.0192877
0.0196533
0.0192818
0.0192816
0.0192892
0.019652
0.0192808
0.0192811
0.0196443
0.0200304
0.0196529
0.0192816
0.019653
0.0192815
0.019282
0.0192883
0.0192808
0.0192813
0.0192812
0.0192812
0.019289
0.0192885
0.0192806
0.0192806
0.0192879
0.0192819
0.0192886
0.0192812
0.0192889
0.0196452
0.0196449
0.0192889
0.019645
0.0196449
0.0196443
0.0196447
0.0192807
0.0196437
0.0200314
0.0196447
0.0192815
0.0192808
0.019289
0.0196451
0.0192808
0.0192815
0.0196451
0.02003
0.0196442
0.0192809
0.0196451
0.0192891
0.0192881
0.0192811
0.0192807
0.0196448
0.0192814
0.0192818
0.0196454
0.0192813
0.0192812
0.0192801
0.0189286
0.0192815
0.0196453
0.0192801
0.0192882
0.0192811
0.0192815
0.0192807
0.0192818
0.0192889
0.0192889
0.0192815
0.0192814
0.0192812
0.0192891
0.0192816
0.0192738
0.0192815
0.0192811
0.0192889
0.0196455
0.0192809
0.0192814
0.0196454
0.0196448
0.0192816
0.0192815
0.0192811
0.0192813
0.0192812
0.0192808
0.0192817
0.0192731
0.019281
0.0192809
0.0196445
0.0192811
0.0192815
0.0192815
0.0192889
0.019645
0.0196454
0.0192888
0.0192884
0.0192891
0.0196602
0.0192871
0.0192807
0.0192815
0.0192885
0.0192814
0.0196449
0.0192813
0.0192882
0.0192892
0.0196451
0.0192887
0.0192892
0.0196446
0.0192887
0.0192814
0.0196446
0.0192893
0.0196453
0.0192887
0.0196447
0.0192885
0.0192805
0.0192886
0.0196589
0.0196529
0.0192886
0.0192888
0.0196606
0.0192883
0.0192811
0.0192816
0.019289
0.0192817
0.019281
0.0192811
0.0192882
0.0196604
0.0192875
0.019281
0.0192817
0.0192886
0.0192815
0.0192885
0.0192808
0.0192888
0.019289
0.0192886
0.019281
0.019281
0.0196448
0.0196448
0.0192811
0.0192809
0.0196451
0.0192812
0.0192817
0.0192887
0.019282
0.0192807
0.01928
0.0192894
0.0192813
0.0192814
0.0192811
0.0192811
0.0192804
0.0192813
0.0192815
0.0192819
0.0192816
0.0192817
0.019289
0.0192811
0.0192806
0.0192816
0.0196454
0.0192812
0.0192812
0.0196526
0.0192809
0.019288
0.0192891
0.0192809
0.0196452
0.0192815
0.0189304
0.019281
0.0196445
0.0196441
0.0192804
0.0192815
0.0192809
0.0196525
0.0192807
0.0192888
0.0196449
0.0192816
0.0192804
0.0192814
0.0196452
0.0192893
0.0196452
0.0192817
0.0192819
0.0192816
0.0196442
0.019281
0.0192818
0.0192815
0.019289
0.0192817
0.0192819
0.019645
0.0192807
0.0192822
0.0192813
0.0192816
0.019281
0.0192812
0.0192815
0.019288
0.0192894
0.0196607
0.0192873
0.0192811
0.0192892
0.0192811
0.0196448
0.0196447
0.0192812
0.0196445
0.0192812
0.0192889
0.0192816
0.0192812
0.0192809
0.019645
0.0196448
0.0192889
0.0192806
0.0192814
0.0196525
0.0192891
0.0196454
0.019273
0.0192808
0.0192817
0.0192812
0.0192889
0.0192813
0.0192818
0.0192812
0.0192886
0.0192813
0.0192811
0.019653
0.0192894
0.0192822
0.0192819
0.019289
0.0192813
0.0192888
0.0192818
0.0196451
0.0192886
0.019645
0.0196448
0.0192812
0.0192817
0.0192814
0.0192816
0.0196443
0.0192812
0.0196528
0.0192813
0.0192815
0.0192796
0.0192812
0.019281
0.0192889
0.0192811
0.0192882
0.0192806
0.0196452
0.0192814
0.0192815
0.019645
0.0192805
0.0192886
0.0192893
0.0196607
0.019289
0.0192887
0.0192806
0.0192809
0.0192814
0.0196449
0.0192808
0.0192815
0.0196455
0.0192809
0.0196525
0.019645
0.0192886
0.019281
0.0196528
0.0192892
0.019645
0.0192814
0.0192807
0.0192888
0.019281
0.0189311
0.0192812
0.0192819
0.0192817
0.0192811
0.0192817
0.0192812
0.0192818
0.0192887
0.0196606
0.0192888
0.0192814
0.0192814
0.0196535
0.0192818
0.0196532
0.0192816
0.0192817
0.0192817
0.0192812
0.0192811
0.0192883
0.0196608
0.0192885
0.0196448
0.0192816
0.0196452
0.0196454
0.0200311
0.0196443
0.0192811
0.0192815
0.0192889
0.0192816
0.0192816
0.0192813
0.0192809
0.0192815
0.0192805
0.0192886
0.0196453
0.0192888
0.019653
0.0196447
0.0192811
0.0192811
0.0192807
0.0192884
0.0192802
0.0196522
0.0192891
0.0192892
0.0192814
0.019281
0.0192814
0.0192813
0.0192815
0.0192813
0.0192812
0.0192807
0.0192814
0.0192889
0.0192809
0.0192816
0.0192815
0.0192814
0.0192812
0.0192888
0.0192893
0.0192808
0.0196454
0.0192812
0.018931
0.0192814
0.0192885
0.0196442
0.0192806
0.0196448
0.0192885
0.0196526
0.0196446
0.020031
0.0196447
0.0192818
0.0192818
0.0196452
0.0192812
0.0192883
0.0192815
0.0192812
0.0192816
0.0192805
0.0192811
0.019281
0.0196526
0.0196449
0.0192883
0.0192812
0.0192818
0.019289
0.0192889
0.0192808
0.0192811
0.0192817
0.0196449
0.0192808
0.0192891
0.0192818
0.0192888
0.0192891
0.0192889
0.0196454
0.0192813
0.0192808
0.0189307
0.0192806
0.0196521
0.0192891
0.0192812
0.0192816
0.0192811
0.0196448
0.0192809
0.0192808
0.0192881
0.0192815
0.0192818
0.0192889
0.0192886
0.019281
0.0192813
0.0192812
0.0192814
0.0192798
0.0196441
0.0196452
0.019653
0.0196528
0.0192889
0.0192888
0.0192813
0.0196455
0.0192883
0.0192815
0.0196452
0.0196447
0.0192813
0.0189303
0.0192811
0.0192807
0.0196445
0.0192816
0.0196443
0.0196445
0.0192813
0.0192813
0.0192815
0.0192809
0.0192809
0.0192882
0.0192888
0.0192814
0.0192818
0.0192887
0.0192893
0.019281
0.0196449
0.0200301
0.0196447
0.0192819
0.0192816
0.0192816
0.019281
0.0192802
0.0196452
0.0196451
0.0192813
0.019645
0.0192815
0.019281
0.0192815
0.0192816
0.0196447
0.0196448
0.0192814
0.0192817
0.0196453
0.0192812
0.0189301
0.0192815
0.0196442
0.0192815
0.0196521
0.0192812
0.0192812
0.0192815
0.0192807
0.019645
0.0192816
0.0192809
0.0192811
0.0192813
0.0192805
0.0192814
0.0189308
0.0192814
0.0192814
0.0196449
0.0192888
0.0196527
0.0192809
0.0192877
0.0192816
0.0192815
0.0192815
0.0196447
0.0196444
0.0192817
0.0192805
0.0192894
0.019289
0.0196607
0.0192891
0.0192886
0.0192809
0.0192806
0.0192811
0.0192813
0.0192817
0.0192814
0.0192813
0.0192881
0.0192812
0.0192813
0.0192891
0.019282
0.0192814
0.0192891
0.0192815
0.0196524
0.0192818
0.0192815
0.019281
0.0196448
0.0192808
0.0192798
0.0192815
0.0192876
0.0189303
0.0192882
0.019281
0.0192816
0.0196533
0.0192814
0.0192811
0.0192817
0.019289
0.0192808
0.0192814
0.0192813
0.0192813
0.0192887
0.0192808
0.0192816
0.0192816
0.0196453
0.0192808
0.0196457
0.0192816
0.0192812
0.0192814
0.0192814
0.0192887
0.0192816
0.0192807
0.01928
0.0192814
0.0192816
0.0196449
0.0192796
0.0196449
0.0192806
0.0192809
0.0196439
0.0192816
0.0192815
0.0196442
0.019281
0.0192884
0.0196444
0.0192811
0.0196452
0.0192815
0.0192815
0.0192884
0.0192816
0.0192809
0.0192892
0.0192812
0.0192888
0.0192887
0.0192802
0.0192811
0.0192814
0.0192813
0.0192812
0.0196446
0.0200299
0.0196443
0.0200305
0.0196528
0.019282
0.0192885
0.0192807
0.0192814
0.0192816
0.0192813
0.0192813
0.0196529
0.0192807
0.0192809
0.0196449
0.019282
0.0192808
0.0196447
0.0192813
0.0192807
0.0192813
0.0192808
0.0192808
0.0192805
0.0192885
0.0192789
0.019281
0.0192803
0.0192812
0.0192813
0.019645
0.0192813
0.0192814
0.0192812
0.0192808
0.0192889
0.019281
0.0192815
0.019281
0.0189306
0.0192815
0.0192806
0.0192884
0.0192807
0.0192895
0.0192815
0.0192813
0.0192807
0.0192887
0.019281
0.0196533
0.0192802
0.019288
0.0196453
0.0192815
0.0192887
0.0192806
0.0192817
0.0192822
0.0192887
0.0192819
0.0192892
0.0192811
0.0189304
0.0189309
0.019281
0.0192818
0.0196527
0.0192815
0.0192807
0.0192725
0.0192818
0.0192813
0.0192813
0.0196453
0.0192812
0.0192819
0.0192811
0.0192812
0.0196453
0.019281
0.0192815
0.0196451
0.0192807
0.0196447
0.0196453
0.0192813
0.0192815
0.0192809
0.0192802
0.0192812
0.0192886
0.0192813
0.0192814
0.0196528
0.0192814
0.0196451
0.019281
0.0192813
0.0192813
0.0192889
0.0196605
0.0192884
0.0192806
0.0192815
0.0192815
0.0192816
0.0196442
0.0196449
0.0196446
0.0192815
0.0192889
0.019289
0.0192813
0.0192816
0.0192816
0.0196442
0.0192886
0.0192888
0.0192815
0.0192814
0.0192811
0.0192811
0.0192814
0.0196448
0.0192815
0.0192881
0.0192892
0.0196452
0.0200299
0.0196452
0.0196447
0.0192814
0.0192814
0.0192888
0.0192814
0.0192886
0.0192888
0.0196523
0.0192892
0.0196599
0.0192887
0.0192811
0.0192818
0.0192807
0.0192808
0.019281
0.0192808
0.0196445
0.0192813
0.019281
0.0192888
0.019281
0.0192816
0.0192819
0.0192815
0.0192818
0.0196456
0.0192894
0.0196533
0.0196529
0.0192812
0.0192811
0.0192815
0.0192818
0.0192892
0.0196603
0.0192885
0.0192808
0.0192816
0.0192868
0.0192888
0.01966
0.0192883
0.019653
0.0192812
0.0192812
0.0192893
0.0196445
0.019288
0.0192875
0.0192889
0.0192889
0.0192807
0.0192811
0.0192886
0.0192818
0.0196519
0.0192808
0.0192809
0.019281
0.019281
0.0196441
0.0192814
0.0196528
0.0196607
0.0192888
0.0196533
0.0192885
0.0196454
0.0192811
0.0192888
0.0192814
0.0196443
0.0192815
0.0189309
0.0192814
0.0192806
0.0196453
0.0192888
0.0192895
0.0196529
0.0196452
0.0196525
0.0192884
0.0196608
0.0196523
0.0192809
0.0192813
0.0192815
0.0192815
0.0192818
0.0192877
0.0192891
0.0192817
0.019281
0.0192885
0.0192885
0.0192814
0.0196453
0.0192814
0.0192808
0.0192812
0.0192811
0.019289
0.0192815
0.0192816
0.0192816
0.0192811
0.019289
0.0192817
0.0192814
0.0192817
0.0192815
0.0192813
0.0192822
0.0192889
0.019653
0.0192816
0.019282
0.019281
0.0192802
0.0192807
0.0192808
0.0192814
0.0192816
0.0192811
0.0192814
0.0192807
0.0192811
0.0192816
0.0192818
0.0192813
0.0192886
0.0192813
0.0192818
0.0192811
0.0196456
0.0192812
0.0192821
0.0192811
0.019288
0.0196445
0.0192811
0.0192814
0.0192817
0.0192816
0.0192817
0.0192808
0.0192813
0.0192801
0.0192811
0.0192814
0.0196449
0.0196453
0.0192815
0.0192821
0.0192811
0.0196454
0.0192814
0.0196445
0.0192808
0.0192814
0.0192811
0.0192811
0.019645
0.0192809
0.0196452
0.0192808
0.0192809
0.0192807
0.0192891
0.0192815
0.019281
0.0192813
0.0192811
0.0192816
0.0196455
0.0192804
0.0196451
0.0192883
0.0192808
0.0192815
0.0196451
0.0192811
0.019289
0.0192886
0.0196448
0.0192891
0.0196609
0.0192875
0.019281
0.0192811
0.0196448
0.0192809
0.0192883
0.0192816
0.0192819
0.0192883
0.0192804
0.0192812
0.0192809
0.0196449
0.0192886
0.0196603
0.0192893
0.0192815
0.0192815
0.0192814
0.0192818
0.019645
0.0192813
0.0192811
0.0196449
0.0192817
0.0192889
0.0196447
0.0192889
0.0192817
0.0192812
0.0192891
0.0192811
0.0192813
0.0192812
0.0192812
0.019281
0.0192814
0.0192885
0.0192819
0.0192815
0.0192812
0.0192802
0.0192812
0.0192814
0.0192816
0.0192811
0.0192816
0.0192808
0.0192823
0.0192813
0.0192814
0.019281
0.0192813
0.0192815
0.0192818
0.0192813
0.0196453
0.019289
0.0192816
0.0196448
0.0192891
0.0196449
0.0192812
0.0196528
0.0196454
0.0192812
0.0192893
0.0196446
0.0192808
0.0192811
0.0192803
0.0192814
0.0192888
0.0192817
0.0192815
0.0192819
0.0192812
0.0192877
0.0192814
0.0192812
0.0192805
0.0192816
0.0192811
0.0192815
0.0192814
0.019644
0.0192885
0.0192811
0.0192808
0.0192807
0.0192806
0.019282
0.0196447
0.019281
0.0196447
0.0192814
0.0196454
0.0192888
0.0196608
0.0196528
0.0196522
0.0196451
0.0192818
0.0192802
0.0192808
0.019281
0.0192814
0.0192819
0.0192815
0.0196527
0.0192887
0.0192881
0.0196453
0.0192887
0.0192814
0.0192895
0.0192877
0.0192818
0.0196528
0.0200306
0.0196441
0.019645
0.0192805
0.0196432
0.0192796
0.0192809
0.0196452
0.0196454
0.0192814
0.0192806
0.0192813
0.0192812
0.0192811
0.0192809
0.0192815
0.0192889
0.0192815
0.0192812
0.0192808
0.0196525
0.0192895
0.019282
0.0192808
0.0192736
0.0196448
0.0196526
0.0196598
0.0192888
0.0192811
0.0192887
0.0196529
0.0192811
0.0192812
0.0192887
0.0196453
0.0192815
0.0192814
0.0192892
0.0196449
0.0192817
0.019281
0.0196531
0.019281
0.019281
0.0192882
0.0192805
0.0196452
0.0192891
0.0192884
0.0192883
0.0192888
0.0192814
0.0192812
0.0196449
0.0196445
0.0200311
0.0196451
0.0192892
0.0192813
0.0192886
0.0192811
0.0192891
0.0192811
0.0192889
0.0196532
0.0192811
0.019281
0.0192812
0.0192814
0.0192891
0.0196451
0.019282
0.0192888
0.0196597
0.0192886
0.0192814
0.0196449
0.019281
0.0192811
0.0192807
0.0196448
0.019645
0.0192813
0.0196451
0.019282
0.0192809
0.019281
0.019281
0.0192894
0.0196519
0.0192887
0.0196607
0.0196527
0.0200312
0.019653
0.0192811
0.0192815
0.0192895
0.0192815
0.0196452
0.0192815
0.0196531
0.0192817
0.0192813
0.0196448
0.0192806
0.0192807
0.0192813
0.0192806
0.0196452
0.0196448
0.0192889
0.019281
0.019645
0.0196451
0.0192818
0.0192812
0.0192813
0.0196447
0.0196447
0.0196448
0.019281
0.0192889
0.0196448
0.0192811
0.0192813
0.0192814
0.0192888
0.0189304
0.0192888
0.0196451
0.0196455
0.0192814
0.0192811
0.0196533
0.0192885
0.0192815
0.0192895
0.0192818
0.0192884
0.0192815
0.0192814
0.0192815
0.0192895
0.019645
0.0192811
0.0192884
0.0192887
0.0196451
0.0192806
0.0189301
0.019281
0.0192816
0.0196446
0.0200309
0.019645
0.0196444
0.019654
0.019289
0.0196447
0.0192811
0.0192892
0.019289
0.0192811
0.0192809
0.0192816
0.0192888
0.0196522
0.0192806
0.0196455
0.0192892
0.0192817
0.0192812
0.0192811
0.0196526
0.0196521
0.0192812
0.0196524
0.0196442
0.0200299
0.0196448
0.0192813
0.0196452
0.0192817
0.0192887
0.0196451
0.0192889
0.0192886
0.0192888
0.0196453
0.0200309
0.0196449
0.0192811
0.0192815
0.0192811
0.01928
0.0192812
0.0196447
0.0192881
0.0192816
0.0192812
0.0192809
0.0192813
0.0192814
0.0192809
0.0192891
0.0196451
0.0192814
0.0192817
0.0192808
0.0192816
0.0192884
0.0192893
0.0192896
0.0192888
0.0196431
0.0196448
0.0192815
0.0192886
0.0192882
0.0192806
0.0192815
0.0192815
0.0192814
0.0192883
0.0192817
0.0196524
0.0192811
0.019653
0.0196453
0.0196452
0.0192823
0.0196451
0.0192801
0.0196452
0.019282
0.0192814
0.0192813
0.0192818
0.0192889
0.0192814
0.0192884
0.019289
0.0192813
0.019281
0.019289
0.0192811
0.019289
0.0192887
0.0192813
0.0196447
0.0192814
0.0192887
0.0196445
0.0192818
0.0192812
0.0192802
0.0196519
0.0196531
0.0192888
0.0196438
0.0196448
0.019644
0.0192812
0.0196445
0.0196445
0.0192814
0.0192811
0.0192816
0.0192812
0.0192813
0.0192809
0.0192815
0.0192888
0.0192891
0.0192888
0.0192814
0.0192889
0.0192811
0.0192814
0.0192805
0.0192888
0.019281
0.0192806
0.0192809
0.0196436
0.0196446
0.0192807
0.0192815
0.019281
0.0192801
0.0196448
0.0196443
0.0192811
0.0192809
0.01928
0.0192813
0.0192816
0.0192887
0.0192815
0.0196445
0.0196446
0.0192889
0.0192809
0.0196449
0.0196448
0.0192814
0.0192876
0.0192807
0.0196444
0.0192812
0.0192887
0.0192815
0.0192818
0.0192817
0.0192815
0.0192812
0.0192805
0.0192881
0.0192815
0.0192808
0.0196447
0.0192809
0.0196531
0.0192816
0.0192814
0.0192814
0.0192882
0.0192811
0.0192813
0.0192814
0.0192803
0.0192888
0.019281
0.0192813
0.0192814
0.0192817
0.0192815
0.0192807
0.0192877
0.0196453
0.0192809
0.0196449
0.0192815
0.0196526
0.0192819
0.0192819
0.0196446
0.0192888
0.019281
0.0192812
0.0192885
0.0192886
0.0192894
0.0192813
0.0192811
0.0192806
0.0192814
0.0196441
0.0192817
0.019645
0.0192814
0.0192897
0.0192883
0.0192818
0.0196458
0.0192882
0.0192814
0.0192815
0.0192811
0.0192814
0.0196442
0.0192818
0.0192815
0.0192811
0.019289
0.0196609
0.0192886
0.0192815
0.0192809
0.0196525
0.0192809
0.0192891
0.0192894
0.0196531
0.0196443
0.0196454
0.0192812
0.0196451
0.0200311
0.0196452
0.019645
0.0192805
0.0192742
0.0192816
0.0192811
0.0192811
0.0196531
0.0192808
0.0192887
0.0192813
0.019281
0.0192814
0.0192815
0.0192817
0.0192808
0.0192821
0.0192892
0.0192806
0.0192818
0.0192815
0.0192817
0.0192815
0.0196527
0.0192816
0.0196525
0.0192813
0.0192813
0.0192811
0.0196451
0.0192884
0.019645
0.0192819
0.0192812
0.0192818
0.0192812
0.0192886
0.019281
0.0192813
0.0196453
0.019281
0.0192811
0.0192894
0.0196526
0.0192817
0.0192816
0.0192813
0.0192816
0.0192813
0.0192806
0.0192808
0.019289
0.0192811
0.0192812
0.0192814
0.0192813
0.0192814
0.0192816
0.0192878
0.0196447
0.0192885
0.0192811
0.0192815
0.0196456
0.0192812
0.0192813
0.0192889
0.0192887
0.0192815
0.0192896
0.0196449
0.0192812
0.0192813
0.0192812
0.0192884
0.0192812
0.0196453
0.0192817
0.0192811
0.0192814
0.0192815
0.0192806
0.0192804
0.0189307
0.0192811
0.0192815
0.0196447
0.0192809
0.0192812
0.0192815
0.0192889
0.0192889
0.0192813
0.0192817
0.0192896
0.0192808
0.0196529
0.0192813
0.0192816
0.0192814
0.0196448
0.0192815
0.0192807
0.0192803
0.0192809
0.0196449
0.0196454
0.0192891
0.0196452
0.0192817
0.019282
0.0192816
0.0192822
0.0192804
0.0192813
0.0196439
0.0196446
0.0192811
0.0192812
0.0192808
0.0192889
0.0196525
0.0196602
0.019653
0.0192813
0.0192891
0.0192813
0.0192817
0.0192815
0.0196528
0.0192886
0.0192886
0.0192813
0.0196451
0.0200309
0.0196529
0.0192814
0.0192812
0.0192809
0.0196527
0.0200306
0.0196446
0.0192888
0.0196523
0.0192817
0.0192811
0.019281
0.0192816
0.0192814
0.0192888
0.0196606
0.0192886
0.0196525
0.0196439
0.0200303
0.0196443
0.0192814
0.0196529
0.0192815
0.0192817
0.0196458
0.0192818
0.0196455
0.0192812
0.0192807
0.0192814
0.0196449
0.0192811
0.018931
0.0192818
0.0192886
0.0192818
0.0196451
0.0196456
0.0192814
0.0192812
0.0192809
0.0192811
0.0196445
0.0192811
0.0192812
0.0192813
0.0192816
0.0192809
0.0196526
0.0192818
0.0192817
0.0196525
0.0192814
0.0196454
0.0192811
0.0192808
0.0196528
0.0192803
0.0192809
0.0192887
0.0192895
0.0192819
0.019282
0.0192889
0.0192813
0.0192815
0.019281
0.0189307
0.0192816
0.019289
0.0196607
0.0192888
0.0192802
0.019289
0.0192809
0.0192816
0.0192888
0.0196439
0.0192878
0.0192811
0.0192811
0.0192809
0.0196443
0.0192816
0.0196448
0.0192818
0.0192816
0.0192892
0.0196448
0.0200302
0.0204322
0.0208236
0.0204064
0.0200065
0.0203729
0.0199911
0.0199909
0.0199911
0.0199912
0.0200076
0.020007
0.0199911
0.0199908
0.0203901
0.0199904
0.0199909
0.0199906
0.019622
0.0199912
0.0199909
0.0203906
0.0199899
0.0200068
0.0200069
0.0203741
0.0199908
0.0200071
0.0199912
0.0200057
0.0196216
0.0199918
0.0199742
0.0199902
0.0200068
0.0199909
0.019991
0.0200068
0.0200071
0.0199914
0.0199914
0.0199912
0.0203739
0.0199913
0.0200066
0.0204071
0.0200064
0.0199916
0.0199908
0.0199893
0.0200055
0.0203741
0.0199906
0.0199909
0.0199909
0.0203913
0.0199909
0.0199905
0.019991
0.0203908
0.019991
0.0199911
0.019991
0.0199913
0.0200053
0.0203899
0.0204059
0.0200069
0.0200072
0.0203734
0.0199912
0.0199907
0.0199914
0.0199909
0.0199907
0.0196206
0.0199902
0.0199913
0.0196064
0.0196219
0.0199916
0.0199911
0.0199902
0.019991
0.0199908
0.0199914
0.0200056
0.020007
0.0203738
0.0199899
0.0199913
0.0199907
0.0199907
0.0199909
0.0203739
0.0199908
0.0199903
0.0199911
0.0199908
0.0199912
0.019991
0.0203737
0.0207881
0.0203739
0.0200073
0.0199904
0.0199908
0.0199912
0.0200055
0.0199913
0.0199915
0.0199916
0.019992
0.019991
0.0199912
0.0199908
0.0199906
0.0199909
0.0199908
0.0200076
0.0199912
0.0199912
0.0199913
0.019991
0.0200068
0.0199905
0.0203739
0.0199911
0.0199905
0.0199906
0.0199914
0.0199916
0.0199908
0.0200073
0.0200065
0.0203736
0.0203736
0.0199912
0.0199915
0.0199912
0.0199919
0.0199908
0.0199744
0.0203737
0.0199906
0.0199908
0.020374
0.0199909
0.0199911
0.0199912
0.0199907
0.0200075
0.0199903
0.019991
0.0200067
0.0203739
0.0203909
0.0199917
0.019991
0.0199913
0.0199916
0.0203739
0.0199911
0.0199901
0.0199907
0.0199892
0.020007
0.0204068
0.0200073
0.0199911
0.0199916
0.0199908
0.0199903
0.0199911
0.0199909
0.0203734
0.0199909
0.0199904
0.0199906
0.0199911
0.0200075
0.0199914
0.0203736
0.0199886
0.0203736
0.0199899
0.0199908
0.0199907
0.0199904
0.0199903
0.0203746
0.0199911
0.0203731
0.0199902
0.0199905
0.0203736
0.020788
0.0203736
0.0199913
0.0203741
0.0203739
0.0199913
0.0199911
0.0199911
0.0200063
0.0199914
0.0203741
0.0199901
0.0199904
0.0199909
0.0199913
0.0200072
0.0204065
0.020007
0.0199914
0.0203735
0.0199908
0.019622
0.0199914
0.0199909
0.0196226
0.0199909
0.0203731
0.0207887
0.020373
0.0199902
0.0199909
0.0196223
0.0199908
0.0203741
0.0199916
0.0203741
0.0200067
0.0199908
0.0200071
0.0200066
0.0199902
0.0199913
0.0199748
0.0199746
0.0199902
0.0199904
0.0199915
0.0199917
0.0203733
0.0200066
0.0200069
0.0200058
0.0200068
0.0204064
0.0200068
0.0199904
0.019991
0.0199909
0.0199907
0.0199911
0.0199907
0.0199902
0.0199911
0.01999
0.0199914
0.0199914
0.0199914
0.0199911
0.0199913
0.0203906
0.0199911
0.0199895
0.0199909
0.0199906
0.0200074
0.0199906
0.0200069
0.0199906
0.0203743
0.0203905
0.0203742
0.0199902
0.0199916
0.0203728
0.020373
0.019991
0.0199909
0.0199918
0.0199912
0.0199911
0.0200071
0.0204073
0.0200069
0.0200064
0.0199897
0.0203736
0.0203902
0.0199909
0.0199917
0.0199916
0.0199911
0.0199911
0.0199912
0.0203734
0.0199909
0.0200073
0.0203906
0.0200071
0.0203741
0.020007
0.0199907
0.019991
0.0199916
0.0200065
0.0200069
0.0203735
0.0200074
0.0199908
0.0199912
0.019991
0.0199915
0.0199909
0.0199909
0.0199894
0.0199912
0.0199913
0.0199913
0.0203737
0.019991
0.0199894
0.0199902
0.0199908
0.0203737
0.0200075
0.0203737
0.0203742
0.0200079
0.0199904
0.0199913
0.0199914
0.0199907
0.019991
0.020374
0.020374
0.0203741
0.0199911
0.0199914
0.020007
0.0199913
0.0200075
0.0199915
0.0199905
0.019991
0.0199915
0.0200067
0.0203736
0.0203901
0.0200059
0.0199911
0.0200066
0.0199907
0.0199907
0.0196215
0.0199908
0.0199909
0.0199915
0.0199907
0.0203905
0.0199905
0.0199905
0.0199908
0.0203904
0.0199903
0.0203731
0.0199906
0.0199914
0.019991
0.0199905
0.0199905
0.0199905
0.0203729
0.0199912
0.0199906
0.0199915
0.0200069
0.0203732
0.0199906
0.0199911
0.0199907
0.0199912
0.0200057
0.0199911
0.0199907
0.0199901
0.0200073
0.0199916
0.0199908
0.0199911
0.019991
0.0199914
0.0199911
0.0199902
0.0200072
0.0199906
0.0203738
0.0203739
0.0203731
0.0199909
0.0199911
0.0199913
0.0200076
0.0199917
0.0199912
0.0203735
0.0199733
0.0199907
0.020007
0.0200074
0.0199909
0.0196216
0.019975
0.019991
0.0200073
0.0199908
0.0199913
0.0199911
0.019991
0.0199908
0.0199915
0.0199753
0.019991
0.0199909
0.0199907
0.0199902
0.020006
0.0203909
0.0199906
0.0199908
0.0199914
0.019991
0.0200067
0.0203749
0.0199903
0.0203906
0.0199906
0.0199909
0.0203732
0.0199909
0.0199911
0.0199912
0.0203909
0.0199906
0.0203735
0.0199743
0.0199907
0.0199902
0.0199911
0.0199909
0.0203907
0.0203743
0.0199916
0.0196213
0.0200067
0.019991
0.0199906
0.0199905
0.0203741
0.0199915
0.0199914
0.0199908
0.019991
0.019991
0.0199903
0.0203737
0.0199906
0.0199912
0.0199913
0.0200073
0.0204075
0.0200061
0.0199912
0.019991
0.0203741
0.0199907
0.0199915
0.0203732
0.0199913
0.0203907
0.0199916
0.0199911
0.0199902
0.0203742
0.0207887
0.0203736
0.0199909
0.0199909
0.0196217
0.019991
0.020007
0.0199904
0.0199912
0.0203742
0.0199908
0.0199893
0.0199907
0.0199909
0.0203739
0.0200064
0.0199912
0.0199904
0.0199916
0.0199909
0.0199899
0.0199911
0.0199908
0.0199906
0.0199911
0.0199917
0.019991
0.0200072
0.0199907
0.020374
0.0203746
0.0199906
0.0199911
0.0199915
0.020389
0.020391
0.0199907
0.0199908
0.0199904
0.0199906
0.0199907
0.0199905
0.0199903
0.0199911
0.0199905
0.0199903
0.0199916
0.0200076
0.019991
0.0203914
0.0199909
0.0203742
0.0199915
0.0203739
0.019991
0.0199912
0.0199912
0.0199911
0.0199914
0.0199906
0.0203738
0.0199908
0.0199912
0.0199914
0.0200074
0.0196224
0.01999
0.0200072
0.0203742
0.0203739
0.0199911
0.0199906
0.019991
0.0199914
0.0203739
0.0199904
0.0199905
0.0200074
0.0199898
0.0199751
0.0203731
0.0199904
0.0203736
0.0199912
0.019991
0.0199909
0.020007
0.0204063
0.0200068
0.0199908
0.0203728
0.0200073
0.0203734
0.0199913
0.0200068
0.0199911
0.0199909
0.0200066
0.0199895
0.0199917
0.0200071
0.0199903
0.0199911
0.0199914
0.0199911
0.0203905
0.0199908
0.0199912
0.019991
0.0199907
0.0203742
0.0200066
0.0199902
0.0199909
0.0199916
0.0199909
0.0199905
0.0200065
0.0204075
0.0200079
0.0199907
0.0199909
0.0199907
0.0199905
0.0199911
0.0203738
0.0203741
0.0199914
0.0200068
0.0199909
0.0199913
0.0199897
0.0199913
0.0203912
0.0199901
0.0199747
0.0199908
0.0203739
0.0207892
0.0203743
0.0199911
0.0199911
0.0203907
0.0199911
0.0199903
0.0199892
0.0199913
0.0199909
0.0199914
0.0199911
0.0203911
0.0204066
0.0200063
0.0203741
0.0199912
0.0200071
0.0199913
0.020007
0.0199915
0.0200075
0.0199911
0.0199908
0.0199914
0.0199913
0.0200066
0.0199917
0.0199913
0.0199915
0.02039
0.0199906
0.0199907
0.0199907
0.019622
0.019991
0.0199907
0.0199917
0.0203739
0.0203737
0.0199905
0.0199917
0.0199905
0.0199906
0.0199901
0.0200067
0.0199904
0.0203742
0.0199913
0.0203912
0.019991
0.0203739
0.0203739
0.0207896
0.0203734
0.0199904
0.0200068
0.019991
0.0200072
0.0200072
0.0199916
0.0203905
0.0199907
0.0199915
0.019991
0.0203734
0.0199908
0.0200071
0.0203741
0.0203735
0.0199913
0.0199908
0.0199904
0.0199907
0.0199904
0.020374
0.0199911
0.0203741
0.0199914
0.019991
0.0199918
0.0199902
0.0203733
0.0199917
0.0196218
0.0199911
0.0199905
0.019991
0.0199909
0.0200078
0.0203738
0.0207891
0.0203908
0.0199912
0.0200075
0.0199901
0.019991
0.0199914
0.0199915
0.0199903
0.0199915
0.0199912
0.0199907
0.0203741
0.0207894
0.020374
0.0199912
0.0199899
0.0199908
0.0199912
0.0199903
0.019991
0.0199915
0.0200072
0.0200071
0.0199912
0.0199916
0.0199912
0.0203739
0.0199909
0.0199914
0.020374
0.0199913
0.0199899
0.0199902
0.0200074
0.0199912
0.0199907
0.0203733
0.0199908
0.0199746
0.0199911
0.0199912
0.019622
0.0199913
0.0199917
0.0199907
0.0203897
0.0199908
0.0203741
0.0199914
0.0199917
0.0199912
0.0199913
0.0196211
0.0199911
0.0200078
0.0199915
0.019991
0.0203914
0.0199909
0.0199912
0.0199912
0.0196223
0.0196219
0.0200077
0.0199913
0.0199911
0.0199899
0.0199907
0.0199911
0.0203901
0.0199909
0.0199906
0.0203738
0.0203735
0.0199907
0.0203748
0.0199908
0.0199902
0.0199908
0.0199917
0.0199912
0.0199915
0.0199915
0.0199898
0.0199907
0.0199911
0.0199907
0.019991
0.0199908
0.0199902
0.020007
0.0203904
0.0199914
0.0200068
0.0200069
0.0199916
0.0199903
0.0199903
0.0200068
0.0199913
0.0199912
0.0199907
0.0199899
0.0199909
0.0199904
0.0199915
0.020374
0.0199913
0.0199911
0.0199914
0.0199903
0.0200077
0.0199909
0.0203742
0.0199914
0.0203733
0.020789
0.0203736
0.0200072
0.01999
0.0203744
0.0199913
0.0196218
0.0200075
0.0199916
0.0199909
0.019607
0.0199916
0.0199909
0.0199906
0.0203737
0.0199904
0.0199896
0.0203743
0.0199915
0.0199907
0.0200067
0.0199919
0.0203745
0.0199919
0.0199912
0.0199911
0.0199911
0.0199913
0.0200071
0.0199912
0.0199905
0.0199911
0.0199907
0.0199915
0.0199913
0.019991
0.0199907
0.01999
0.0199902
0.0199915
0.0199902
0.0199909
0.0199904
0.0199901
0.0203738
0.0199911
0.0199914
0.0199914
0.0199915
0.0200072
0.0199909
0.019991
0.0203728
0.0207893
0.020373
0.0199904
0.0200072
0.0203748
0.0199912
0.0196215
0.0199906
0.019991
0.0196216
0.019991
0.0200067
0.0199912
0.0200075
0.0199908
0.0196207
0.0199903
0.0199905
0.0199911
0.0199906
0.0203735
0.0207892
0.0203906
0.0199914
0.019991
0.0200068
0.020374
0.019991
0.0199912
0.0199911
0.019991
0.0199914
0.0200067
0.0204074
0.0200077
0.0199908
0.0199899
0.0199905
0.0199912
0.0203745
0.0199909
0.0200074
0.0199916
0.0199904
0.0199913
0.0199914
0.019991
0.019991
0.0199904
0.0203741
0.0199913
0.0199915
0.0199915
0.0199911
0.0200074
0.0199904
0.0199918
0.0199913
0.0199906
0.0199912
0.0199916
0.0199908
0.0200065
0.0200071
0.020374
0.0199915
0.019991
0.0203897
0.0199905
0.0199912
0.0199919
0.0200067
0.0199913
0.0199905
0.0199908
0.0203742
0.019991
0.0200069
0.0203735
0.0200062
0.0199906
0.0199902
0.0199901
0.0199911
0.0199906
0.0203907
0.0208065
0.0203906
0.0199907
0.0203741
0.019991
0.0199912
0.0199916
0.0203741
0.0200077
0.0203743
0.0200065
0.0200074
0.0200075
0.0203905
0.0199907
0.0199905
0.0199916
0.0199913
0.0199912
0.0199752
0.019991
0.0200056
0.0199913
0.0199913
0.0203737
0.0200065
0.020391
0.0199917
0.0199902
0.0203741
0.0199911
0.0203742
0.0199905
0.0199905
0.0199907
0.0200071
0.0203737
0.0199915
0.0203737
0.0203738
0.0200068
0.0204068
0.020007
0.0199912
0.0203731
0.0199905
0.0199903
0.0199904
0.0200071
0.0199914
0.0199741
0.0199913
0.0199909
0.0199904
0.0199915
0.019992
0.0199908
0.0200076
0.019991
0.0196223
0.0199911
0.0200075
0.0199911
0.0203745
0.0199911
0.0199907
0.0200079
0.0199912
0.0199908
0.019991
0.019622
0.0199914
0.0199911
0.0199905
0.0203739
0.0199896
0.0200061
0.0200073
0.0203736
0.0200059
0.0199897
0.0199907
0.019991
0.0203908
0.020374
0.020391
0.0199912
0.0203744
0.0199912
0.0203906
0.0199917
0.0196222
0.0199909
0.0199917
0.0200076
0.0204073
0.0200069
0.0199909
0.0199912
0.0199906
0.0203741
0.0199914
0.0199906
0.0199906
0.0200065
0.0199907
0.0199913
0.0199904
0.0199907
0.019991
0.0199907
0.019991
0.0200078
0.0199916
0.0199914
0.0199914
0.0199914
0.0199908
0.0199752
0.0199909
0.0199907
0.0199913
0.0199915
0.0199899
0.0199909
0.0196218
0.0199909
0.020007
0.0199912
0.0199908
0.0199911
0.0203745
0.0199906
0.0199911
0.0199908
0.019991
0.0199907
0.0199917
0.0203903
0.0199897
0.0199906
0.0200071
0.0199909
0.0200068
0.0199903
0.0203744
0.0199912
0.0199913
0.0203738
0.0199919
0.0199905
0.0199907
0.0199908
0.0199907
0.0199912
0.0199916
0.0199913
0.0199904
0.0199907
0.0199904
0.0199913
0.0199918
0.0199917
0.0199746
0.0199905
0.0200063
0.0199898
0.0199903
0.0203737
0.0203738
0.0203748
0.0199908
0.0199911
0.0199912
0.0199908
0.0203728
0.0200068
0.0199906
0.0200067
0.0199913
0.0199905
0.0199913
0.0200069
0.0199911
0.019622
0.0199912
0.0199909
0.0199904
0.0199913
0.0200073
0.0196217
0.0200072
0.0199904
0.0200064
0.019991
0.0199907
0.019991
0.0200075
0.0199912
0.0203904
0.0203738
0.019991
0.0199913
0.0199909
0.0200075
0.0199912
0.0199905
0.0199912
0.0199906
0.0199902
0.0199915
0.01999
0.020374
0.0199899
0.0199909
0.0199911
0.0199902
0.0199913
0.0199906
0.0199915
0.0203741
0.0199914
0.0200072
0.019991
0.0199915
0.0199909
0.0199909
0.019991
0.0199898
0.0200075
0.0199915
0.0199914
0.0199913
0.0199905
0.0199907
0.0200061
0.0199908
0.019991
0.0199913
0.0199913
0.0199907
0.020374
0.0199911
0.0199918
0.0199747
0.0199911
0.0199907
0.0199909
0.0200072
0.0203736
0.0200061
0.0203903
0.0199906
0.0199913
0.0199909
0.0200063
0.0199908
0.0199909
0.0200065
0.0199909
0.0203908
0.0203734
0.019991
0.0199905
0.0199918
0.0199914
0.0199915
0.0200057
0.0203736
0.0203909
0.0203736
0.0203746
0.0199905
0.0199906
0.0203733
0.02039
0.0199909
0.0200067
0.0203742
0.0199915
0.0203904
0.020006
0.0199903
0.0200066
0.0199905
0.0203741
0.0207881
0.0203736
0.0199906
0.0199913
0.0200068
0.0203898
0.0199911
0.0203737
0.0203741
0.0199913
0.0199911
0.0196064
0.0199907
0.0199915
0.0199906
0.0199906
0.0199742
0.0199914
0.0199907
0.0200067
0.019991
0.0199902
0.0200071
0.0199912
0.0199737
0.0199905
0.0199909
0.0199908
0.0203899
0.0199906
0.0200074
0.0199906
0.0203739
0.0199907
0.0199912
0.0199915
0.0203909
0.0199913
0.0199909
0.0200072
0.0199905
0.0203909
0.0207892
0.0203739
0.0199907
0.0203901
0.0199902
0.0199746
0.0203748
0.0199913
0.0199912
0.0199905
0.0199906
0.0199911
0.0199914
0.0199909
0.019991
0.0199907
0.0199747
0.0199906
0.0199909
0.0199909
0.0203741
0.0199912
0.0196216
0.019991
0.0199908
0.0199911
0.020007
0.0199915
0.020375
0.0199904
0.02039
0.0199917
0.0200066
0.0203738
0.0199904
0.0203906
0.0203737
0.0200067
0.0199914
0.0199911
0.019991
0.0199901
0.0200072
0.0199917
0.0203742
0.0199903
0.0199906
0.0203916
0.0199911
0.0200066
0.0199914
0.0199912
0.0200069
0.0204072
0.0203913
0.0199911
0.0199906
0.0199908
0.0199905
0.0199912
0.0199912
0.0199746
0.0199915
0.0199905
0.0200063
0.0199916
0.0199905
0.0199914
0.0203741
0.0199899
0.019991
0.0203736
0.0199901
0.0199906
0.0203746
0.0199906
0.01999
0.0199908
0.0199908
0.0203913
0.0199916
0.019991
0.0199913
0.0199913
0.0199914
0.0203742
0.0199914
0.0203891
0.0199901
0.0203737
0.0199913
0.0199917
0.0203731
0.0207888
0.0203744
0.0199908
0.0199908
0.0199901
0.0199916
0.0199913
0.0203736
0.0199906
0.0203734
0.0199908
0.0199912
0.0199909
0.0199913
0.0200069
0.0200065
0.020006
0.0199916
0.0199914
0.0199905
0.019621
0.0199911
0.0199903
0.0199908
0.0203743
0.0199914
0.0203735
0.0199903
0.0199909
0.0199912
0.0199903
0.019991
0.0203732
0.0200067
0.019991
0.0199909
0.0199741
0.0199902
0.01999
0.0200067
0.0199907
0.0196064
0.0199914
0.0200062
0.0203907
0.0200071
0.0199908
0.0199914
0.0199744
0.019991
0.02039
0.0199913
0.0200069
0.0199908
0.0199912
0.0199913
0.0199913
0.0199914
0.0199911
0.0200069
0.0204078
0.0200068
0.0199914
0.0199917
0.019991
0.0200077
0.0203908
0.0199908
0.0199911
0.0199914
0.0200063
0.0199906
0.0199912
0.0199906
0.0199912
0.0199908
0.0203905
0.0199918
0.0199907
0.0199912
0.0199905
0.0199746
0.0199904
0.0199905
0.0199909
0.0199909
0.0199914
0.0200066
0.0200074
0.0199906
0.0199907
0.0199911
0.0196215
0.0200072
0.0199912
0.0203739
0.0199903
0.0199917
0.0199912
0.0199918
0.0200066
0.0199913
0.0199913
0.0199918
0.0196226
0.0199909
0.0199912
0.019991
0.0203741
0.0203741
0.0199908
0.0203732
0.0200071
0.0203735
0.0199909
0.019991
0.0200075
0.0199908
0.0203741
0.0199915
0.0199746
0.0199914
0.0203901
0.0199905
0.0199906
0.0199911
0.0199904
0.0199908
0.019973
0.019991
0.01999
0.0200071
0.0199912
0.0203735
0.0203743
0.0199909
0.0200063
0.0203734
0.0203906
0.0208064
0.0203905
0.0199908
0.0203735
0.0199909
0.0199907
0.019974
0.0199901
0.0199911
0.0199906
0.0200076
0.0200072
0.0203902
0.0199908
0.020374
0.019991
0.0199913
0.0203737
0.0203742
0.0199907
0.0203733
0.0199919
0.0200078
0.0199913
0.019974
0.0199911
0.0196216
0.0199899
0.0200073
0.0203743
0.0207884
0.0203743
0.0200066
0.0203898
0.0203901
0.0199909
0.0199912
0.0200067
0.0199913
0.0199749
0.0199911
0.0199907
0.0199908
0.0199908
0.0199745
0.0199908
0.0203736
0.0199902
0.0199914
0.0199906
0.0203737
0.0203737
0.0199911
0.0199907
0.0200077
0.0199912
0.0199744
0.0199909
0.0199908
0.0199902
0.0200068
0.020407
0.020007
0.0199911
0.020007
0.0199911
0.0199912
0.0199912
0.0199901
0.0199904
0.0203737
0.0199897
0.0199911
0.0199911
0.0199907
0.0199904
0.0199905
0.0199905
0.0199906
0.0200071
0.019991
0.0199912
0.0199911
0.019991
0.019991
0.0199901
0.0199903
0.0203739
0.0199892
0.019991
0.0199912
0.0199906
0.019991
0.0199911
0.0199908
0.020007
0.0199905
0.020374
0.0199913
0.0200071
0.0199913
0.0203737
0.020007
0.0199903
0.0199905
0.0199914
0.0203746
0.0199916
0.019991
0.0199905
0.0199906
0.0199916
0.0199909
0.0199913
0.0199912
0.0199911
0.0199915
0.0199906
0.0199907
0.0196221
0.0199907
0.0200069
0.0199912
0.0199912
0.0199912
0.0196214
0.0199911
0.0199917
0.0199908
0.0199888
0.0199906
0.0199905
0.0199914
0.0199908
0.019991
0.0199914
0.0199907
0.0203732
0.0200074
0.0203737
0.0199905
0.0199906
0.0203737
0.0199908
0.0199917
0.0199916
0.0200071
0.0199908
0.0199907
0.0203902
0.0204075
0.0200062
0.0199906
0.0196227
0.0199915
0.0196219
0.0200071
0.0199899
0.0199914
0.019991
0.0199916
0.0203739
0.0203738
0.0199913
0.0203741
0.0199913
0.0199915
0.0203745
0.0199915
0.0199747
0.0199915
0.0203737
0.0199907
0.0199913
0.020007
0.019991
0.0203905
0.019991
0.0199908
0.0196219
0.0199912
0.019991
0.0199899
0.0203736
0.0203739
0.0207889
0.0203911
0.0199902
0.0199917
0.0199914
0.0199907
0.0199911
0.019991
0.0199906
0.019991
0.0199908
0.0199913
0.0199911
0.0200065
0.0199905
0.0199909
0.0199917
0.0200072
0.0199894
0.0203904
0.0199907
0.0199899
0.0203725
0.0200063
0.01999
0.0203745
0.020374
0.0199903
0.0199905
0.0199913
0.0199914
0.0196222
0.0199903
0.0199912
0.0199906
0.0199908
0.0199913
0.0196217
0.0199911
0.0203735
0.0199903
0.0199909
0.0199907
0.0199909
0.01999
0.0196215
0.0200061
0.0199905
0.0200069
0.0199908
0.0203745
0.0199911
0.0199914
0.0199909
0.0203738
0.0200078
0.019991
0.0203749
0.0199914
0.0203747
0.0203737
0.0199902
0.0199904
0.0203741
0.020007
0.0199902
0.0203899
0.0199908
0.0199903
0.019991
0.0199907
0.0199893
0.0203735
0.0207886
0.020374
0.0199744
0.0199908
0.0199903
0.0199907
0.0200069
0.0199898
0.0203739
0.0200068
0.0199915
0.0199906
0.0200072
0.0199901
0.0200074
0.0203738
0.0199904
0.0199913
0.0199906
0.0199916
0.0199908
0.0199907
0.0199912
0.0199893
0.0199913
0.0203738
0.0203739
0.0199911
0.0199904
0.0203903
0.019991
0.0199915
0.0199912
0.0199906
0.0203734
0.0199903
0.0203904
0.0199914
0.0199913
0.0203904
0.01999
0.0199908
0.019991
0.0199907
0.019991
0.0199904
0.0203743
0.0200066
0.019991
0.0199915
0.0203738
0.0199909
0.0199908
0.0199908
0.0199914
0.020007
0.0196209
0.0199909
0.0199908
0.019991
0.0199906
0.0199914
0.0203747
0.0199907
0.0203739
0.0207881
0.0203738
0.0199749
0.019991
0.0199905
0.019991
0.0203739
0.019991
0.0199909
0.02039
0.0199907
0.0199908
0.0199913
0.0200069
0.0199915
0.019991
0.0199915
0.0200067
0.0199911
0.0200068
0.0200069
0.019991
0.0200071
0.0199911
0.0203737
0.0203901
0.0199896
0.0199908
0.020374
0.020007
0.020374
0.0199907
0.0199915
0.0199901
0.0203739
0.0199918
0.0199911
0.0203741
0.0199905
0.0199909
0.0199907
0.01999
0.0199904
0.0199912
0.0199908
0.0199911
0.019991
0.0199901
0.0203735
0.0203743
0.0199903
0.0199908
0.0200065
0.0200072
0.0199912
0.0203739
0.0203906
0.0203909
0.0199916
0.0199912
0.0200068
0.0199916
0.0200065
0.0199911
0.0199905
0.0200074
0.0199906
0.0199915
0.0199903
0.0199913
0.0196217
0.0199909
0.0199911
0.0196225
0.0199907
0.0199911
0.020007
0.0203905
0.0199911
0.0200072
0.0199914
0.0199916
0.0199911
0.0199913
0.0199914
0.019991
0.0203731
0.0203908
0.0199905
0.0196221
0.0199907
0.0199912
0.019991
0.0199905
0.0199892
0.0199911
0.0199749
0.0199918
0.0199911
0.020007
0.0199906
0.0203735
0.0200077
0.0199915
0.0203746
0.0199912
0.019991
0.0199915
0.0199917
0.0199906
0.0200079
0.0199913
0.0199905
0.0199913
0.0200075
0.0199918
0.0199908
0.0199915
0.0199917
0.0200072
0.0199913
0.0200069
0.0199911
0.0199902
0.0200058
0.019991
0.0199907
0.0200072
0.0199905
0.0199904
0.0199901
0.019991
0.020374
0.0203741
0.0199914
0.0203739
0.020374
0.0199911
0.0199908
0.0199914
0.0199915
0.0203737
0.019991
0.0203737
0.0207877
0.0212213
0.0216252
0.0211763
0.0207466
0.02072
0.0207213
0.0211235
0.0211234
0.0207463
0.0207205
0.0207193
0.0207195
0.0207195
0.0207197
0.0207191
0.0207464
0.0207202
0.0207198
0.021123
0.0207202
0.0211228
0.02072
0.0207197
0.0203324
0.0207207
0.0207202
0.0207462
0.0211768
0.0207459
0.0207201
0.0206942
0.0207198
0.0207465
0.0207207
0.0207207
0.0207206
0.0207207
0.020721
0.0211232
0.0207206
0.0207196
0.0207205
0.020721
0.0207202
0.020721
0.0207207
0.0207205
0.0207199
0.0207201
0.0207205
0.021123
0.0206939
0.0207199
0.0207461
0.0207202
0.0207465
0.02072
0.0207202
0.0206935
0.0207204
0.02072
0.0207468
0.0207204
0.0207213
0.0207205
0.0207197
0.0207203
0.0207203
0.0207201
0.0211227
0.0207187
0.0207202
0.0207204
0.020721
0.0211231
0.0206941
0.0207207
0.0207205
0.0207195
0.0207212
0.020721
0.020721
0.02072
0.0211236
0.0207209
0.0211505
0.0207194
0.0207197
0.0207186
0.0211233
0.0211228
0.0207201
0.0207466
0.0207205
0.0207466
0.0207209
0.0207202
0.0211227
0.0215694
0.0211233
0.0207194
0.0207201
0.0207461
0.0207203
0.0211229
0.020721
0.0207204
0.0207197
0.0207197
0.02072
0.020746
0.0207199
0.0207198
0.021123
0.0207206
0.0207461
0.02072
0.020719
0.0207461
0.0207199
0.0207452
0.0207208
0.0211235
0.0207206
0.0203327
0.0207204
0.0207207
0.0211234
0.0207202
0.0207209
0.020747
0.0207194
0.0207201
0.0211233
0.0207209
0.0211239
0.0207205
0.0207204
0.0207201
0.0211491
0.0207199
0.0207202
0.0207209
0.0207202
0.0207205
0.0207465
0.0207198
0.02072
0.02072
0.02072
0.0211236
0.0207206
0.0207196
0.0207198
0.0207472
0.0211238
0.0211228
0.0207214
0.0211228
0.0211235
0.0211233
0.0207208
0.020721
0.0207194
0.0207204
0.02072
0.0203311
0.0207466
0.0207208
0.0203321
0.0207209
0.0207195
0.0207211
0.021124
0.0207457
0.0207194
0.0207208
0.021123
0.0207206
0.0207203
0.0207209
0.0207204
0.0207196
0.0211508
0.0211232
0.02115
0.0207207
0.0207204
0.0207209
0.0211237
0.0207463
0.0207201
0.0207203
0.02072
0.0207211
0.0207208
0.0206951
0.021123
0.0206934
0.0211233
0.0207204
0.020746
0.0207201
0.020746
0.0207198
0.0207209
0.0207203
0.0207205
0.0211233
0.021123
0.0207203
0.0207209
0.0207191
0.0207205
0.0207202
0.0207187
0.0207202
0.0207462
0.0207208
0.020721
0.0207199
0.0207199
0.0207462
0.0207204
0.0207202
0.0211229
0.02072
0.0207212
0.0207212
0.0206947
0.0211228
0.0211228
0.020721
0.0206941
0.0207195
0.0207204
0.0211231
0.0207201
0.0207205
0.0207206
0.0207204
0.020721
0.0207199
0.0207206
0.0207198
0.0207192
0.0207203
0.0207213
0.0207463
0.0207201
0.0211231
0.0207206
0.0207462
0.0207192
0.0207204
0.0207211
0.0211232
0.0207203
0.0207205
0.0207207
0.0207202
0.0207458
0.0207208
0.0207464
0.0207463
0.0211236
0.0211233
0.0207204
0.0211222
0.0207458
0.0207209
0.0207199
0.020719
0.020721
0.0207207
0.0207205
0.02072
0.0207198
0.0207193
0.020721
0.0211236
0.0207203
0.0207207
0.0207469
0.0207207
0.0211229
0.0207186
0.0207202
0.0207199
0.021124
0.0207205
0.0211497
0.0207207
0.0206945
0.0207206
0.0207208
0.0211236
0.0207198
0.020721
0.02072
0.0207207
0.0207464
0.02072
0.0207202
0.0207201
0.0207204
0.0206942
0.0207196
0.0207204
0.021124
0.0207208
0.0207472
0.0207202
0.0207209
0.0207203
0.02072
0.0207211
0.0211509
0.0207206
0.0207472
0.0207202
0.0207195
0.020721
0.0207198
0.021122
0.0207201
0.0207194
0.021123
0.0207464
0.0207205
0.02072
0.020721
0.0207461
0.0211229
0.0207212
0.0207207
0.0207202
0.0207203
0.02115
0.0211229
0.0215696
0.0211231
0.0211235
0.0211227
0.0207207
0.0211232
0.0215696
0.0211231
0.020695
0.02072
0.0203307
0.0203314
0.0207204
0.0207193
0.0207203
0.0207205
0.0207464
0.0207212
0.0207206
0.0207458
0.021122
0.0207207
0.0207195
0.0207201
0.0207202
0.0211227
0.020694
0.0207205
0.0211212
0.0211501
0.0207205
0.0207204
0.0207207
0.020746
0.0207203
0.0211235
0.0207197
0.0207199
0.0207199
0.0206933
0.0207204
0.0207201
0.0207195
0.0207453
0.02072
0.020721
0.0207207
0.0207203
0.0206937
0.0207208
0.0207469
0.0211771
0.0207463
0.0211231
0.0207205
0.0207207
0.0207209
0.021123
0.0207208
0.0207205
0.0207199
0.0207206
0.0207447
0.0207205
0.0207211
0.0207201
0.0207201
0.0207204
0.0207208
0.0207208
0.0207217
0.0207468
0.0207203
0.0207207
0.0207207
0.0207202
0.0207193
0.0211234
0.0215695
0.0211498
0.0207201
0.0207207
0.020721
0.0207207
0.020721
0.0207207
0.0211223
0.0207203
0.0211233
0.0207202
0.0207213
0.0211236
0.0207457
0.0207206
0.0207212
0.0207196
0.0207202
0.0207199
0.0207201
0.0211237
0.0207209
0.0207207
0.0207457
0.0207203
0.02072
0.0207203
0.0207207
0.0207207
0.0207203
0.0207456
0.0211235
0.0207465
0.0207208
0.0207207
0.0207203
0.0207202
0.0207211
0.0207202
0.0207203
0.0207207
0.0207458
0.02072
0.0207208
0.0206951
0.0211235
0.0207212
0.0207461
0.020746
0.0211769
0.0207461
0.0207201
0.0207203
0.0207199
0.02072
0.0207197
0.0207204
0.0207204
0.0207198
0.0207203
0.0207199
0.0207204
0.021123
0.0211229
0.0207204
0.0207199
0.0207208
0.0211237
0.0211226
0.0207206
0.020721
0.0207184
0.0207463
0.0207192
0.0207199
0.021123
0.0207208
0.0207199
0.0211503
0.0207207
0.0203331
0.0207207
0.0211241
0.0207464
0.0211229
0.0207451
0.0211224
0.0207465
0.0207463
0.0211499
0.0207204
0.0207204
0.0211223
0.0207204
0.0207467
0.0203325
0.0207209
0.0207204
0.0211234
0.0207209
0.0207206
0.0211235
0.0211229
0.0207203
0.0207201
0.0207465
0.0207203
0.021123
0.0206945
0.0207207
0.0207207
0.0207196
0.0207198
0.0207203
0.0207194
0.0207198
0.0211231
0.0215701
0.0211226
0.0207201
0.02072
0.0207201
0.0207201
0.0207203
0.0207208
0.0211233
0.0215696
0.0211233
0.0207205
0.0207207
0.0207207
0.0207212
0.0207207
0.0211229
0.0207471
0.021123
0.0207213
0.0211504
0.020746
0.0211232
0.0206942
0.0207203
0.0207199
0.0206942
0.0211234
0.0211504
0.021569
0.0211221
0.0207211
0.0211237
0.021123
0.0207198
0.0207199
0.0207199
0.0207206
0.0207208
0.0207205
0.0207202
0.0206937
0.0207205
0.0207207
0.0211224
0.0207201
0.021123
0.0207477
0.0211506
0.021569
0.0211228
0.0207461
0.0207203
0.0207463
0.0207208
0.0207211
0.0207467
0.0207201
0.0207457
0.0207471
0.0207203
0.0207197
0.0207191
0.0207208
0.0211228
0.020747
0.0207205
0.0207454
0.0207205
0.0211226
0.0207201
0.0207202
0.0206945
0.0211242
0.0207213
0.0207201
0.0207202
0.0207203
0.0207206
0.0207205
0.020721
0.0207203
0.0206946
0.0211227
0.02072
0.0207202
0.0207206
0.0207204
0.0211231
0.0207206
0.0211501
0.0207461
0.0207206
0.0207203
0.0211232
0.0211233
0.0207203
0.0211233
0.0211232
0.0211228
0.02072
0.0207458
0.0207466
0.0207207
0.0206948
0.020721
0.0207204
0.0207202
0.0207199
0.0207455
0.0211235
0.0207213
0.0207203
0.0207207
0.0207462
0.0207205
0.0207199
0.0207463
0.0207207
0.0207204
0.0207193
0.0207206
0.0206948
0.0207204
0.0207205
0.0207198
0.0207205
0.0211222
0.0211238
0.0207202
0.0207196
0.0207203
0.0207208
0.0211233
0.0207205
0.0207208
0.0207205
0.0211232
0.0207207
0.0207459
0.0207206
0.020721
0.02115
0.0207204
0.0207202
0.02072
0.0207209
0.0207186
0.0207208
0.0207194
0.0207207
0.0211222
0.021569
0.0211492
0.02072
0.0207464
0.0207195
0.02072
0.020694
0.0206939
0.0211228
0.0207207
0.0207207
0.02072
0.0207209
0.0207194
0.0207458
0.0207207
0.0207209
0.0207207
0.0207198
0.0207208
0.0211237
0.0211227
0.0207199
0.0211224
0.0207459
0.0207204
0.0207194
0.0207203
0.0207205
0.0203321
0.0207198
0.0207208
0.0211228
0.0211236
0.0207206
0.0211227
0.0211499
0.0211768
0.02115
0.0207197
0.0207204
0.0207195
0.0211225
0.02072
0.0207204
0.0207461
0.0211499
0.0207206
0.0207197
0.0207203
0.0206933
0.0207204
0.0207201
0.0207205
0.0207466
0.0207462
0.0211235
0.0207204
0.0207212
0.020746
0.0207209
0.0211229
0.0211504
0.0207201
0.0211231
0.0211503
0.0207464
0.0207464
0.0211769
0.0207457
0.02072
0.0207462
0.0207202
0.0207205
0.0211224
0.0207207
0.0207207
0.0203321
0.0207465
0.0207204
0.0211232
0.0207212
0.0207464
0.0207207
0.0207203
0.0206952
0.021123
0.0207205
0.020719
0.02115
0.0207472
0.0211229
0.0211229
0.0207201
0.0207457
0.0207201
0.0207464
0.0207464
0.0211228
0.0207198
0.0207208
0.0207469
0.0207206
0.0207203
0.0207207
0.020721
0.0211231
0.0207206
0.020721
0.0207207
0.0207201
0.0207206
0.0207202
0.0207205
0.0211227
0.0211235
0.0207195
0.0207195
0.0207207
0.0207206
0.0207198
0.0207204
0.02072
0.0207201
0.0207212
0.0207209
0.0207209
0.0207211
0.0207209
0.0211233
0.0207463
0.0207463
0.02072
0.0207197
0.0211233
0.0211234
0.02072
0.0207205
0.0211232
0.0207202
0.0207466
0.0207193
0.0211217
0.0215697
0.0211503
0.0207209
0.0207208
0.0211217
0.0207463
0.0207198
0.021123
0.0211232
0.02072
0.0207465
0.02072
0.0203334
0.0207206
0.0207462
0.020746
0.0207205
0.0207202
0.0207209
0.0207195
0.0207206
0.0207208
0.0211237
0.0207198
0.0206939
0.0207207
0.0207201
0.0207206
0.0207207
0.0207458
0.0211231
0.0207466
0.0211773
0.0207463
0.020721
0.0207207
0.0207463
0.0207206
0.0207206
0.0207463
0.0207206
0.0207207
0.0207207
0.0207206
0.0207198
0.0211231
0.0207201
0.0207201
0.0207458
0.0207181
0.0211235
0.020747
0.0207205
0.0207462
0.02072
0.0207202
0.0207466
0.0207207
0.0207198
0.0207198
0.0211234
0.0207199
0.0211234
0.02072
0.020721
0.0211238
0.02072
0.0207201
0.0211236
0.0211231
0.0207206
0.0207209
0.0203326
0.0207198
0.0211234
0.0207199
0.021123
0.0207197
0.02072
0.0207192
0.0207199
0.0207204
0.0207196
0.020721
0.0211231
0.0211236
0.0211479
0.0215696
0.0211228
0.0207203
0.0207203
0.0207204
0.0207463
0.0207197
0.0207201
0.0207466
0.0211227
0.0211233
0.021123
0.0207466
0.020721
0.0207201
0.0207209
0.0207204
0.0206944
0.0207195
0.0206949
0.02072
0.0207202
0.0207199
0.0211236
0.0207205
0.0207202
0.0207459
0.0207199
0.0207465
0.0211238
0.0211235
0.0207203
0.0207195
0.0207192
0.0207198
0.0207202
0.0211232
0.0207198
0.0207207
0.0207205
0.0207206
0.0207207
0.0207194
0.0207208
0.0211239
0.0207208
0.0207206
0.0207208
0.0207212
0.0211238
0.0207467
0.0207456
0.0207208
0.0207206
0.0207452
0.0207189
0.0207198
0.020745
0.0211757
0.0207453
0.0211228
0.0211228
0.0207201
0.0211228
0.0215696
0.0211214
0.0207206
0.0207205
0.020721
0.0207208
0.0207206
0.0211241
0.0207203
0.0206944
0.0207199
0.0207467
0.0207206
0.0211236
0.0207203
0.0206943
0.0207206
0.0207215
0.0211237
0.0207202
0.0207201
0.0207211
0.0203329
0.0207199
0.0211503
0.021123
0.0206945
0.0207206
0.0207462
0.0207204
0.0207207
0.0211234
0.0207208
0.0207207
0.0207202
0.0207205
0.0207462
0.0207206
0.0207202
0.0207208
0.0211236
0.020746
0.020719
0.0211226
0.021123
0.0207197
0.0207207
0.0207463
0.0207204
0.0211221
0.0207455
0.0207462
0.0207204
0.0207467
0.0211233
0.0207203
0.0207206
0.0207205
0.0207197
0.0207205
0.0211228
0.0207197
0.0207209
0.02072
0.0207208
0.0211504
0.0207206
0.0207211
0.0211229
0.0207207
0.0207205
0.0207209
0.020747
0.0211509
0.0207201
0.0211237
0.0206945
0.0207206
0.0207197
0.02072
0.0211239
0.0211503
0.0207202
0.0207199
0.0207459
0.0211505
0.0207466
0.0207209
0.0207201
0.0207208
0.0207205
0.0211231
0.0207198
0.0207204
0.0211232
0.0211221
0.0207199
0.0207199
0.021123
0.0207201
0.0207197
0.0207205
0.0211229
0.0207205
0.0207195
0.0207202
0.0211235
0.0207192
0.0207197
0.0211237
0.02072
0.0207206
0.0211233
0.0211231
0.0211233
0.0207203
0.0207203
0.0211236
0.0206941
0.0207204
0.0207463
0.0211234
0.0207204
0.020721
0.0207208
0.0211224
0.0207211
0.02072
0.0207203
0.0207209
0.0207459
0.0211229
0.020746
0.0211239
0.020721
0.0207196
0.0207197
0.0206945
0.0211225
0.0207458
0.0207206
0.0211226
0.0207202
0.0207201
0.0206947
0.0207207
0.0207206
0.02072
0.0207204
0.0207193
0.0207205
0.020721
0.0207208
0.0207204
0.0207201
0.020333
0.0207211
0.0203331
0.0207206
0.0207204
0.0207207
0.0211237
0.02157
0.0211223
0.02115
0.021123
0.0211237
0.0207202
0.0207205
0.02115
0.0207208
0.0211233
0.0207203
0.0207205
0.0207201
0.0207197
0.0211223
0.0207202
0.020719
0.0207199
0.0206931
0.0211229
0.0211231
0.0207212
0.0207203
0.0207211
0.0207198
0.0211229
0.0206936
0.0207204
0.0211234
0.0207209
0.0207206
0.0207197
0.0207196
0.0207209
0.020747
0.0207205
0.0207199
0.0207197
0.0207194
0.0211232
0.0207469
0.0207204
0.0207207
0.0211234
0.020721
0.0211242
0.0207204
0.0207201
0.0211497
0.020721
0.0207207
0.0207198
0.0207212
0.0207466
0.0207196
0.0207206
0.0207206
0.0211238
0.0207203
0.0207202
0.0207211
0.020721
0.0207468
0.0207202
0.0207192
0.021123
0.0211236
0.0211231
0.0207198
0.0207199
0.0207201
0.0207203
0.0211237
0.0207197
0.0207191
0.0206946
0.0211234
0.0207209
0.0203073
0.0207207
0.0207199
0.0211234
0.0206938
0.0211227
0.0207206
0.0207461
0.0207206
0.0207203
0.0207201
0.0211228
0.0207468
0.0207201
0.0207208
0.0206934
0.0207195
0.0207204
0.0203321
0.0207203
0.0207207
0.0207203
0.0211232
0.020719
0.0211236
0.0215699
0.0211228
0.02072
0.0207203
0.020721
0.0207208
0.0211239
0.0211234
0.0207198
0.0207204
0.0207193
0.0207208
0.0207203
0.0207463
0.0207207
0.0207202
0.0207467
0.0207463
0.0207202
0.0207467
0.0207462
0.0207203
0.0207208
0.0206942
0.0211233
0.0207203
0.0211241
0.0211235
0.0206936
0.0207199
0.0207199
0.02072
0.0207208
0.0207465
0.0207469
0.0211777
0.0211509
0.0211234
0.0207209
0.0211241
0.0207465
0.0207458
0.0207461
0.0207201
0.0207467
0.0211775
0.020746
0.0207204
0.0207197
0.0207204
0.0211213
0.0207212
0.0207197
0.02072
0.0211231
0.020694
0.0211233
0.0207201
0.0207199
0.0207204
0.0207205
0.0207217
0.0207203
0.02072
0.020745
0.0207191
0.0207197
0.0207205
0.0207204
0.0207202
0.0207198
0.0207211
0.0207204
0.0207203
0.02115
0.0207468
0.0207198
0.0207196
0.0207206
0.0207457
0.0207198
0.0211228
0.0207206
0.0211233
0.0207207
0.0207457
0.0203327
0.0207206
0.0207204
0.0207202
0.0207193
0.0211228
0.0207209
0.0207202
0.0211234
0.0207206
0.0207204
0.0207209
0.0211233
0.0211231
0.0207202
0.0207207
0.0207195
0.0207184
0.0211224
0.0207195
0.0207209
0.0207467
0.0207195
0.0207471
0.0211231
0.020721
0.0207187
0.0211503
0.0207209
0.0207205
0.0207462
0.0207207
0.0207208
0.0207205
0.02115
0.0215698
0.0211237
0.0207202
0.0207204
0.0211236
0.0211236
0.0207206
0.0211231
0.0207206
0.0207463
0.0211237
0.0207206
0.0207205
0.0207206
0.0207465
0.02072
0.0207205
0.0207469
0.0211764
0.0207464
0.0207456
0.0211237
0.0207205
0.0211229
0.0207209
0.0207204
0.0207195
0.0207209
0.0211234
0.02115
0.0207201
0.0207201
0.0207203
0.0207202
0.0211233
0.0206943
0.0207207
0.0207457
0.0207193
0.0206949
0.0207211
0.0211233
0.021123
0.0215699
0.0211232
0.0207213
0.0207465
0.0207204
0.0207467
0.0207206
0.0207216
0.0207212
0.02072
0.020746
0.0207203
0.0207201
0.0211501
0.0207464
0.0207203
0.0211226
0.0207197
0.0211228
0.0207205
0.0207454
0.0207205
0.0207205
0.0207196
0.0207206
0.0211223
0.0215686
0.0211231
0.0207463
0.0207208
0.020721
0.0207192
0.0207199
0.0207184
0.0207207
0.0207468
0.02072
0.0207209
0.0207211
0.0207208
0.0207204
0.0211237
0.0207467
0.0211233
0.0207204
0.0207206
0.020721
0.0207214
0.0211222
0.0207205
0.0207205
0.0207204
0.0211501
0.0207207
0.0207203
0.0207207
0.0207198
0.0206942
0.0207205
0.0207207
0.0206929
0.0207203
0.0207204
0.0207458
0.0207197
0.0207201
0.0207211
0.0207201
0.021123
0.021123
0.0207203
0.0211228
0.0215701
0.0211215
0.020721
0.020695
0.0207202
0.0207466
0.0207206
0.0207204
0.0211499
0.020721
0.0207189
0.0207205
0.02072
0.0206941
0.0207198
0.0207459
0.0211767
0.0207463
0.0207202
0.0207197
0.0207209
0.0207201
0.02072
0.0207466
0.0207205
0.0207207
0.0207203
0.0207458
0.0207204
0.0211224
0.0207463
0.0207205
0.0206947
0.0207209
0.0207205
0.0207208
0.0211233
0.0211237
0.0215694
0.021123
0.0207204
0.0207203
0.0207201
0.0207203
0.0207212
0.0206941
0.0207199
0.0207205
0.0207203
0.0207213
0.020721
0.0207201
0.0207207
0.0207203
0.0207208
0.0207196
0.020694
0.0207188
0.0211496
0.0207203
0.0207213
0.021123
0.0207189
0.0211233
0.0207207
0.0207203
0.0207206
0.02072
0.020721
0.020693
0.0207214
0.0207202
0.0207206
0.02072
0.0207191
0.0206946
0.0211231
0.0206926
0.02072
0.0211232
0.0211235
0.020721
0.0211231
0.0207201
0.0207207
0.020746
0.0207197
0.0207205
0.0211233
0.0211223
0.0207204
0.0203078
0.0207207
0.0207199
0.0211227
0.0207195
0.0206944
0.0207205
0.0211501
0.0207209
0.0207206
0.0207465
0.0207203
0.0207206
0.021123
0.0207462
0.0207204
0.0207468
0.0211233
0.0207207
0.0211232
0.0206945
0.0207206
0.0207209
0.020721
0.02072
0.0207199
0.0207214
0.0207208
0.0211231
0.0207201
0.0207469
0.0207196
0.0207205
0.0207202
0.0207209
0.021124
0.0211216
0.0207462
0.02072
0.02072
0.02115
0.0207461
0.0211228
0.020721
0.0206945
0.0211231
0.0207203
0.020721
0.020721
0.02072
0.0203317
0.0207199
0.020747
0.0207193
0.0207203
0.0207205
0.0207206
0.020721
0.0207461
0.0207209
0.0207461
0.0207203
0.020721
0.0207206
0.0207204
0.0211502
0.0207458
0.0207208
0.0207203
0.0207206
0.0207202
0.0211233
0.0207203
0.02072
0.0207199
0.0207206
0.0207199
0.0207461
0.0211496
0.0207192
0.0207208
0.0207463
0.02072
0.0207202
0.0207203
0.0211236
0.0211222
0.0207199
0.0207205
0.0207455
0.0207207
0.0207197
0.0206924
0.020721
0.0206939
0.0207192
0.0207212
0.02072
0.0207197
0.0206938
0.0207209
0.0207471
0.0207206
0.0207202
0.0207206
0.0207207
0.0207203
0.0211234
0.0207191
0.021123
0.0211222
0.0211224
0.0207208
0.0207203
0.0207198
0.0211227
0.0207196
0.0207202
0.020721
0.0207458
0.0207206
0.0211227
0.0207206
0.0207195
0.0207204
0.020721
0.0207212
0.0207206
0.0207205
0.0207209
0.0207462
0.0207195
0.0211239
0.0207203
0.02072
0.0207202
0.0211234
0.0207206
0.0211233
0.0207202
0.0207212
0.0211232
0.0211228
0.0207192
0.0207196
0.0211232
0.021123
0.0206943
0.0207198
0.0207192
0.02072
0.0207204
0.0207201
0.0207201
0.0207209
0.0211233
0.0207207
0.0207209
0.0207196
0.0207207
0.0206943
0.0207206
0.0211232
0.0207209
0.021123
0.0211235
0.0207212
0.0207209
0.020721
0.0207206
0.0207193
0.0211231
0.0211231
0.0207202
0.02072
0.0207194
0.02072
0.0207194
0.0211228
0.0215698
0.0211232
0.0207459
0.0207198
0.0211231
0.0207199
0.0211221
0.02072
0.0206949
0.0207202
0.021151
0.0207204
0.0211232
0.0207202
0.0211232
0.0207203
0.0207206
0.0211498
0.0207209
0.0207192
0.0206948
0.0207198
0.0211234
0.0207209
0.0207208
0.0207203
0.0207204
0.0207206
0.0211234
0.02072
0.0203315
0.0207202
0.0211234
0.0207465
0.0207204
0.0207203
0.0211223
0.0207204
0.0207199
0.0211227
0.0207205
0.0207205
0.0207204
0.0207186
0.0211228
0.0207197
0.0207203
0.0207193
0.0207455
0.020746
0.0211224
0.02072
0.0207207
0.0207197
0.0207186
0.0207195
0.0207209
0.0211224
0.0207214
0.0206943
0.0207203
0.0206942
0.0207204
0.02115
0.0207202
0.0207204
0.0207207
0.0211237
0.0207463
0.0207457
0.0211232
0.0207206
0.0207203
0.0207202
0.0207197
0.0207203
0.0207204
0.0207213
0.0203329
0.0207205
0.0211235
0.0207203
0.0211504
0.0207454
0.0207194
0.0207195
0.020694
0.0211224
0.0211225
0.02072
0.0211232
0.0207211
0.0207202
0.0207191
0.0207205
0.0206932
0.02072
0.0211494
0.0207199
0.0211502
0.0207197
0.0207205
0.0207207
0.0207195
0.0207207
0.0211231
0.020746
0.0207193
0.0207195
0.0207209
0.0211227
0.0206952
0.0207201
0.021123
0.0211231
0.0207199
0.0207454
0.0207208
0.0207463
0.0207206
0.0207209
0.0207471
0.0207207
0.0207206
0.0207207
0.0206952
0.0207206
0.0211234
0.0215695
0.0211229
0.0207202
0.0211227
0.0207186
0.0207203
0.02072
0.0207202
0.0207204
0.0207459
0.0207207
0.0207202
0.0206948
0.0207193
0.021123
0.0207472
0.0207206
0.0207197
0.020694
0.02072
0.0207207
0.0207202
0.0207205
0.0207467
0.0211228
0.0215698
0.0211499
0.0211235
0.0207207
0.0207202
0.0207207
0.0207204
0.0207207
0.020746
0.0207206
0.021123
0.0206947
0.0207205
0.0207207
0.0207198
0.0206932
0.0207207
0.0207208
0.0207464
0.0211231
0.0207203
0.0207205
0.0206944
0.0203325
0.0207206
0.0207201
0.0207201
0.0207209
0.021123
0.0215701
0.0211234
0.0211499
0.0207208
0.0207199
0.0211238
0.0206943
0.020332
0.0207191
0.0207201
0.0207458
0.0211767
0.0211505
0.0207197
0.0207208
0.0211235
0.020721
0.0207211
0.0211222
0.0207202
0.0207202
0.02072
0.0207463
0.0207198
0.021122
0.0207194
0.02072
0.0211502
0.0211773
0.0207458
0.0207204
0.0207463
0.0207204
0.0207201
0.0207205
0.0207463
0.02115
0.020746
0.0211234
0.0207202
0.020721
0.0211226
0.0207201
0.0207464
0.0207204
0.0207203
0.0207209
0.0207209
0.0207207
0.0211235
0.0207206
0.0207208
0.0207208
0.0207212
0.0207213
0.0207207
0.0211234
0.0207201
0.0207455
0.021177
0.0211508
0.0207204
0.0211504
0.021124
0.0215694
0.0220359
0.0224515
0.0219681
0.0215052
0.0214683
0.021467
0.0214677
0.0214659
0.0214672
0.0214679
0.0218903
0.0214683
0.0214678
0.0214666
0.0214669
0.0218913
0.0219286
0.0214679
0.0214686
0.0214678
0.0214678
0.0214682
0.021468
0.0210596
0.0214666
0.0215052
0.0214686
0.0214687
0.0218911
0.0214673
0.0214672
0.0215044
0.0214683
0.0214681
0.0214682
0.0214678
0.0214681
0.0219295
0.0215048
0.0214683
0.0214295
0.0214679
0.0214677
0.0214681
0.0214674
0.0214679
0.0214682
0.0214676
0.0214686
0.0214696
0.0214686
0.0218915
0.0215049
0.0214681
0.0215057
0.0210611
0.0214681
0.0214675
0.021504
0.0215037
0.0219686
0.0215049
0.0215051
0.0218899
0.0214683
0.0218907
0.0214676
0.0218913
0.021468
0.0218906
0.0214686
0.0214683
0.0214681
0.0214682
0.0215054
0.0218896
0.0214669
0.021505
0.021468
0.0214677
0.0218911
0.0214675
0.0214682
0.0215045
0.0214684
0.0218905
0.0215045
0.0215044
0.0214678
0.0214688
0.0214668
0.0218912
0.0214677
0.0214673
0.0218913
0.0214679
0.0214686
0.0214683
0.021468
0.0214678
0.0218911
0.0214666
0.0215052
0.0219292
0.021468
0.0210607
0.0215052
0.0219282
0.0214678
0.0210606
0.0214296
0.0218911
0.0214688
0.021468
0.0214675
0.0210604
0.0214677
0.0214679
0.0214683
0.0215051
0.0214675
0.0214679
0.0215048
0.0214684
0.0215044
0.021892
0.0215046
0.0214687
0.0215047
0.0214684
0.0218904
0.0223705
0.0218919
0.0214675
0.0214669
0.0214682
0.0215054
0.0214686
0.0214683
0.0214681
0.0218911
0.0214674
0.0214677
0.0214681
0.0214685
0.021891
0.0214683
0.0215052
0.0215049
0.0214681
0.0214684
0.0214679
0.0218913
0.0214687
0.0215053
0.0214681
0.0214688
0.0214677
0.0214683
0.0215046
0.0214676
0.0218915
0.0214675
0.0214678
0.0214681
0.0214679
0.0214671
0.0215048
0.0219677
0.0215035
0.0214682
0.021468
0.0214677
0.0214684
0.0218916
0.0214677
0.0215055
0.0218898
0.0223713
0.0218899
0.0214682
0.0214685
0.0214687
0.0215054
0.0218909
0.0219297
0.021467
0.0218912
0.0214683
0.0214676
0.0214678
0.0218907
0.0214684
0.0214681
0.0215052
0.0214681
0.0218916
0.0214684
0.0215049
0.0214687
0.0214676
0.0214668
0.0218918
0.0223711
0.0218913
0.0214675
0.021891
0.0223716
0.0218914
0.0214688
0.0214676
0.0214667
0.0215054
0.0215055
0.0215047
0.0214685
0.0218889
0.0214674
0.021469
0.021468
0.0214682
0.0215046
0.0214678
0.0218916
0.0218913
0.0214671
0.0215046
0.0214671
0.021505
0.0215048
0.0215043
0.0210601
0.021468
0.0218902
0.021468
0.0214678
0.0218908
0.0214684
0.0214668
0.0214681
0.0215047
0.0218915
0.0214684
0.0214681
0.0214683
0.021891
0.0214682
0.021468
0.0214679
0.0214667
0.0215058
0.0218917
0.0214664
0.0214686
0.0215048
0.0214684
0.021469
0.0214677
0.021891
0.0215046
0.0215054
0.0218911
0.0218898
0.0223716
0.0219297
0.0214686
0.0215054
0.0214683
0.0218923
0.0215045
0.0214683
0.0210602
0.0215034
0.0215048
0.0214663
0.0214682
0.0214682
0.0215054
0.0214681
0.0214682
0.0218913
0.0219297
0.0219681
0.0215049
0.0215043
0.0214683
0.0214685
0.0214681
0.0214677
0.0218917
0.0219294
0.0214684
0.0214682
0.021468
0.0214686
0.0214674
0.0214675
0.0214676
0.0218914
0.0219301
0.0214681
0.0218911
0.0214678
0.0219295
0.0215049
0.0214671
0.0214671
0.0219298
0.0215042
0.0218916
0.0215047
0.021929
0.0214671
0.021505
0.0214681
0.0218913
0.0215045
0.0215052
0.021468
0.0214673
0.0215043
0.0214672
0.0214291
0.0214675
0.0214675
0.0214682
0.0214677
0.0215053
0.021468
0.0214678
0.0215052
0.0214688
0.0215055
0.0214663
0.0215044
0.021468
0.0215051
0.0218911
0.022371
0.0218914
0.0214687
0.0215056
0.0218907
0.021505
0.0215057
0.0215056
0.0214688
0.021468
0.0214685
0.021468
0.021504
0.0214678
0.0214668
0.0214689
0.0214685
0.0218915
0.0218913
0.0215046
0.0214675
0.0214669
0.0214682
0.0214688
0.0214681
0.0214676
0.0219292
0.0214676
0.0214313
0.0218918
0.0215052
0.0214681
0.0218901
0.0214675
0.0215053
0.0219677
0.0215056
0.0214684
0.021469
0.0214671
0.021429
0.0210609
0.0210594
0.0215047
0.0214676
0.0214685
0.0210238
0.0214676
0.0214674
0.0214682
0.0214675
0.0215058
0.0214678
0.0214687
0.0214678
0.0215046
0.0214682
0.0214682
0.0214684
0.0214686
0.0214675
0.0214682
0.0219285
0.0223699
0.0218907
0.0218907
0.0218909
0.0223714
0.0218902
0.0218912
0.0214689
0.0218917
0.0215049
0.0214679
0.0214679
0.0218919
0.0214677
0.021467
0.021468
0.0214674
0.0218908
0.0214683
0.0215051
0.0214677
0.0219301
0.0215048
0.0214681
0.0214678
0.0214678
0.0218907
0.0214682
0.0214678
0.0214679
0.0214681
0.0214676
0.0214681
0.0214683
0.0215044
0.0214679
0.0214685
0.0218914
0.0214683
0.0214687
0.021505
0.0214673
0.0214673
0.0214674
0.021892
0.0215052
0.0215047
0.0214679
0.0215032
0.0214668
0.0214676
0.0218916
0.0214675
0.0214675
0.021505
0.0214672
0.0214675
0.0215054
0.0214682
0.0214686
0.0214673
0.0210604
0.0214683
0.0214689
0.0215049
0.0218908
0.0214681
0.0215051
0.0214687
0.0214686
0.0218911
0.0215038
0.0219677
0.0215046
0.0214677
0.0215048
0.0214671
0.0214688
0.0214688
0.021469
0.0210613
0.0215046
0.0214683
0.0214668
0.0214688
0.0215051
0.0214665
0.0214674
0.0214302
0.0214681
0.0214679
0.0214681
0.0214682
0.0214315
0.0210607
0.0214683
0.0214682
0.0214681
0.021468
0.0214691
0.0214678
0.0214681
0.02193
0.0215051
0.0219302
0.0214687
0.0214669
0.0215053
0.0218912
0.0214685
0.0214685
0.0214687
0.0214674
0.0214674
0.0214682
0.0214678
0.0214676
0.0218903
0.0223712
0.0218911
0.0219295
0.0214684
0.0218909
0.0223711
0.0218914
0.0214676
0.0214677
0.0214684
0.0218913
0.0214683
0.0214685
0.0214684
0.0214678
0.0219297
0.021506
0.0215055
0.0214681
0.0214686
0.0215051
0.0214671
0.0214685
0.0214683
0.0214685
0.0219299
0.021469
0.0218909
0.0214679
0.0214685
0.0218911
0.0214681
0.0214677
0.0214682
0.021891
0.0214678
0.0214675
0.0215053
0.0214682
0.0214685
0.0214687
0.021892
0.0214678
0.0214678
0.0214684
0.0214685
0.0214681
0.0214679
0.0214689
0.0215053
0.0215048
0.0215049
0.0214682
0.0214671
0.0214686
0.0215049
0.0214675
0.0214672
0.0214687
0.0214679
0.0214309
0.0214685
0.0214679
0.0215049
0.0214671
0.0214678
0.0219289
0.0214678
0.0218915
0.0215052
0.021468
0.021468
0.0210606
0.0215046
0.0214669
0.0218904
0.0214685
0.0214685
0.0214684
0.0218906
0.0218915
0.0214678
0.0214689
0.0215041
0.0218906
0.0214667
0.021505
0.0219293
0.0214672
0.0214676
0.0215047
0.0214683
0.0214683
0.0214689
0.0214686
0.0214684
0.0214685
0.021892
0.0219289
0.0219684
0.021505
0.0218911
0.0214683
0.0214687
0.0214681
0.0214683
0.0210603
0.0214673
0.0214684
0.0214683
0.0214681
0.021469
0.0214686
0.0214682
0.0214681
0.021506
0.021467
0.0215054
0.021468
0.0214681
0.0215053
0.0214681
0.0214673
0.0215051
0.0214674
0.0210602
0.0214682
0.021468
0.0214677
0.0214674
0.0214679
0.0218913
0.0215027
0.0219685
0.0215053
0.0214681
0.0218915
0.0214676
0.0214305
0.0218908
0.0218911
0.0214681
0.0214679
0.021468
0.0214684
0.0219292
0.0214683
0.0214685
0.0215043
0.0219677
0.0215052
0.0214684
0.0214313
0.0214679
0.0214674
0.0218915
0.021505
0.0210613
0.0215052
0.0219685
0.021504
0.0214676
0.0214679
0.021468
0.0214688
0.0214673
0.0214672
0.0218904
0.0214676
0.0214675
0.0214686
0.0214683
0.0214681
0.0214677
0.0214681
0.021467
0.0215044
0.0210603
0.021467
0.021469
0.0214689
0.0214682
0.0214671
0.0215054
0.0214681
0.0214676
0.0214681
0.0214689
0.0214674
0.0214676
0.0214677
0.0214684
0.0214674
0.0214683
0.0218901
0.0214682
0.0214688
0.0214686
0.0214679
0.0214678
0.0214674
0.0218901
0.0214677
0.0214681
0.0214678
0.0215044
0.0214676
0.0214686
0.0214679
0.0215057
0.0214691
0.0218909
0.0214661
0.0214684
0.0215051
0.0214671
0.0214684
0.0215046
0.0210614
0.0214674
0.0219297
0.0214675
0.0214681
0.0214688
0.0214681
0.021468
0.0214687
0.0214677
0.0214672
0.0215044
0.0215051
0.0214679
0.0214682
0.0214673
0.0214683
0.0214671
0.0214673
0.0214678
0.0214674
0.0214668
0.0214677
0.0214678
0.0218913
0.0214683
0.0218921
0.0214684
0.0214674
0.0214672
0.0218907
0.0223707
0.0218911
0.0219295
0.0214682
0.0214691
0.0214683
0.0214685
0.0214682
0.0210246
0.0214681
0.0214684
0.0219287
0.021468
0.0214674
0.0215049
0.0214675
0.0214682
0.0214672
0.0215045
0.0214683
0.02193
0.0215051
0.021468
0.0214674
0.0215045
0.0215035
0.0214681
0.0214687
0.0214674
0.021505
0.0215041
0.0218915
0.0214676
0.0214305
0.0214678
0.0214672
0.0210604
0.0210602
0.0214677
0.0214682
0.0218898
0.0214677
0.0214684
0.0214679
0.0214684
0.0214687
0.0210596
0.0215055
0.0214684
0.0218913
0.021468
0.0219296
0.0218898
0.02189
0.0223709
0.0218897
0.0215048
0.0214682
0.0214686
0.0214684
0.0214675
0.0214669
0.0214678
0.0214682
0.0214675
0.0218915
0.021468
0.0214675
0.0214667
0.0214685
0.0215047
0.0214683
0.0214675
0.0215047
0.0214685
0.0214686
0.0215051
0.0215055
0.0214682
0.0214675
0.0219303
0.02193
0.0214682
0.0218915
0.0214665
0.0218913
0.0214317
0.0214677
0.0214669
0.0214677
0.0214684
0.0214687
0.0214684
0.0214684
0.0215045
0.0214685
0.0215046
0.0214671
0.0214674
0.0214679
0.0214671
0.0214683
0.0214684
0.0214677
0.0214678
0.0214311
0.0214312
0.0214682
0.0214674
0.0214668
0.0214671
0.0214693
0.021505
0.0214671
0.021468
0.0214687
0.0214673
0.0218907
0.0214679
0.0214683
0.0215049
0.021468
0.0214679
0.0218913
0.0214667
0.0214678
0.0214681
0.0214673
0.0215049
0.0214672
0.0218916
0.0215052
0.0214679
0.0214673
0.0214679
0.0210611
0.0214667
0.0214678
0.0214682
0.0214685
0.0214683
0.0214683
0.0218913
0.0214678
0.0214683
0.0214679
0.021506
0.021468
0.0214679
0.0214681
0.0218905
0.0214683
0.021468
0.021468
0.021468
0.0215045
0.0218915
0.021505
0.0214678
0.0214675
0.0214677
0.0215054
0.0214692
0.0214674
0.0214675
0.0218912
0.0218905
0.0214684
0.0218913
0.0214692
0.0218909
0.021505
0.021469
0.0215045
0.0214682
0.0214688
0.0218913
0.0214686
0.0214673
0.0214674
0.0214679
0.021469
0.0218909
0.0223709
0.0218914
0.0214689
0.0214676
0.0214681
0.0218917
0.021891
0.0218918
0.0219294
0.0214681
0.0214683
0.0214316
0.0210612
0.0214681
0.0214675
0.021503
0.0214666
0.0210607
0.0214676
0.0214675
0.0214684
0.021505
0.0215057
0.0214675
0.0218904
0.021468
0.0218915
0.0214682
0.0214675
0.0214673
0.021468
0.0214673
0.0214675
0.0214678
0.0214672
0.0214679
0.0214685
0.0215058
0.021468
0.0214674
0.021891
0.0218913
0.0218909
0.0214677
0.0214679
0.0218908
0.021467
0.0214677
0.0214681
0.0214685
0.0214684
0.0214676
0.0218904
0.0214679
0.0214686
0.0214681
0.0214689
0.0214679
0.0214681
0.0210603
0.021468
0.0214683
0.0215046
0.0214675
0.0214688
0.0214689
0.0214682
0.0214679
0.0214311
0.0218908
0.0214684
0.0214678
0.021505
0.021468
0.0214684
0.0214678
0.0214673
0.021468
0.0214683
0.0214688
0.0218906
0.0218906
0.021468
0.0218906
0.0218897
0.0214683
0.0215052
0.0214669
0.0215051
0.0214683
0.0214683
0.0214681
0.0214675
0.0214314
0.0214681
0.0219298
0.0214686
0.0214677
0.0214685
0.021468
0.0218907
0.0215047
0.0219297
0.0214682
0.021468
0.0214685
0.0214682
0.0215056
0.0215055
0.0214684
0.0214685
0.0218915
0.0214689
0.0214678
0.0214678
0.0218907
0.0215051
0.021892
0.0214688
0.021468
0.0214683
0.0214675
0.0214672
0.0215046
0.0214664
0.0214681
0.021505
0.0214673
0.0210608
0.0214681
0.021468
0.0215045
0.0214644
0.0214312
0.0214683
0.0214692
0.0215049
0.0214665
0.0214686
0.0214684
0.0214688
0.0214679
0.0214683
0.0214678
0.0218903
0.0214668
0.0214674
0.0214672
0.0218913
0.0214675
0.0214683
0.0219291
0.0214674
0.0214677
0.0218898
0.021503
0.0219681
0.0215048
0.0214674
0.0218904
0.0218914
0.0215052
0.0215049
0.0214669
0.021468
0.0218922
0.0214685
0.0214675
0.0214659
0.021466
0.0215052
0.0214682
0.0215055
0.0214688
0.0214678
0.0214683
0.0214684
0.0214683
0.0218916
0.0214681
0.0214672
0.0214672
0.0215041
0.0218916
0.0214691
0.0214673
0.021505
0.0214682
0.0215043
0.0219301
0.0219294
0.0214676
0.021468
0.021468
0.0214679
0.0218908
0.0214685
0.0214661
0.0215051
0.0219682
0.0215048
0.0214683
0.0215051
0.0218909
0.0214682
0.0214686
0.0214669
0.0214681
0.0214675
0.0210608
0.0214679
0.0218899
0.0215054
0.0214687
0.0214674
0.0214673
0.0214303
0.0214683
0.0215052
0.0214685
0.0218907
0.0214677
0.0215047
0.0214685
0.0218915
0.0214681
0.0214679
0.0214676
0.021468
0.0214681
0.0214685
0.0218913
0.0214677
0.0218907
0.0215047
0.0214676
0.0215053
0.0214685
0.0214676
0.0214687
0.0214671
0.0214677
0.0214685
0.0214684
0.0215053
0.0215048
0.0218892
0.0218907
0.0218913
0.0214308
0.0218911
0.0215057
0.0214683
0.0214679
0.0214674
0.0214677
0.0215054
0.0214673
0.0214687
0.0219302
0.0214657
0.0214677
0.0218908
0.0214681
0.0210605
0.0210604
0.0214683
0.0214666
0.0218908
0.0218907
0.0218912
0.0218912
0.0215056
0.0210609
0.0214682
0.0214679
0.0218917
0.0219296
0.0214677
0.0214679
0.0218908
0.0214688
0.0214688
0.0214301
0.0218906
0.0214677
0.0218908
0.0215052
0.0214684
0.0214683
0.0214676
0.0214672
0.0214306
0.021468
0.0214686
0.0218921
0.0214689
0.0218912
0.0215047
0.0214687
0.021468
0.0214678
0.0218902
0.0214667
0.0214679
0.0214678
0.0214681
0.0214681
0.0214676
0.0214686
0.0218918
0.0214682
0.0215057
0.0214667
0.0214663
0.0210592
0.0214671
0.0218919
0.021468
0.0214671
0.021469
0.0218907
0.0215045
0.0215053
0.0214677
0.0214677
0.0215061
0.0214684
0.0214679
0.0214684
0.0214681
0.0214678
0.0214673
0.0214673
0.0218912
0.0215047
0.0219675
0.0215049
0.0218906
0.0215049
0.0214677
0.021468
0.0215044
0.0218911
0.0214681
0.0214678
0.02143
0.0214662
0.0214681
0.0214668
0.0215051
0.0214673
0.0214678
0.0214684
0.0218912
0.0218905
0.0214678
0.021468
0.0218907
0.0215055
0.021468
0.0214684
0.021891
0.0214683
0.0214681
0.0214662
0.0214676
0.0214675
0.0214682
0.0214679
0.0218909
0.0214681
0.0214684
0.0214314
0.0214659
0.0210599
0.0214671
0.0214678
0.021468
0.0214683
0.0214678
0.0218913
0.0214682
0.0215055
0.0214671
0.0214671
0.0218916
0.0215053
0.0214669
0.0214676
0.0214677
0.0218912
0.0214675
0.0214686
0.0214681
0.0214685
0.0214681
0.0215048
0.0214686
0.0215044
0.021467
0.0215055
0.0214666
0.0218916
0.0214679
0.0214685
0.0214679
0.0215054
0.021505
0.0215051
0.0214681
0.0218912
0.0223711
0.0218909
0.0219296
0.021469
0.0214678
0.0214683
0.0218916
0.0214684
0.0214686
0.0214667
0.0214679
0.021892
0.0219292
0.0219683
0.0215052
0.021467
0.0218912
0.0215051
0.0214689
0.021468
0.0214671
0.0214671
0.0215042
0.0214674
0.0214685
0.0218907
0.0214661
0.021505
0.0214673
0.0214681
0.0218907
0.0214682
0.0219301
0.0214686
0.0214691
0.0214682
0.0214678
0.0210607
0.0214671
0.0214304
0.0214687
0.0215039
0.0214676
0.0218912
0.0218917
0.0214681
0.021505
0.021468
0.0214669
0.0214664
0.0214667
0.0218902
0.0214677
0.0218908
0.0214681
0.0214677
0.0218902
0.021467
0.0218921
0.0214316
0.0218903
0.0219293
0.0218911
0.0215055
0.0218911
0.0214682
0.0214679
0.0214678
0.0218906
0.0214678
0.0214683
0.0214679
0.02189
0.0214669
0.0214677
0.0214675
0.0214678
0.0214679
0.0214678
0.0215055
0.0214684
0.0215045
0.0214676
0.0214667
0.0214685
0.0218908
0.0214671
0.0214675
0.0214674
0.0214684
0.0214676
0.0210608
0.0214668
0.0214681
0.0215049
0.0210607
0.021505
0.0214686
0.0215047
0.0214672
0.021468
0.0214678
0.0215047
0.0214686
0.0218911
0.0215048
0.0214678
0.0214676
0.0214677
0.02143
0.0214674
0.0210603
0.0214297
0.0214682
0.0214683
0.0214685
0.0215046
0.0214677
0.021469
0.0218912
0.0214675
0.0218916
0.0214684
0.0215049
0.0214682
0.0214678
0.0214678
0.0215051
0.021467
0.0214676
0.0214667
0.021468
0.0215046
0.0219679
0.0215049
0.0218909
0.0214682
0.0214689
0.0214677
0.0214684
0.0214685
0.0214679
0.021891
0.0214682
0.0214676
0.0215035
0.021468
0.0218909
0.0214682
0.0214681
0.0214677
0.0218914
0.0214676
0.0218905
0.0214678
0.0214681
0.0218915
0.0215047
0.0214678
0.0215052
0.0214679
0.021468
0.0218906
0.0214679
0.0214685
0.0215046
0.0218913
0.0215056
0.0215046
0.0214684
0.0214686
0.0210611
0.0214687
0.0214682
0.0214681
0.0214671
0.0215057
0.0214685
0.0215047
0.0219681
0.0215054
0.0214674
0.0215043
0.0214684
0.0214682
0.0214683
0.0214671
0.0214677
0.0218911
0.0214675
0.0214679
0.0214671
0.0218907
0.0214676
0.0214305
0.021468
0.0214668
0.0214671
0.021469
0.021468
0.0214675
0.0214307
0.0214673
0.0214685
0.0214681
0.0218907
0.0214303
0.0218921
0.0214681
0.021929
0.0214677
0.0214668
0.0215044
0.0214688
0.021891
0.021468
0.0210601
0.0214684
0.0215051
0.0218915
0.0214679
0.0218915
0.0214679
0.0215053
0.0218917
0.0215051
0.0214683
0.0214686
0.0214679
0.0215055
0.0219686
0.0215046
0.021468
0.0214677
0.0210605
0.0215046
0.0218904
0.0214682
0.0214683
0.0214687
0.0218918
0.0214682
0.0218916
0.0218912
0.0218912
0.021505
0.0214681
0.0214672
0.0215051
0.0214675
0.0215057
0.0218889
0.0223704
0.0219293
0.0214666
0.0218904
0.0214675
0.0214678
0.0215055
0.0214681
0.0214688
0.0218903
0.0214663
0.0214684
0.0214676
0.0218912
0.0214656
0.0214676
0.0214681
0.0214687
0.0214681
0.0214311
0.0214682
0.0218913
0.0214684
0.021469
0.0218908
0.0214685
0.0214679
0.0214682
0.0215055
0.0214678
0.0214682
0.021468
0.0214674
0.0218898
0.0214672
0.0214674
0.0218902
0.0214676
0.0215053
0.0214684
0.0214656
0.021891
0.0214296
0.0218916
0.0214687
0.0214677
0.0215049
0.0214677
0.021891
0.0214671
0.0214683
0.0214681
0.0214687
0.0214684
0.0214684
0.0214684
0.0214682
0.0214676
0.0219299
0.0214675
0.0214676
0.0214679
0.0214685
0.0214684
0.0214671
0.0214678
0.0214688
0.0215053
0.0210608
0.0214673
0.0218909
0.0214672
0.0214684
0.021468
0.0214679
0.0218914
0.0215049
0.021891
0.0214668
0.0214671
0.0214675
0.0214679
0.0214683
0.0214679
0.0214683
0.0214686
0.0218913
0.0218912
0.021505
0.021468
0.0214671
0.0214678
0.0214668
0.021468
0.0215051
0.0214677
0.0214684
0.0214682
0.0215052
0.0214678
0.0214672
0.0214682
0.0215051
0.0218909
0.0214686
0.0214682
0.021505
0.0214677
0.02193
0.0219296
0.0214675
0.0214681
0.0214688
0.0215052
0.0215045
0.0214683
0.0210613
0.0215046
0.021506
0.0214682
0.0214677
0.0214685
0.0214681
0.0214684
0.0218915
0.0214674
0.0214682
0.0214684
0.0215048
0.0215058
0.0214677
0.0214669
0.0214679
0.0214683
0.0214677
0.0215047
0.0214687
0.0210602
0.0214683
0.0214684
0.0214683
0.0218907
0.0223708
0.0219298
0.0214675
0.0214683
0.0215054
0.0214685
0.0218896
0.0219299
0.0214676
0.021468
0.0214684
0.0214678
0.021469
0.0214685
0.0214684
0.0214683
0.0214685
0.0218907
0.021468
0.0214687
0.021468
0.0215053
0.0218911
0.0215061
0.0214682
0.0214681
0.0214677
0.0214684
0.0214679
0.0210603
0.0214681
0.021505
0.0215052
0.0219674
0.0215044
0.0214676
0.0214669
0.0214673
0.0214678
0.0214681
0.0214678
0.0214678
0.021891
0.0214677
0.0218908
0.0214684
0.0214679
0.0214675
0.0214684
0.0218916
0.0218911
0.0223717
0.0218913
0.0214685
0.0215046
0.0218911
0.0214678
0.0214677
0.0214671
0.0218917
0.0214677
0.0215051
0.0210595
0.0210595
0.0214677
0.0214684
0.0214668
0.0214681
0.0214686
0.0214678
0.0215053
0.0215047
0.0219672
0.0215045
0.0214675
0.0214672
0.0215044
0.021468
0.0214686
0.0214683
0.0214684
0.0214675
0.0214674
0.0214679
0.0214684
0.0214682
0.0215055
0.021468
0.0214678
0.0214669
0.0215043
0.0214683
0.0214684
0.021891
0.021468
0.0214674
0.0214686
0.021468
0.0214679
0.0214676
0.0215052
0.0214677
0.0214681
0.0214687
0.0214678
0.0214686
0.0214677
0.0214681
0.0214686
0.0215057
0.0214669
0.0215055
0.0214683
0.0214675
0.0218911
0.021891
0.0214682
0.0215049
0.0214684
0.0214685
0.0214675
0.0214683
0.021468
0.0214674
0.0214677
0.0214667
0.0219294
0.0214672
0.0214682
0.021505
0.0214681
0.0214682
0.0218908
0.0214686
0.0218918
0.021468
0.0214671
0.0214661
0.0218907
0.0214684
0.0215044
0.0219681
0.0215055
0.0218908
0.0214687
0.0215049
0.0214683
0.0218909
0.0214672
0.0215055
0.0214686
0.0214685
0.0214673
0.021505
0.0214688
0.0214673
0.0214679
0.021468
0.0215053
0.0214681
0.0214678
0.0214672
0.021468
0.021891
0.0214303
0.0214678
0.0214686
0.0215055
0.0214676
0.021891
0.0214678
0.021891
0.0215044
0.0219289
0.0218899
0.0218909
0.0219291
0.0214676
0.0214682
0.0214685
0.021468
0.0214682
0.0219292
0.0215047
0.0214681
0.0214671
0.0214672
0.0214679
0.0214682
0.0218916
0.0219297
0.0214674
0.0215052
0.0214682
0.0215047
0.0214677
0.0214678
0.0214679
0.0214674
0.021505
0.0214671
0.0214674
0.0215059
0.021505
0.0214671
0.0214315
0.0214686
0.0214678
0.0214675
0.0214677
0.0215046
0.0214687
0.0214677
0.0214685
0.0214685
0.0219307
0.0214678
0.0214683
0.0214685
0.0214685
0.0215049
0.0215055
0.0215051
0.0218913
0.0214672
0.0214686
0.0214678
0.021468
0.0215048
0.0214682
0.021468
0.021468
0.0214667
0.0214681
0.0214676
0.0214671
0.0214679
0.0214682
0.0214667
0.0218915
0.0214685
0.0218908
0.0223714
0.0228723
0.0232987
0.0227792
0.0222811
0.022676
0.0222822
0.0222818
0.0226756
0.022232
0.0222314
0.0222311
0.0222312
0.0222329
0.0221821
0.022232
0.0222326
0.0222309
0.0222315
0.0222321
0.0221825
0.022232
0.0222316
0.0226758
0.0222324
0.0222312
0.0226755
0.022281
0.0222323
0.0222322
0.0222322
0.0222319
0.022676
0.0222814
0.0222321
0.0222322
0.0222319
0.0222324
0.0222821
0.0222826
0.0222316
0.0222315
0.022232
0.0222314
0.022282
0.0222817
0.0222324
0.0222314
0.0226747
0.0221824
0.022676
0.0222322
0.0222314
0.0222317
0.022675
0.0222309
0.0226752
0.0226759
0.0222317
0.0222307
0.0226759
0.0226753
0.0226765
0.0222314
0.0222295
0.0222308
0.0222313
0.0227265
0.0222326
0.0222323
0.0222331
0.0227273
0.0226759
0.0222317
0.0222309
0.0222317
0.0222317
0.0222312
0.0227262
0.0222319
0.0222322
0.0222324
0.0222313
0.0222811
0.0222316
0.0222322
0.0226755
0.0222819
0.0226758
0.0222323
0.0222315
0.022232
0.02223
0.022232
0.0226748
0.0231911
0.0226757
0.0222816
0.0222822
0.0222319
0.0222307
0.022232
0.0226754
0.0222316
0.0222317
0.0222316
0.0221832
0.0226754
0.0222324
0.0222317
0.0222316
0.0222315
0.0218049
0.0222311
0.0222318
0.0218052
0.0222319
0.0226754
0.0222319
0.0222806
0.022232
0.0222321
0.0226755
0.0222323
0.0226767
0.0222327
0.0222319
0.0222314
0.0222314
0.0226766
0.0222317
0.022676
0.0222316
0.0222328
0.0227263
0.0222322
0.0222317
0.0222323
0.0222308
0.0222323
0.0222315
0.0222312
0.0227271
0.0222318
0.0222323
0.0222818
0.022232
0.0222322
0.0222323
0.0227269
0.0226743
0.0222309
0.022231
0.0222318
0.0222314
0.0221824
0.022675
0.0222304
0.0222323
0.0222318
0.0222326
0.0222307
0.0222301
0.0222314
0.0222325
0.0222323
0.0222325
0.0221812
0.02223
0.0222314
0.0222323
0.022232
0.0222808
0.022232
0.0222318
0.0222317
0.0226756
0.0222823
0.022726
0.0222313
0.022232
0.0222317
0.0222308
0.0222328
0.0222311
0.0222313
0.0222313
0.0222318
0.0226758
0.0226759
0.0226755
0.0226744
0.0226737
0.0222306
0.0222311
0.0226757
0.0231905
0.0227272
0.0222319
0.0222304
0.022231
0.0222316
0.0222326
0.0222817
0.0222318
0.0222323
0.0222324
0.0222331
0.0222319
0.0222312
0.0226748
0.0231904
0.022676
0.0222322
0.0218046
0.0222319
0.0222319
0.0222304
0.0222814
0.0227268
0.0222808
0.022727
0.0226751
0.0222316
0.0222327
0.0226759
0.022232
0.0222324
0.0222314
0.0222816
0.0222325
0.0226761
0.0222315
0.0222816
0.0222321
0.0222325
0.0222321
0.0227268
0.0222312
0.0222328
0.0222318
0.0227263
0.022281
0.0222313
0.0226748
0.0227272
0.0222314
0.0222319
0.0222314
0.0226757
0.0222306
0.0222316
0.0222316
0.0222313
0.022231
0.0222314
0.0222315
0.0222308
0.022282
0.0222318
0.0222324
0.0222312
0.0222316
0.0222309
0.022281
0.0222319
0.0222311
0.0222319
0.0222318
0.0222819
0.0227786
0.0227266
0.0222317
0.0222312
0.0227275
0.0227269
0.0226757
0.0222808
0.0222813
0.0226764
0.0222823
0.022232
0.0222319
0.0222317
0.0222311
0.022231
0.0222316
0.0222314
0.0222317
0.0222295
0.0222324
0.0222313
0.0226754
0.0226747
0.0227253
0.0222322
0.0222316
0.0222317
0.0222313
0.0222311
0.0226767
0.0222317
0.0222815
0.0222325
0.0226758
0.0222318
0.0222822
0.0222311
0.0222329
0.0222811
0.0218046
0.0222322
0.0226756
0.0226765
0.022676
0.0222319
0.0227274
0.0222318
0.0222317
0.0222319
0.0222817
0.0222319
0.0222811
0.0222809
0.0227786
0.0222823
0.0222332
0.0222816
0.0222308
0.0226754
0.0222319
0.0222313
0.022232
0.0222316
0.0226769
0.0222322
0.0222317
0.0222309
0.0222817
0.0226751
0.0222316
0.0222318
0.0226748
0.0222317
0.0222314
0.0222814
0.0222817
0.0227791
0.0222799
0.0222318
0.0221826
0.0222309
0.0218051
0.0222317
0.022232
0.022232
0.0222314
0.0222321
0.0222325
0.0222814
0.0222307
0.0222309
0.0222323
0.0222326
0.0222308
0.0222317
0.0222304
0.0226755
0.0226765
0.0222316
0.0222302
0.0222318
0.0226756
0.0222315
0.0222322
0.0226753
0.0227275
0.0226757
0.022231
0.0222317
0.0222324
0.022232
0.0222314
0.0222315
0.0222316
0.0222816
0.0222301
0.0221822
0.0222316
0.0222321
0.0222807
0.0222323
0.022232
0.0222314
0.0222313
0.0226761
0.0222317
0.0222324
0.0226754
0.0222319
0.0222326
0.0222815
0.0227787
0.0227271
0.0222318
0.0222319
0.0226753
0.0222321
0.0226755
0.0222318
0.0222313
0.0222304
0.0222322
0.0222308
0.0222311
0.0221824
0.0226757
0.0222321
0.0222313
0.0222324
0.0222326
0.022232
0.0221823
0.0222318
0.0222319
0.0222797
0.0226756
0.0226745
0.0222319
0.022282
0.0222324
0.0222326
0.0222315
0.0222318
0.0226753
0.0222321
0.0222312
0.0222316
0.0222316
0.022232
0.0222802
0.0222314
0.0222316
0.0222323
0.0222323
0.0222328
0.0226753
0.0226759
0.0222816
0.0222312
0.0222312
0.021804
0.0222815
0.0222321
0.0222315
0.0222316
0.0222321
0.0222307
0.0222304
0.0222825
0.0222319
0.0226751
0.0222324
0.0222328
0.0226763
0.0222328
0.0222313
0.0222321
0.0222313
0.0222317
0.0222318
0.0222325
0.0222317
0.022231
0.0222316
0.0222313
0.0218044
0.0222309
0.0222311
0.0227267
0.0222325
0.0222799
0.0226751
0.0222317
0.0222323
0.0222804
0.022232
0.0222326
0.0222318
0.0222309
0.0222318
0.0226761
0.0222314
0.0222814
0.022231
0.0222811
0.0222316
0.0222325
0.0222327
0.0222322
0.0222317
0.0222302
0.022282
0.0218041
0.0222326
0.0221825
0.0222318
0.0222313
0.0222304
0.0222304
0.022232
0.022232
0.0222315
0.0222317
0.0222316
0.0222329
0.022282
0.0226765
0.0221814
0.0222319
0.0222316
0.0222318
0.0222809
0.0227272
0.022232
0.0222325
0.0222319
0.022232
0.0222322
0.0226744
0.0231909
0.0226759
0.0222321
0.0222809
0.0222318
0.0222325
0.0226758
0.0222323
0.0226743
0.0226765
0.0222322
0.0222316
0.0221818
0.022232
0.0226755
0.0222817
0.0218053
0.0222817
0.0222311
0.0226747
0.0222313
0.0222304
0.022231
0.0222315
0.0222316
0.022232
0.0226756
0.022232
0.0222321
0.0222313
0.0222815
0.0222319
0.0222318
0.0226769
0.0222321
0.0222321
0.0222321
0.0222323
0.0222314
0.0226747
0.0221824
0.0222324
0.0222309
0.0226754
0.0226741
0.0222819
0.0222327
0.0222318
0.0222327
0.0222306
0.0222819
0.0226754
0.0221814
0.022232
0.0222319
0.0226752
0.022232
0.0222317
0.022675
0.0222319
0.0222323
0.022675
0.0222313
0.0222818
0.0222312
0.0221819
0.0222326
0.0222318
0.0222325
0.0222328
0.0226765
0.0226757
0.0222816
0.0222327
0.0222818
0.0227795
0.0222812
0.022232
0.0222322
0.022231
0.0222311
0.0222318
0.0222317
0.0222812
0.0222315
0.0222316
0.0222324
0.022676
0.022232
0.0221821
0.022675
0.0222316
0.0222317
0.0221826
0.0226754
0.0222325
0.022232
0.0222314
0.0226757
0.0222818
0.0227797
0.0227272
0.0222322
0.0226758
0.0222327
0.0222324
0.0222308
0.022676
0.0226756
0.0222317
0.0226747
0.0231915
0.0226759
0.0222318
0.0222313
0.0226764
0.0226751
0.0222311
0.0222314
0.0222319
0.0222317
0.0222322
0.0226754
0.0222313
0.0222317
0.0222322
0.0222316
0.0226757
0.0222321
0.0222818
0.0222314
0.0222797
0.022232
0.0226762
0.0222815
0.022232
0.0218049
0.0222314
0.0226762
0.022232
0.0222316
0.022232
0.0222326
0.0222802
0.022675
0.0226743
0.0231914
0.0226759
0.0221828
0.0226756
0.0221824
0.0222314
0.022232
0.0226755
0.0222311
0.0226758
0.0222321
0.0222328
0.0218044
0.0222318
0.0222811
0.0222309
0.0222811
0.0222818
0.0222817
0.0222322
0.0222328
0.0222323
0.0222315
0.0222311
0.022232
0.0222326
0.0222327
0.0222322
0.022231
0.0222314
0.0222309
0.0222313
0.0227279
0.0222316
0.0226751
0.0231909
0.0226754
0.0222314
0.0222307
0.0222323
0.0222327
0.0222812
0.0222319
0.0227267
0.0231901
0.0226754
0.0222812
0.0222318
0.0222317
0.022231
0.0222318
0.022181
0.0222319
0.0222317
0.022232
0.0222328
0.0222316
0.0226745
0.0222311
0.022675
0.0231904
0.0226754
0.0222316
0.0222328
0.0222315
0.022232
0.0222329
0.0222324
0.0222315
0.0226752
0.0222322
0.0222327
0.0227271
0.0222316
0.0222325
0.0218054
0.0222317
0.0222824
0.0222317
0.0222326
0.0222316
0.0222316
0.0226759
0.0222325
0.0222316
0.022281
0.0222318
0.0222315
0.0222324
0.0222323
0.0226762
0.0222314
0.0222808
0.0222323
0.0222311
0.0221819
0.0222321
0.0222322
0.022232
0.022232
0.022676
0.0222308
0.0218043
0.0222318
0.0222333
0.022231
0.0222302
0.0222311
0.0222319
0.0222321
0.0222305
0.0221809
0.0222317
0.0222314
0.022232
0.0226758
0.0226747
0.0222312
0.022232
0.0222316
0.0222313
0.0222808
0.0222303
0.0218043
0.0222318
0.0222322
0.0222314
0.0227274
0.0222319
0.0221823
0.0226762
0.0226756
0.0222297
0.0222799
0.0222319
0.0222312
0.0222328
0.022232
0.0222313
0.0222308
0.0222314
0.0222304
0.0217571
0.0222314
0.0222817
0.022232
0.0222307
0.0222316
0.022232
0.0227276
0.0222317
0.0222818
0.0222315
0.0222324
0.0222317
0.0226747
0.0222315
0.0222308
0.0222322
0.0222315
0.0222815
0.0226756
0.0226758
0.0222824
0.0222818
0.0222328
0.022232
0.0222326
0.0226761
0.0222316
0.0222317
0.0222323
0.0222321
0.0222324
0.0222309
0.0226758
0.0222318
0.0222314
0.0222305
0.0222306
0.0226754
0.0222818
0.0222311
0.0222315
0.0222317
0.022232
0.0222321
0.0222319
0.0222809
0.0218047
0.0222317
0.0222323
0.0222318
0.0226756
0.0221825
0.0222321
0.0222314
0.0222317
0.0226757
0.0222826
0.0222319
0.022232
0.0222314
0.0226749
0.0222309
0.0222314
0.0222313
0.0221821
0.0222317
0.0222314
0.0222313
0.0222823
0.0222312
0.0218048
0.0222316
0.021805
0.0222315
0.0222321
0.022232
0.0221816
0.0222326
0.0222322
0.0226751
0.0222307
0.0222314
0.0222317
0.0222316
0.0222317
0.022232
0.0227274
0.0222315
0.0222323
0.0222319
0.0222318
0.0222302
0.0222318
0.0222325
0.0222812
0.0222324
0.0222322
0.022232
0.0222308
0.0222307
0.0227277
0.0222804
0.022232
0.0226751
0.0222299
0.0222321
0.0222317
0.0222314
0.0222317
0.0222319
0.0222819
0.0222315
0.021805
0.0222814
0.0227272
0.0231912
0.0226757
0.0222322
0.0221822
0.0222309
0.0227271
0.0222317
0.022231
0.0222315
0.0222321
0.0226755
0.0226746
0.0222809
0.0226758
0.0222321
0.0226748
0.0222322
0.0226758
0.0222815
0.022232
0.0226759
0.0222318
0.022232
0.0222813
0.022232
0.0222324
0.0222325
0.0227272
0.0222316
0.0221811
0.0222314
0.0222318
0.0222326
0.0222311
0.022675
0.0226757
0.0222316
0.0222319
0.0222306
0.022676
0.0226757
0.0222326
0.0222816
0.0222313
0.0222812
0.0222312
0.0222327
0.0221826
0.0222309
0.0226748
0.0226756
0.022726
0.0222321
0.0226755
0.0226731
0.0222307
0.0222314
0.0222323
0.0222328
0.0222808
0.0222819
0.0222325
0.0227277
0.0232451
0.0227269
0.0222815
0.0222812
0.0226758
0.0222318
0.0222316
0.0222318
0.0226758
0.0222306
0.0222319
0.0222322
0.022232
0.0222818
0.022232
0.0222321
0.0222323
0.0222318
0.0221826
0.0222322
0.0222315
0.0226749
0.0226731
0.0222812
0.0222811
0.0222322
0.0222315
0.0222321
0.0222306
0.0222312
0.0226746
0.0222299
0.02223
0.0222322
0.0222814
0.0222318
0.0222324
0.0222321
0.0222305
0.0218046
0.022281
0.0222327
0.022676
0.0222813
0.0226759
0.022676
0.0226756
0.0222323
0.0222321
0.0222321
0.0222316
0.0222322
0.0222315
0.0222317
0.0222821
0.0222317
0.022231
0.0222331
0.022281
0.022676
0.0222823
0.022676
0.0222319
0.022232
0.0222314
0.0222317
0.0222806
0.0227778
0.0222813
0.0222325
0.0218037
0.0222314
0.0222317
0.0226761
0.0222316
0.0222323
0.022727
0.0222314
0.0222317
0.021804
0.0222314
0.0226761
0.0222314
0.0222313
0.0226756
0.0226744
0.0222319
0.0222822
0.022231
0.022675
0.0226757
0.0222322
0.0222326
0.0222812
0.0222815
0.0222303
0.0222317
0.0227279
0.0222317
0.0222329
0.0222321
0.022232
0.0222309
0.0222318
0.0222329
0.0222328
0.0222822
0.0222318
0.022232
0.022231
0.0222307
0.022232
0.0222809
0.0222325
0.022231
0.022232
0.0222811
0.0222313
0.0222315
0.022232
0.0222809
0.0222313
0.0222312
0.0221822
0.0222311
0.0222315
0.022676
0.0222326
0.0227267
0.0231909
0.0226742
0.0226758
0.0222817
0.0227276
0.0226765
0.0222315
0.0222321
0.0227269
0.0222816
0.0227788
0.02228
0.022727
0.0222316
0.0222316
0.0222814
0.0226753
0.0226755
0.0227273
0.0222317
0.0222323
0.022231
0.0226764
0.022183
0.0222314
0.0222322
0.0222314
0.0222827
0.0222315
0.0226744
0.022231
0.0222323
0.0222312
0.022727
0.0222305
0.022232
0.0221821
0.0217576
0.0222319
0.022676
0.022674
0.0221815
0.0222326
0.0222814
0.0226749
0.0226753
0.0226759
0.0222311
0.0222323
0.0222319
0.0222817
0.0222318
0.0227271
0.0226757
0.0222318
0.0222317
0.0222322
0.0226751
0.0222312
0.0222324
0.0222323
0.0222326
0.0226752
0.0222321
0.0222321
0.0226749
0.0226755
0.0222311
0.0226746
0.0226755
0.022675
0.0222318
0.022674
0.0222315
0.0221815
0.0222321
0.0222322
0.0222328
0.0222317
0.0222328
0.0222322
0.0227275
0.0222818
0.0222321
0.0222802
0.0226751
0.022232
0.0222319
0.0222319
0.0226752
0.0222315
0.0222307
0.0222314
0.0222809
0.022232
0.022232
0.0226756
0.022232
0.0222323
0.0222318
0.0222311
0.0222305
0.0222328
0.0227263
0.0222311
0.0222814
0.0222316
0.0226762
0.0226757
0.0227268
0.0222315
0.0222324
0.0222321
0.0222319
0.0226762
0.0226756
0.0222318
0.0222313
0.0218045
0.0222319
0.0222319
0.0222318
0.0222322
0.0227267
0.0226759
0.0222808
0.0222322
0.0222318
0.0218057
0.0222326
0.0222318
0.0222322
0.0226761
0.0221825
0.022232
0.0218048
0.0222318
0.0222805
0.0222316
0.022232
0.0222313
0.0222315
0.0222315
0.0222316
0.0222814
0.022232
0.0222321
0.0222323
0.0222814
0.0222322
0.0222318
0.0226757
0.022232
0.0222322
0.0222807
0.0222319
0.0222317
0.0222327
0.0222816
0.0222307
0.0222311
0.021805
0.022232
0.0222311
0.0221807
0.0222315
0.0222807
0.0222313
0.0222318
0.0222813
0.0222329
0.0222329
0.0222318
0.0222318
0.0222315
0.022232
0.0222817
0.0222327
0.0222814
0.0222319
0.022676
0.0222819
0.0226758
0.0222325
0.022232
0.0226756
0.022231
0.0222319
0.0222318
0.0222322
0.0226759
0.0222315
0.022281
0.0222312
0.0226736
0.0222319
0.0222315
0.0226752
0.0222313
0.0226755
0.0222315
0.0222327
0.0222313
0.0222318
0.0222313
0.0222322
0.0221822
0.0226767
0.0222313
0.0222807
0.0222314
0.0222307
0.0222316
0.0218051
0.0222323
0.022182
0.0226745
0.0222317
0.0222316
0.0222306
0.0222309
0.0222309
0.0222321
0.022232
0.0222323
0.0222322
0.0222311
0.0222326
0.0222324
0.022232
0.0222311
0.022232
0.0226756
0.0222316
0.0222313
0.0222323
0.0226755
0.0222325
0.0226752
0.0226758
0.022232
0.0222327
0.0222822
0.0222318
0.0226753
0.0226748
0.0222321
0.0226763
0.022282
0.0218045
0.0222317
0.0222319
0.0222326
0.0222315
0.0222821
0.0222323
0.0222327
0.0222318
0.0222813
0.022779
0.022281
0.0222318
0.0222324
0.0222321
0.0226756
0.022231
0.0217553
0.022231
0.022233
0.0222321
0.0222307
0.0222818
0.0222315
0.0226759
0.0222815
0.0222312
0.0222823
0.0222818
0.0222317
0.0222319
0.0226755
0.0222814
0.0222316
0.0226749
0.0222322
0.0222316
0.0222317
0.0226757
0.0226756
0.0222312
0.0221821
0.0222319
0.0227268
0.0222311
0.0222821
0.0222322
0.0218028
0.0222817
0.0222313
0.0222312
0.0222807
0.0222323
0.022231
0.0226758
0.0222313
0.0222324
0.0222314
0.0222316
0.022232
0.0222311
0.022232
0.0222324
0.0222329
0.0222325
0.0222318
0.0222315
0.0222311
0.0227269
0.0222324
0.0222318
0.0222815
0.0222815
0.0222318
0.0222322
0.0222317
0.0222826
0.0222321
0.0222307
0.0221815
0.0222316
0.0222317
0.022232
0.0226751
0.0222319
0.0222324
0.0222317
0.0226755
0.0226754
0.0222311
0.0222307
0.0222322
0.022232
0.0226758
0.0222313
0.0222312
0.0222314
0.0222321
0.0221823
0.0221824
0.0226757
0.02223
0.0222321
0.0222322
0.0222813
0.0222324
0.0226754
0.0227277
0.0222315
0.0222303
0.0222814
0.0222318
0.0222312
0.0222314
0.0222321
0.0222315
0.0226738
0.0222318
0.0222321
0.0222316
0.0222314
0.0218045
0.0222318
0.0222313
0.0222313
0.0222322
0.0222317
0.0222322
0.0218045
0.0222323
0.0222312
0.0222326
0.0222815
0.0222316
0.0222316
0.0222314
0.0222311
0.0226752
0.0222319
0.0226749
0.0222328
0.0222311
0.0226754
0.0222324
0.0222312
0.0222315
0.0226758
0.0222319
0.0222322
0.0218043
0.0222316
0.0222314
0.0222809
0.0222315
0.0226756
0.0222813
0.0222318
0.0222314
0.0222314
0.0222308
0.0222309
0.0226759
0.0222318
0.0222322
0.0222818
0.0226761
0.022232
0.0222312
0.0226753
0.0226758
0.0226753
0.0222311
0.0222817
0.0222311
0.022676
0.0222322
0.0222319
0.022231
0.0222322
0.0222313
0.0222816
0.0222323
0.0222327
0.0222308
0.0227271
0.0231904
0.022676
0.0226757
0.0222318
0.0222318
0.0222803
0.0222317
0.0222328
0.0222322
0.0222818
0.0222312
0.0222323
0.0222323
0.0222318
0.0222326
0.0222316
0.0222329
0.0222322
0.0222328
0.0222324
0.0222323
0.022233
0.0226761
0.0222315
0.0222313
0.0222328
0.0222322
0.0222309
0.0222313
0.0226739
0.0231908
0.0226756
0.0222318
0.0226761
0.0222319
0.0222314
0.0222319
0.022181
0.0226754
0.0222321
0.0222319
0.0222322
0.0226757
0.0226758
0.0226758
0.022282
0.0226756
0.0222324
0.0222314
0.0222315
0.0222813
0.0222317
0.0222322
0.0222322
0.0222318
0.0226748
0.0231898
0.0227264
0.0227788
0.0222818
0.0218045
0.0222312
0.0222316
0.0221827
0.022232
0.0222313
0.022232
0.0222311
0.0227276
0.0222323
0.0222322
0.0222317
0.0222323
0.0222314
0.0222309
0.0226766
0.0222323
0.0222315
0.0227258
0.0222817
0.0222311
0.0222324
0.0222316
0.0222314
0.0222307
0.0226748
0.0227276
0.0222326
0.0222811
0.0222305
0.0221817
0.0222315
0.022675
0.0222316
0.0226757
0.0222323
0.0222319
0.0226753
0.0222318
0.0222299
0.0226749
0.0222312
0.0226752
0.0226751
0.0222318
0.022233
0.0222324
0.0226762
0.0222312
0.0222312
0.0227278
0.0226752
0.0231914
0.022728
0.0222322
0.0222307
0.0226745
0.022232
0.0222314
0.0222822
0.0222324
0.0218039
0.022282
0.0222308
0.0222318
0.022232
0.0222813
0.022232
0.0222795
0.0222816
0.0222324
0.022231
0.0222321
0.0218047
0.0222319
0.0222321
0.0222328
0.0222322
0.0222314
0.0222311
0.022232
0.0222813
0.0222823
0.0222318
0.0226752
0.0222819
0.0226749
0.023191
0.022675
0.0222812
0.0222318
0.0222308
0.022232
0.0222315
0.0222308
0.02223
0.0222815
0.0218052
0.0222313
0.0222316
0.0222323
0.0222318
0.0222318
0.0222313
0.0222303
0.022281
0.0227788
0.0222816
0.0222318
0.0222299
0.0222809
0.0222322
0.0222321
0.0227276
0.0226755
0.0222819
0.0222313
0.0222323
0.0222326
0.0222321
0.0222316
0.022232
0.0222824
0.0222312
0.0222325
0.0222816
0.0222796
0.0222321
0.0222311
0.0222319
0.0226763
0.0222326
0.0222812
0.0222802
0.0222326
0.0222324
0.0222327
0.022232
0.0226749
0.0222313
0.0222316
0.022232
0.022281
0.0227795
0.0222814
0.0227275
0.0222319
0.0222316
0.022232
0.0221826
0.0222316
0.0222806
0.0222329
0.0222321
0.0222321
0.0222814
0.0222318
0.022232
0.0222319
0.0222321
0.0222311
0.0221825
0.0226761
0.0226757
0.0222811
0.0227275
0.0222313
0.0222801
0.0222317
0.0226758
0.0227283
0.022232
0.0222326
0.0226757
0.0222314
0.0222311
0.0222316
0.0222309
0.0222314
0.0222314
0.0222812
0.0222313
0.0226751
0.0222315
0.022676
0.0231913
0.0226755
0.022232
0.0222325
0.0222325
0.0222826
0.0222318
0.0222324
0.0218041
0.0222328
0.0221828
0.0222328
0.0222301
0.0226752
0.0222318
0.0226764
0.0222808
0.0222319
0.0222318
0.0221823
0.0222319
0.0222805
0.022728
0.0222325
0.0226756
0.0222314
0.0222312
0.0222317
0.0222317
0.0222314
0.0226752
0.0221822
0.021805
0.0222317
0.0222326
0.0221807
0.0222315
0.0222326
0.0222324
0.0222318
0.0222312
0.0222307
0.0222807
0.0222315
0.0222301
0.0226744
0.0222317
0.0222323
0.0222324
0.0226768
0.0222319
0.0222321
0.0227281
0.0222321
0.0222323
0.0226756
0.0222324
0.0227279
0.0222317
0.0222312
0.0222806
0.0222319
0.0222304
0.0226749
0.0222323
0.022232
0.0222818
0.022232
0.022231
0.0222298
0.0222314
0.0227272
0.0222309
0.0222308
0.0222313
0.0222318
0.0222313
0.0222326
0.0222307
0.0222316
0.0222327
0.0222311
0.0222319
0.0222817
0.0222808
0.0222817
0.0222315
0.0222309
0.0222316
0.0222322
0.0222315
0.0222319
0.0222317
0.0222322
0.0222318
0.0222319
0.0222322
0.022282
0.0222325
0.0218053
0.0222316
0.0222316
0.0226756
0.0231903
0.0227265
0.0226755
0.0222321
0.0222325
0.0222325
0.0226755
0.0222321
0.0222321
0.0222322
0.0226753
0.0222806
0.0227791
0.0227271
0.0231905
0.0226763
0.0226748
0.0231897
0.0226755
0.0222328
0.022281
0.0222311
0.0222812
0.0226761
0.0222317
0.022282
0.0226738
0.0231909
0.022726
0.0222322
0.0222325
0.0226752
0.0222323
0.0226754
0.0226763
0.0222322
0.0222311
0.0222319
0.0222811
0.0222313
0.0222324
0.0226756
0.0226757
0.0222821
0.0222814
0.0226759
0.0222314
0.0222324
0.0226756
0.0222324
0.0222313
0.0222315
0.0227274
0.0227278
0.0227271
0.0226754
0.0222326
0.0222317
0.0227272
0.0222305
0.0222322
0.0222325
0.0226764
0.0222323
0.0222312
0.0226748
0.022281
0.0227795
0.0222814
0.0222814
0.0222322
0.0222815
0.0226744
0.0222311
0.0222321
0.0222814
0.0222811
0.0222324
0.0222319
0.0222328
0.0222326
0.0222309
0.02228
0.0222317
0.0222806
0.0222315
0.0222324
0.0222324
0.022232
0.0222331
0.0222317
0.0227273
0.0231908
0.0237305
0.0241663
0.0236072
0.0230734
0.0234747
0.0230102
0.0234748
0.0230105
0.02301
0.0230108
0.023011
0.0230104
0.0230098
0.0235414
0.0230091
0.02301
0.0230101
0.0230109
0.0230099
0.0234738
0.0240286
0.0236077
0.0230736
0.0234745
0.0229445
0.0230088
0.0230105
0.0230106
0.0234747
0.0230743
0.0230102
0.0235402
0.0240284
0.0234748
0.0234748
0.0230082
0.0230098
0.0230102
0.0230745
0.0234765
0.0235406
0.0230103
0.0230111
0.02301
0.0230741
0.0230106
0.0230096
0.0230108
0.0225613
0.0230101
0.0230102
0.0230097
0.0230741
0.0230105
0.0230097
0.0234748
0.023009
0.0230099
0.0234751
0.023011
0.0230734
0.0230104
0.0230105
0.0229457
0.0230104
0.0230107
0.0230103
0.0230095
0.0234753
0.0230751
0.0230095
0.0230093
0.0230102
0.0230739
0.0230104
0.0230102
0.0230098
0.0230105
0.0230105
0.0230103
0.0230107
0.023011
0.0230107
0.0230109
0.02301
0.0234757
0.0230107
0.02301
0.0234747
0.0234747
0.0229463
0.0230108
0.0230101
0.0230097
0.0230105
0.0230103
0.0230105
0.0230098
0.023074
0.0230097
0.0230098
0.0230103
0.0234751
0.0230099
0.0230729
0.0234749
0.0230109
0.0230746
0.023475
0.0234753
0.0230106
0.0230107
0.0230109
0.0230105
0.0234757
0.0230107
0.0230094
0.0234747
0.0234734
0.0230111
0.0230097
0.0230101
0.0234754
0.0230098
0.0230744
0.02301
0.0230109
0.0230111
0.0234766
0.0230741
0.0230105
0.0230108
0.0230103
0.0230094
0.0229462
0.0230103
0.0230099
0.0230111
0.0234746
0.0230096
0.0230091
0.0230114
0.0234748
0.0230087
0.0234747
0.0230102
0.0230102
0.0234747
0.0230099
0.0230112
0.0230746
0.0230099
0.0230094
0.0230736
0.0230106
0.02301
0.0230094
0.0230101
0.0230098
0.0230746
0.0230091
0.0234745
0.0230106
0.0230108
0.0234742
0.0230104
0.0230087
0.0230098
0.0230102
0.0230102
0.0230107
0.0234737
0.0230098
0.0230096
0.0229471
0.0234753
0.022947
0.0230105
0.0225638
0.02301
0.0230098
0.0230103
0.0229457
0.0230109
0.0230113
0.0230103
0.023009
0.022947
0.0230098
0.023011
0.0230102
0.0230096
0.0230096
0.0230099
0.0230102
0.0234739
0.0230093
0.0230104
0.0230104
0.0230093
0.0230106
0.0230742
0.0230109
0.0230103
0.0230108
0.0230112
0.023011
0.0230104
0.0230749
0.0235407
0.0234749
0.0235418
0.0240279
0.0234748
0.0230106
0.0230102
0.0234757
0.0230102
0.0230105
0.0235409
0.0234742
0.0230744
0.0230101
0.0230107
0.0230104
0.0229462
0.0234755
0.023074
0.0236079
0.0240275
0.0234759
0.0230107
0.0230112
0.0230111
0.0230099
0.0230733
0.0230102
0.0230742
0.0230101
0.0230096
0.0230095
0.0230098
0.0230744
0.0234751
0.0230101
0.0230104
0.0230741
0.0230108
0.0230101
0.0230744
0.0230106
0.0230097
0.02301
0.0230741
0.0234742
0.0234759
0.0240285
0.0234728
0.0234738
0.0234743
0.024028
0.0234747
0.0230105
0.0230091
0.0230729
0.0230094
0.0230738
0.0230105
0.0230105
0.0234754
0.0230101
0.0230086
0.0230104
0.0230104
0.0230105
0.0230103
0.0230748
0.0230095
0.0230104
0.0230742
0.0230095
0.023009
0.0230746
0.0230103
0.0230092
0.0234745
0.0230103
0.0230099
0.0230102
0.0229459
0.0230113
0.023475
0.0230098
0.0234755
0.0234752
0.0230096
0.0229472
0.0230106
0.0234753
0.0230099
0.0230105
0.0230106
0.02301
0.0234753
0.0230106
0.0230099
0.0230103
0.0230086
0.0225635
0.0230104
0.0234744
0.0234758
0.0230756
0.02301
0.0230101
0.0230104
0.0230102
0.0230101
0.0230094
0.0230091
0.0234753
0.0230102
0.0230111
0.0230101
0.0230105
0.023011
0.0230095
0.0230103
0.0230098
0.0230097
0.02301
0.023011
0.0229471
0.0234752
0.0229471
0.023011
0.0230101
0.0234746
0.023009
0.0230096
0.0230743
0.0230108
0.0230104
0.0235424
0.023476
0.0230103
0.0230102
0.0230109
0.0234753
0.0230111
0.0230109
0.0230104
0.0234746
0.0230742
0.0230096
0.0230096
0.023011
0.0230103
0.0230744
0.0230101
0.0230105
0.0230107
0.0230101
0.023475
0.0230101
0.0230102
0.0230098
0.0230103
0.023474
0.0234748
0.0230102
0.0230098
0.0230744
0.0230102
0.0230746
0.0234755
0.0234743
0.0234742
0.0230102
0.0230103
0.0225642
0.0230737
0.0230109
0.0230108
0.0230731
0.0230104
0.0230103
0.0230095
0.0230102
0.0230107
0.0230104
0.0230097
0.0235417
0.023011
0.0230106
0.0225632
0.0230101
0.023011
0.0230107
0.0234754
0.0230111
0.0234754
0.0230103
0.0230102
0.02301
0.0230741
0.0230101
0.0230105
0.023475
0.0230107
0.02301
0.0230095
0.0230098
0.0230743
0.0234747
0.023009
0.0230088
0.0230101
0.0230101
0.0230741
0.0230748
0.0230099
0.0230098
0.0230097
0.0230096
0.0230088
0.0229466
0.0230091
0.02301
0.023011
0.0230092
0.0230104
0.0230101
0.0230101
0.0229465
0.0230101
0.023011
0.0230106
0.0229467
0.0230106
0.0230099
0.023475
0.0230098
0.0230092
0.02301
0.023474
0.0230093
0.0234749
0.0230104
0.0230107
0.0230106
0.0230109
0.0234727
0.0230092
0.0235413
0.0230105
0.0230107
0.023475
0.0230108
0.0230106
0.0235421
0.0236089
0.0230735
0.0234747
0.0230098
0.0230098
0.0230106
0.0234745
0.0230107
0.0234746
0.0230105
0.023011
0.0230105
0.0230108
0.0229471
0.0230079
0.023073
0.0236076
0.0230737
0.0234746
0.023074
0.0230089
0.0230107
0.0230108
0.0234758
0.0230098
0.0230106
0.0230104
0.0230114
0.0230102
0.0230739
0.023074
0.0230103
0.0230102
0.023011
0.0235411
0.0230735
0.0230106
0.0230108
0.0230107
0.0229463
0.0230107
0.0230094
0.0230106
0.023476
0.0230096
0.0230076
0.0230099
0.0230106
0.0230097
0.0230108
0.0230102
0.0230092
0.0230102
0.0230106
0.0230742
0.0230102
0.0234748
0.0230097
0.0230103
0.0229468
0.0230097
0.0234749
0.0230105
0.0234752
0.0234742
0.0230101
0.0235415
0.0234755
0.0230105
0.0230097
0.0229472
0.0230096
0.0230731
0.0230098
0.0230106
0.0230091
0.0230078
0.0229471
0.0230106
0.0234751
0.0230089
0.0234764
0.0230111
0.0230105
0.0234751
0.0234751
0.0234756
0.022946
0.0234757
0.0230109
0.0230094
0.0230099
0.0230106
0.0229461
0.0230098
0.0234746
0.0234746
0.0234756
0.0230108
0.0230739
0.0234757
0.0230106
0.0230095
0.023011
0.0230742
0.0230097
0.0234747
0.0230109
0.0230103
0.0230099
0.0230735
0.0230093
0.0230734
0.0230737
0.0230094
0.0230729
0.0230103
0.0234746
0.0230105
0.023011
0.0230108
0.0230108
0.0230114
0.0230103
0.02301
0.0230099
0.0230098
0.0230107
0.0234747
0.0230106
0.0230101
0.0234755
0.0230101
0.0230102
0.0229469
0.0230105
0.0235413
0.02301
0.0230744
0.0234748
0.023476
0.0230108
0.0230739
0.0230101
0.0234747
0.0230737
0.0230101
0.0230109
0.0230101
0.0230739
0.0235408
0.0230102
0.0230103
0.0230736
0.0230096
0.0230105
0.0230099
0.0230743
0.023476
0.0230105
0.0230087
0.022946
0.0230094
0.0230115
0.0234749
0.0234733
0.0240277
0.023473
0.0230104
0.0230111
0.0230098
0.0230095
0.0230112
0.0234739
0.023009
0.0230102
0.0230102
0.0234754
0.0234747
0.0234754
0.0230099
0.0230102
0.0234749
0.0229471
0.0230096
0.0225641
0.0230094
0.0230101
0.023075
0.0236074
0.023541
0.0230103
0.0230104
0.0234752
0.0230102
0.0230105
0.0230115
0.0230095
0.0230102
0.0234752
0.0234743
0.0230104
0.0230102
0.0230109
0.0234742
0.0230732
0.0230106
0.0230095
0.0230097
0.0230104
0.0230089
0.0230098
0.0230108
0.0230102
0.0234764
0.0230106
0.0230105
0.0234754
0.023011
0.0230114
0.0230108
0.0230096
0.0230097
0.0230116
0.0230106
0.0230107
0.0230098
0.0230106
0.0234757
0.0234752
0.0230105
0.0230103
0.0234743
0.0230098
0.0235418
0.02301
0.0230106
0.0230106
0.0230109
0.0230115
0.0230093
0.0234749
0.0230097
0.0230105
0.0230745
0.0235415
0.0230099
0.0230105
0.0229479
0.02301
0.0234759
0.0230103
0.0230099
0.0230108
0.0230093
0.0230104
0.0230106
0.0230104
0.023074
0.02301
0.0234753
0.0230099
0.0230106
0.0230096
0.0230088
0.0229454
0.0234751
0.0234745
0.0234755
0.0230742
0.0230102
0.0234756
0.0230103
0.0230102
0.0230111
0.0230741
0.0230102
0.0230105
0.0230113
0.0230097
0.0230104
0.0235414
0.0230105
0.0234749
0.0234752
0.0240287
0.0234741
0.0234748
0.0230104
0.0230113
0.0235416
0.0230098
0.0234749
0.0230104
0.0230107
0.0234743
0.0230106
0.0230106
0.0234754
0.0230088
0.02301
0.0234749
0.0230103
0.0229454
0.023476
0.0234751
0.0230096
0.02301
0.0230096
0.0230108
0.023475
0.0230103
0.0230103
0.0230751
0.0230107
0.0230108
0.0230106
0.0234754
0.0230103
0.0234743
0.023475
0.0229467
0.0230086
0.0230112
0.0230105
0.0230098
0.0234745
0.0230107
0.0230742
0.0234754
0.0230102
0.0230103
0.0230097
0.0230725
0.0230735
0.0230104
0.0230113
0.0234751
0.0230103
0.0230103
0.0234752
0.023011
0.0230109
0.0225627
0.0230107
0.02301
0.0234746
0.0229464
0.0234752
0.0230099
0.0230105
0.0234758
0.0230108
0.0230102
0.0230093
0.0234752
0.0230092
0.0230099
0.0229462
0.0230116
0.0230107
0.0230742
0.0230105
0.0225617
0.0230111
0.0230084
0.0230099
0.0235423
0.0240287
0.0234755
0.023475
0.0230746
0.02301
0.0234746
0.023073
0.0230105
0.0230113
0.0230099
0.0230104
0.0230104
0.0230747
0.0230097
0.023011
0.0230111
0.0230102
0.0234748
0.0230098
0.0230111
0.0230104
0.0230736
0.0230111
0.0235417
0.0230108
0.0234755
0.0230102
0.0229475
0.0230102
0.0230115
0.0230104
0.0234749
0.0230106
0.0234747
0.0230109
0.0230109
0.0230741
0.0230098
0.0230101
0.0234746
0.0230742
0.0230105
0.0234751
0.0230111
0.0225624
0.0230098
0.0230094
0.0230104
0.0234751
0.0230746
0.0230101
0.02301
0.0230108
0.0230112
0.0230111
0.0230106
0.0234741
0.0230098
0.0230102
0.0230111
0.0230112
0.0230099
0.0235416
0.0230732
0.0230108
0.0230102
0.0230106
0.0230097
0.023541
0.0230097
0.0230112
0.0235425
0.0230109
0.0229473
0.0230099
0.0235416
0.0230743
0.0230107
0.0230099
0.0230109
0.0230091
0.02301
0.0230101
0.0230732
0.0234752
0.0230736
0.0230742
0.023609
0.0235399
0.023074
0.0230099
0.0230099
0.0230093
0.0230102
0.0230094
0.0230108
0.0230107
0.0230097
0.0230107
0.0230095
0.0230093
0.0229468
0.0230102
0.0234751
0.0230099
0.0234752
0.0230099
0.0230092
0.0230107
0.02301
0.0234733
0.0230101
0.0230104
0.0225019
0.0229467
0.0230114
0.0230101
0.0230096
0.0230105
0.0230743
0.0230089
0.0230102
0.0230108
0.0230107
0.0230102
0.023011
0.0230747
0.023009
0.0234757
0.0234754
0.0230742
0.0230099
0.0229466
0.0230102
0.0234753
0.0230101
0.0230094
0.0230727
0.0230106
0.0230107
0.023074
0.0230098
0.0230102
0.023011
0.0230106
0.0230746
0.0225631
0.0230114
0.0230101
0.0230098
0.0230105
0.0230102
0.0230746
0.0230743
0.0230102
0.0234753
0.0230107
0.0229454
0.0230104
0.0234746
0.02301
0.0234759
0.0240267
0.0234744
0.023476
0.0230097
0.0230099
0.0230104
0.0229476
0.0230107
0.0230101
0.0230099
0.0230117
0.0230741
0.0230106
0.0230097
0.0230096
0.0234748
0.0230748
0.0230102
0.0230104
0.0230103
0.0234756
0.0234745
0.0234756
0.0230107
0.0230107
0.0234747
0.0235405
0.0230107
0.0230104
0.023011
0.0230104
0.0230739
0.0230107
0.0234746
0.0230102
0.0229466
0.0230102
0.02301
0.0234749
0.0230099
0.0229462
0.0229453
0.0234749
0.0230104
0.0230734
0.0234749
0.0240273
0.0234754
0.0230106
0.0230745
0.0230102
0.0234751
0.0234754
0.0230105
0.0230111
0.0230103
0.0230099
0.0234751
0.0235416
0.0234745
0.0230111
0.0234749
0.0240282
0.0234744
0.0230105
0.0230739
0.0230109
0.0230744
0.0234753
0.0230105
0.0230733
0.0230742
0.0230094
0.0230106
0.0230743
0.0230103
0.0230107
0.0230106
0.0230103
0.0234747
0.0230098
0.0230101
0.0230098
0.0234747
0.0230744
0.0230101
0.0234746
0.023475
0.0230102
0.0230102
0.0230106
0.0230095
0.0230103
0.0230103
0.0230094
0.0230107
0.02301
0.0229437
0.0230105
0.0230104
0.0230105
0.0230748
0.0234753
0.0230092
0.0229473
0.0230097
0.0234754
0.0230098
0.0230088
0.0230102
0.0230746
0.0230113
0.0230103
0.0230102
0.0230107
0.02301
0.0230108
0.0230097
0.0234748
0.0230736
0.0236087
0.0230742
0.0230744
0.0230107
0.0230104
0.0234747
0.0235412
0.0230107
0.0230101
0.0230108
0.0230092
0.0230101
0.0230088
0.0230106
0.0230743
0.0234758
0.0230101
0.0234754
0.0240275
0.0234748
0.0234754
0.0230107
0.0230739
0.0230109
0.0230739
0.0230109
0.0230106
0.0234751
0.0229461
0.0230094
0.0229457
0.0225625
0.0230112
0.0230096
0.0234752
0.0230749
0.0236083
0.0230729
0.0235405
0.0230737
0.0230108
0.0230103
0.0230745
0.023607
0.0230733
0.0234752
0.0230107
0.0230102
0.0230097
0.0230103
0.023074
0.0236079
0.0230733
0.0234754
0.0234744
0.0234756
0.023475
0.0230088
0.0230098
0.02301
0.0234752
0.0234747
0.0230101
0.0230095
0.0230097
0.0230109
0.0230097
0.0230084
0.0234737
0.0230102
0.0230097
0.0229469
0.0230103
0.0230744
0.0230097
0.0230106
0.0230112
0.0230106
0.0230112
0.0230738
0.0230091
0.0230108
0.0230738
0.0230092
0.0230088
0.0230102
0.0234755
0.0230724
0.0234749
0.02301
0.0234751
0.0230104
0.0230728
0.0230106
0.0230108
0.022946
0.0234758
0.0230106
0.0230114
0.0234751
0.0230084
0.0230102
0.0230111
0.0230105
0.023475
0.0230105
0.0234752
0.0230098
0.0230108
0.022947
0.0234743
0.0230089
0.0230098
0.0234757
0.0234754
0.023074
0.0235417
0.0230105
0.0230735
0.0230098
0.0229458
0.0229455
0.0234736
0.02301
0.0230109
0.0230111
0.0229471
0.0230101
0.0229466
0.023009
0.0230748
0.0230097
0.0230102
0.0230102
0.023009
0.0234755
0.0230099
0.02301
0.0230106
0.0229454
0.0234747
0.0234746
0.0230108
0.0234752
0.0234741
0.0230104
0.0234754
0.0230107
0.0234751
0.0230101
0.0229464
0.0234751
0.0230109
0.0234745
0.0230101
0.0230748
0.0234744
0.0230108
0.0230104
0.0230109
0.0230089
0.0230091
0.0230102
0.0230102
0.02301
0.0230099
0.0230094
0.0229453
0.0229465
0.0230111
0.0230737
0.0230106
0.0234746
0.0234759
0.02301
0.023009
0.0234744
0.0240278
0.0234747
0.02301
0.0234755
0.0234747
0.0229465
0.0230091
0.0230103
0.0230108
0.0230095
0.023011
0.0230089
0.023475
0.0235408
0.0234757
0.0229469
0.0230106
0.0230105
0.0225636
0.0230106
0.0230106
0.0230098
0.0234753
0.0234752
0.0230104
0.0230101
0.0230097
0.0225621
0.0230091
0.0230107
0.0230104
0.023011
0.0230734
0.0230101
0.0234746
0.0234751
0.0230113
0.0230108
0.0229456
0.0230104
0.0229471
0.0230103
0.0230732
0.0230105
0.0230108
0.0230104
0.02301
0.0230096
0.0230106
0.0230105
0.0230099
0.0230104
0.0235417
0.0230099
0.0234754
0.0230107
0.0230744
0.0230118
0.0229454
0.0230101
0.0229468
0.0229459
0.0230103
0.0230753
0.0235411
0.0230106
0.0230748
0.0230742
0.0236075
0.0230731
0.0230083
0.0230095
0.0230107
0.0230107
0.0230744
0.0230101
0.0230737
0.02301
0.023475
0.0230111
0.0230105
0.0230112
0.0234746
0.0230093
0.0234751
0.0230104
0.0234751
0.0230747
0.0230106
0.0230099
0.0230099
0.0230107
0.0230105
0.0230102
0.0230087
0.0229465
0.0234753
0.0230112
0.0230099
0.0230739
0.0230105
0.0235422
0.0230104
0.0225626
0.0230109
0.0230098
0.0234754
0.0234754
0.0230094
0.0230099
0.0234748
0.0234756
0.0230096
0.02301
0.023075
0.023011
0.0230109
0.0230102
0.0230116
0.0229458
0.0230089
0.0230112
0.0234748
0.0230111
0.0230094
0.0234752
0.0230097
0.0230105
0.0230103
0.0230091
0.0230745
0.0230113
0.0230096
0.0230106
0.0230098
0.0230106
0.0230107
0.0230099
0.0230104
0.0230742
0.0230103
0.0230106
0.0230101
0.02301
0.0229458
0.022946
0.0230093
0.0230106
0.0234743
0.0230102
0.023475
0.0230103
0.0230109
0.0229471
0.0230106
0.0230108
0.0230087
0.0230744
0.0234745
0.023011
0.0230113
0.0230106
0.0230088
0.0230106
0.0230105
0.0230748
0.0230097
0.0230098
0.0230107
0.023011
0.0235413
0.0230107
0.0230106
0.0234748
0.0230107
0.0230104
0.0234746
0.0235413
0.0230113
0.0230095
0.0230102
0.023074
0.0230098
0.023474
0.0230095
0.0234755
0.0230099
0.0234747
0.0230109
0.0230108
0.0230105
0.0229462
0.0230097
0.02301
0.0230094
0.0230106
0.0230102
0.0230112
0.0230093
0.0230106
0.0230109
0.0230101
0.0230096
0.0230102
0.0230738
0.023074
0.0230748
0.0234752
0.0230105
0.0230742
0.0234753
0.0229466
0.0230097
0.0230102
0.0230741
0.0230098
0.0235414
0.0234751
0.0230106
0.0234742
0.0240281
0.0234748
0.0230109
0.0230745
0.0230104
0.023011
0.0230091
0.0230099
0.0229461
0.0234755
0.0240276
0.0235415
0.0230105
0.0230098
0.0230106
0.0230099
0.0230085
0.0230097
0.0230744
0.0230737
0.0230104
0.0234747
0.0240267
0.0234737
0.0230734
0.0230112
0.0230092
0.0234753
0.0230109
0.0234753
0.0230103
0.0230116
0.0230114
0.0230093
0.0234747
0.0230088
0.0230107
0.02301
0.022946
0.0230101
0.0230106
0.0230101
0.0235414
0.0230108
0.0234751
0.0230738
0.02301
0.0229465
0.0230102
0.0230746
0.0230746
0.0230097
0.0230099
0.0230105
0.0230106
0.0230107
0.0230109
0.0230112
0.0230738
0.0230102
0.0229464
0.0234752
0.0230096
0.0230103
0.0230734
0.0230104
0.0230109
0.0234756
0.0230107
0.0230097
0.0234755
0.0230102
0.0230102
0.0225639
0.0230103
0.0235415
0.0230092
0.0230098
0.0230104
0.0234734
0.0230744
0.0230106
0.0234753
0.0230745
0.023009
0.0230099
0.02301
0.0230746
0.0234753
0.0230748
0.0234742
0.0230104
0.0225632
0.0230098
0.0230107
0.0230104
0.0230094
0.02301
0.0230108
0.02301
0.0234754
0.0230743
0.0230105
0.0234748
0.0234757
0.0230098
0.0230105
0.0230744
0.0230105
0.0230108
0.0230108
0.0230753
0.0230096
0.0229459
0.0230095
0.0230106
0.0230109
0.023075
0.0234753
0.0230107
0.0234746
0.0240287
0.0235415
0.0230098
0.023475
0.0230098
0.0230109
0.0230099
0.0230745
0.0230745
0.0230109
0.0234741
0.0230103
0.0230093
0.0230099
0.0230107
0.0230106
0.0230097
0.0225637
0.0230743
0.0234738
0.0234743
0.0230093
0.0229464
0.0230094
0.0234742
0.0240278
0.0234751
0.0230101
0.0230743
0.0234755
0.0234745
0.0230094
0.0230106
0.0230097
0.0234755
0.0230744
0.0230108
0.0234736
0.0230094
0.0230744
0.0236078
0.0230738
0.0230111
0.023075
0.0234755
0.0230099
0.0230107
0.0230108
0.0234758
0.0230105
0.0230748
0.0234749
0.0230095
0.0230742
0.0230098
0.02301
0.0229468
0.0234747
0.0230101
0.0234757
0.0240285
0.0234728
0.023075
0.023011
0.023475
0.0230107
0.0230105
0.0235407
0.0230104
0.0230107
0.0225631
0.0230105
0.0230108
0.0230115
0.0234755
0.0229475
0.0234753
0.0230106
0.0234746
0.0230108
0.0234753
0.0234747
0.0229469
0.0230096
0.0230734
0.0236074
0.0230746
0.0230104
0.0230109
0.0234753
0.0234747
0.0230106
0.0234751
0.023009
0.0230102
0.0234753
0.0235419
0.0230096
0.0230112
0.0234752
0.0230105
0.0230095
0.0230106
0.0234739
0.0230098
0.0234741
0.0235415
0.0230107
0.0230093
0.0230106
0.0230105
0.0230107
0.0230091
0.0230096
0.0230097
0.0234758
0.0230092
0.0234738
0.0230098
0.0230108
0.0230737
0.0230113
0.0234753
0.0234752
0.0230089
0.0230093
0.0230747
0.0230099
0.0234757
0.0230104
0.0230741
0.0230749
0.0230088
0.023475
0.0230108
0.0234748
0.0230743
0.0230101
0.0234755
0.0240281
0.0234754
0.0234757
0.0230103
0.0235417
0.0234743
0.0234744
0.022947
0.0230095
0.0230101
0.0234754
0.0230728
0.0230106
0.0234757
0.0230105
0.0230741
0.0230104
0.0234753
0.0230096
0.0230079
0.0230099
0.0230102
0.0234754
0.0230108
0.023011
0.0230108
0.023476
0.0234748
0.0230103
0.0230104
0.0230105
0.0230084
0.0230115
0.0230102
0.0230102
0.0230082
0.0230094
0.0230107
0.0230114
0.02301
0.0230102
0.0230102
0.0230089
0.0234737
0.0234752
0.0230105
0.0230101
0.0230106
0.0230744
0.0230098
0.0230102
0.0230096
0.0234741
0.02301
0.0230104
0.0230108
0.0230749
0.0230107
0.0230747
0.0234749
0.0230105
0.0234758
0.0234754
0.0230104
0.0234751
0.0230101
0.023073
0.0230094
0.0229468
0.023011
0.0230108
0.0229478
0.0230109
0.0230102
0.0234745
0.0234748
0.0230116
0.0234754
0.0230102
0.0230105
0.0230738
0.0230099
0.0230101
0.0230109
0.0230101
0.0230101
0.02301
0.0230737
0.023609
0.0230736
0.0230104
0.0229468
0.0230098
0.0230097
0.0230731
0.0234757
0.0234755
0.0230105
0.0230103
0.0230083
0.0230097
0.02301
0.0230095
0.0230728
0.0234756
0.0230103
0.0230105
0.0230112
0.0230108
0.0230091
0.0230101
0.0230109
0.0230096
0.0229449
0.0225643
0.0230101
0.0234747
0.023011
0.0235406
0.0230108
0.0230099
0.0230102
0.0230096
0.02301
0.0230104
0.0230741
0.0235404
0.023476
0.0240281
0.0234738
0.0234757
0.0230098
0.0234752
0.0230087
0.0230092
0.0235414
0.0230112
0.0230107
0.0230107
0.0230106
0.0235415
0.02301
0.0230746
0.0230745
0.0230106
0.0234743
0.023475
0.0234747
0.0230105
0.0230106
0.0230114
0.0235417
0.0230109
0.0230102
0.0234744
0.0234746
0.0230114
0.0234753
0.0234754
0.0230747
0.0230102
0.023476
0.0230737
0.0230107
0.0230098
0.0230745
0.0230751
0.0234755
0.0230109
0.0230109
0.0230103
0.0230104
0.023074
0.0230105
0.0230104
0.0230104
0.0230112
0.0230091
0.0230095
0.0230106
0.0234753
0.0230749
0.0230098
0.02301
0.0230103
0.0234757
0.023009
0.0234752
0.0230104
0.0230749
0.023011
0.0230111
0.0230094
0.0234747
0.0230114
0.0230744
0.0234748
0.0230734
0.02301
0.0230099
0.0230708
0.0230098
0.0230101
0.0229474
0.0230108
0.0230741
0.0234758
0.0230746
0.0234738
0.0230096
0.0230098
0.0230094
0.0234747
0.0230106
0.0230103
0.0234737
0.0230106
0.0234748
0.0230101
0.0230104
0.0230105
0.023475
0.0230103
0.0235414
0.0230734
0.0230109
0.023011
0.0234745
0.0234747
0.0234751
0.0234745
0.0240286
0.0246078
0.0250516
0.0244509
0.0238793
0.0238798
0.0243685
0.0248764
0.0242853
0.0237988
0.0237994
0.0237998
0.0242835
0.0237991
0.0237995
0.0238001
0.0237986
0.0238783
0.0237981
0.0237993
0.0242847
0.0238
0.0237997
0.0238005
0.0238001
0.0237988
0.0237988
0.023799
0.0237996
0.0237995
0.0238005
0.0233331
0.0233322
0.0237998
0.0238775
0.0237993
0.0238785
0.0238002
0.0237997
0.0237991
0.0237988
0.0237992
0.0233326
0.0232564
0.0237983
0.0237991
0.0233323
0.0237997
0.023799
0.0237995
0.0237991
0.024284
0.0237993
0.0238798
0.0237997
0.0237987
0.0237995
0.0238
0.0238003
0.0237979
0.0238788
0.0233328
0.0238
0.0237999
0.0237999
0.0238003
0.0242855
0.0238794
0.0233331
0.0238796
0.0237998
0.0243682
0.0237996
0.0237999
0.023799
0.0238785
0.0237983
0.0237991
0.0237997
0.0237999
0.0237983
0.0237991
0.0237994
0.0238795
0.0233326
0.0238794
0.0237995
0.0237996
0.0238009
0.0238804
0.0237992
0.0237999
0.0237988
0.0237996
0.0237988
0.0238005
0.0238002
0.023799
0.0233316
0.0238004
0.0237997
0.0238004
0.0238014
0.0237996
0.0242852
0.0237982
0.0242852
0.023798
0.0238008
0.0237979
0.0237999
0.0237995
0.0238795
0.0237983
0.0238004
0.0238787
0.0243674
0.0244507
0.0238788
0.0237989
0.0237994
0.0238008
0.0237996
0.0233323
0.0238781
0.0238791
0.0242848
0.0237991
0.0237981
0.0233334
0.0237988
0.0237999
0.0238004
0.0233329
0.0237995
0.023799
0.0237991
0.0233325
0.0238003
0.0238792
0.0233318
0.0237998
0.0238792
0.0242837
0.0237978
0.0242843
0.024368
0.0243685
0.0238792
0.0237985
0.0238007
0.0242849
0.0237985
0.0242849
0.0238793
0.0237977
0.0233324
0.023256
0.0237987
0.0237995
0.0238001
0.0237987
0.0237195
0.0237989
0.0242845
0.0237988
0.0237998
0.0233324
0.0237995
0.0238001
0.023799
0.0238001
0.0237985
0.0237994
0.0238788
0.0237998
0.0238801
0.0237992
0.0237213
0.0238006
0.0238
0.0238008
0.0237999
0.024368
0.0244507
0.0238782
0.0237991
0.0242854
0.0248773
0.0242854
0.0237992
0.0238792
0.0237981
0.0237997
0.0238784
0.023799
0.0242849
0.0237993
0.0237983
0.0237985
0.0237989
0.023798
0.0238785
0.0244525
0.0238799
0.0237993
0.0237998
0.0237991
0.024286
0.0237997
0.0238791
0.0238796
0.0233312
0.0238783
0.0238001
0.0237986
0.0237996
0.0233328
0.0237996
0.0232567
0.0238004
0.0238786
0.0237995
0.0242851
0.0237996
0.0237993
0.0238002
0.023799
0.0238795
0.023799
0.023332
0.0237982
0.0238789
0.0238785
0.0244516
0.0238802
0.0237989
0.0237988
0.0237987
0.0238785
0.0238002
0.0237206
0.0237996
0.0242851
0.023799
0.0238794
0.0238001
0.0237995
0.0233319
0.0237994
0.0238781
0.0242849
0.0237996
0.0233338
0.0237198
0.0237989
0.0237995
0.0238791
0.0237981
0.0238004
0.0242849
0.0237204
0.0237993
0.0243685
0.0237993
0.0242848
0.0237991
0.0237975
0.0237987
0.0233335
0.0238008
0.0242852
0.0237988
0.0238794
0.0237999
0.023798
0.0237994
0.0243679
0.0237981
0.0237987
0.0238784
0.0242838
0.0237991
0.0237987
0.0237978
0.023879
0.0237994
0.0237995
0.0238
0.0238008
0.0237998
0.0237988
0.0238789
0.0237991
0.0233327
0.023878
0.0237995
0.0238788
0.024285
0.0237183
0.0237984
0.023798
0.0238791
0.0237993
0.0237991
0.0238003
0.0238001
0.0238
0.0237992
0.0237988
0.0243689
0.0238004
0.0237989
0.0237985
0.0237989
0.0242841
0.0237987
0.0233316
0.0237985
0.0237992
0.0242847
0.0237995
0.0238001
0.0237995
0.0237991
0.0233324
0.0237993
0.023332
0.0237998
0.024286
0.0237999
0.0233323
0.0237987
0.0237981
0.0238798
0.0237999
0.0237997
0.0237995
0.0238785
0.0238783
0.0237978
0.0238788
0.0238004
0.0237999
0.0238
0.0233331
0.0237995
0.0242855
0.0237996
0.023799
0.0237986
0.0237998
0.0237997
0.0237998
0.0238005
0.0238791
0.0237997
0.0238796
0.0237998
0.0238802
0.0238
0.023255
0.0237997
0.0238005
0.0237995
0.0237999
0.0237997
0.0238003
0.0237993
0.0237988
0.0238007
0.0237992
0.0237999
0.0238796
0.0237989
0.0237983
0.0237998
0.0237991
0.0237987
0.0237999
0.023879
0.0233337
0.0237993
0.0238794
0.0238007
0.0242857
0.0237994
0.0238785
0.0237986
0.0233328
0.0237997
0.0237998
0.0238792
0.0237991
0.0243681
0.0237996
0.0237997
0.0238
0.0237989
0.0237979
0.0238002
0.024285
0.0237992
0.0237986
0.0237992
0.0237989
0.0242851
0.0237999
0.0237994
0.0237987
0.0238792
0.0237993
0.0238786
0.0238
0.0238003
0.0238004
0.0242851
0.0237993
0.0238801
0.0237989
0.0237986
0.0233301
0.0237995
0.0237994
0.0237988
0.0238001
0.0237999
0.0238002
0.0237988
0.0243672
0.0237982
0.023333
0.0237997
0.0237988
0.0233324
0.0237987
0.0237998
0.0238788
0.0237993
0.023879
0.0238
0.0237995
0.0238001
0.0237988
0.0238782
0.0237995
0.0237998
0.0238797
0.0237995
0.0237994
0.0238003
0.0242854
0.0237993
0.0237987
0.0237992
0.0237991
0.0237992
0.0233328
0.0237986
0.0237984
0.0237989
0.0237994
0.0233329
0.0233325
0.0237994
0.0237987
0.0237984
0.0237989
0.0237994
0.0242839
0.0238767
0.0244517
0.0238789
0.0237999
0.0237997
0.0238
0.0238789
0.0237999
0.0237992
0.0237196
0.0237996
0.0237999
0.0238001
0.0237999
0.0238004
0.0237986
0.0237992
0.02388
0.0237995
0.0238005
0.0237993
0.0233334
0.023799
0.0233315
0.0237999
0.0237994
0.0233333
0.0238003
0.0237998
0.0237999
0.0238003
0.023799
0.0237993
0.0237979
0.0237994
0.0238791
0.0238803
0.0237997
0.0237984
0.0237994
0.0237988
0.0238794
0.0238787
0.0238795
0.0238784
0.0242847
0.0237992
0.0238002
0.0238003
0.0242856
0.024368
0.0237992
0.0243679
0.0238775
0.0238792
0.0237995
0.0238002
0.0237985
0.0237985
0.0237994
0.0237994
0.0242836
0.0237993
0.0238002
0.0237996
0.023333
0.0238795
0.0233326
0.0237972
0.0238008
0.0238005
0.0237999
0.024285
0.0237983
0.0237992
0.0238791
0.0237994
0.0237982
0.0238
0.0237989
0.0237996
0.0237996
0.0238
0.0238001
0.0237998
0.0232564
0.0237995
0.0238781
0.0233327
0.0237996
0.0237993
0.0237997
0.0238007
0.0238791
0.024284
0.0238793
0.0238006
0.0237988
0.0237994
0.0242847
0.0237998
0.0237986
0.0238782
0.0243675
0.0237993
0.0233341
0.0237991
0.0237989
0.0237998
0.023879
0.0237985
0.0237988
0.023799
0.0233324
0.0237999
0.023799
0.0237996
0.0242849
0.0237995
0.0237983
0.0237991
0.023798
0.0233329
0.0238
0.023333
0.0238001
0.0237991
0.0237999
0.0238784
0.0237989
0.0233324
0.0237997
0.0238796
0.0238003
0.023333
0.0237993
0.0237989
0.023799
0.0233311
0.0233334
0.0237985
0.024285
0.0237996
0.0238796
0.0244507
0.0238791
0.0238
0.0237991
0.0243678
0.0242842
0.0237996
0.0237984
0.0237996
0.0243677
0.0237992
0.0237996
0.0238771
0.0244498
0.0238788
0.0237992
0.0238786
0.0237993
0.0242862
0.0248774
0.0242845
0.0237992
0.0243673
0.0237997
0.0238785
0.0237994
0.0238797
0.0237988
0.0237994
0.0237983
0.023799
0.0237975
0.0242847
0.0237993
0.0238787
0.0233319
0.0233334
0.0237997
0.0238788
0.0237994
0.0238004
0.0238796
0.0237994
0.0237999
0.0233328
0.0237198
0.023799
0.0238006
0.0238806
0.0237992
0.0232572
0.0237997
0.0242852
0.0237984
0.024368
0.0242848
0.0237987
0.0237993
0.0233322
0.0237987
0.0238778
0.0237998
0.0238791
0.0237983
0.0242829
0.0237985
0.0242842
0.0238797
0.0237997
0.0233339
0.0237996
0.0233326
0.0238797
0.0237991
0.023799
0.0237995
0.0237999
0.0237993
0.0238
0.0237202
0.0238001
0.0238004
0.023799
0.0237989
0.0242857
0.0238793
0.0238783
0.023333
0.0237986
0.0238
0.0238002
0.0238788
0.0237986
0.0237985
0.0233328
0.023798
0.0237996
0.0238001
0.023799
0.0238002
0.0238789
0.0237995
0.0237991
0.0238
0.0237989
0.0238799
0.0237997
0.0238003
0.0238003
0.0233325
0.0237997
0.0237997
0.0237994
0.0238005
0.0232556
0.0237195
0.0242834
0.0248763
0.0242842
0.0238782
0.0238778
0.0244507
0.0238783
0.0237996
0.0238802
0.0237991
0.023799
0.0242854
0.0237995
0.0233325
0.0237995
0.0238
0.0238788
0.0238792
0.0237997
0.0238797
0.0238003
0.0233327
0.0238002
0.0242848
0.0237993
0.0238797
0.0238006
0.0237991
0.0242847
0.0237997
0.0237966
0.0238796
0.0238
0.0237995
0.0242856
0.0237983
0.0237996
0.0237994
0.0237989
0.0237999
0.0237985
0.0237991
0.0237987
0.023798
0.0233321
0.0237991
0.0237991
0.0238795
0.0237996
0.0237985
0.0238797
0.0244508
0.0238793
0.0237996
0.023799
0.0238787
0.0244508
0.0243671
0.0237997
0.0233335
0.0238795
0.0233328
0.0237998
0.0237995
0.0237977
0.0238785
0.0237996
0.0237998
0.0238
0.0233324
0.0237987
0.0237189
0.0237993
0.0238002
0.0237996
0.0238003
0.0237997
0.0237992
0.0237996
0.0237986
0.0237996
0.0242847
0.0237998
0.0237997
0.0237991
0.0238798
0.0237994
0.0237997
0.023879
0.0238001
0.0237981
0.024285
0.024285
0.023799
0.0233326
0.0237987
0.0237998
0.0237974
0.0243671
0.0237995
0.0237991
0.0237996
0.023333
0.0237987
0.0238
0.0238799
0.0237993
0.0237993
0.0238778
0.0238
0.0237991
0.0237994
0.0238003
0.0237991
0.0237985
0.0237988
0.0237988
0.0243686
0.0242854
0.0237997
0.0242838
0.0238002
0.0237997
0.0238795
0.0237995
0.0238782
0.0242847
0.0237979
0.0237993
0.0237995
0.0242844
0.0237999
0.0237994
0.0237991
0.0238787
0.0237996
0.0237986
0.0237987
0.0237993
0.0242852
0.0238007
0.0242852
0.0238792
0.0238004
0.0237991
0.0237991
0.0238003
0.0237991
0.0237995
0.0237989
0.0238792
0.0238005
0.0233325
0.0237985
0.0238801
0.0238775
0.0238002
0.0237993
0.0242852
0.0242854
0.0248754
0.0242843
0.0237997
0.0238793
0.0237992
0.0237991
0.023799
0.0237987
0.023332
0.0237985
0.0242843
0.0237994
0.0237999
0.0238002
0.0237201
0.0237999
0.0242858
0.0237997
0.02388
0.0238798
0.0238
0.0242857
0.0237999
0.0238794
0.0242852
0.0237975
0.0238793
0.0237999
0.0237999
0.0238793
0.023878
0.0238001
0.0242852
0.0242846
0.0237997
0.0237991
0.02372
0.0237192
0.024286
0.0238781
0.0238
0.0237998
0.0237993
0.0238782
0.0237994
0.0237997
0.0237996
0.0242842
0.0237994
0.0237999
0.0238
0.0238
0.0238001
0.0233331
0.0238784
0.0238785
0.0237988
0.0237988
0.0237994
0.0237194
0.0237982
0.0233314
0.0237998
0.0237991
0.0233318
0.023799
0.0237999
0.0238786
0.0237988
0.0233322
0.0237989
0.0233333
0.0238791
0.023799
0.0238782
0.0238794
0.0237983
0.0237993
0.0237984
0.0237984
0.0237977
0.0237989
0.0237994
0.0237183
0.0237986
0.0237993
0.0243684
0.0238795
0.0238799
0.0238005
0.0238001
0.0243675
0.0238784
0.0244522
0.0238793
0.0237986
0.0237989
0.0233333
0.0237997
0.0237189
0.0237998
0.0238003
0.0238001
0.0237199
0.0237988
0.0238004
0.0237993
0.0237992
0.0237992
0.0237992
0.0238792
0.0237973
0.0237984
0.0237989
0.0242842
0.0238798
0.0238796
0.0237991
0.0238802
0.0242848
0.0237996
0.0237991
0.0242846
0.0237973
0.0237993
0.0237995
0.0238001
0.0237993
0.0238005
0.0238
0.0237993
0.0238001
0.0237992
0.0237976
0.0233322
0.0238001
0.0237994
0.023798
0.0237996
0.023879
0.0237996
0.0237996
0.0242849
0.0237998
0.0242854
0.0237988
0.0238788
0.0238
0.0233327
0.0237988
0.0237974
0.0233328
0.0237995
0.0243682
0.0238
0.0237984
0.0237989
0.02388
0.0242859
0.0243687
0.0237996
0.023799
0.024285
0.0237982
0.0233317
0.0237184
0.0237985
0.0237973
0.0242845
0.0248761
0.0242848
0.0237998
0.023333
0.0232555
0.0237993
0.0237996
0.023799
0.0242842
0.0237992
0.0237988
0.0237984
0.0237992
0.0237983
0.0237977
0.0237993
0.0242851
0.0238
0.0233326
0.0237999
0.0238006
0.0237989
0.0237994
0.0237992
0.0233327
0.0237991
0.0237993
0.0238789
0.0237994
0.0238001
0.023799
0.0238799
0.0237993
0.0238778
0.0237994
0.0242852
0.0237994
0.0238002
0.0242852
0.0238002
0.0238791
0.0238788
0.0237999
0.0238797
0.0233333
0.0238786
0.0238784
0.0244519
0.0238785
0.0238003
0.0238002
0.0233324
0.0237988
0.0242855
0.0237993
0.0233328
0.0237994
0.0237993
0.0238797
0.0237991
0.0237985
0.0233339
0.0237994
0.0237999
0.0233334
0.0237982
0.0242848
0.0238
0.0238793
0.0237995
0.0237987
0.0238001
0.0238
0.0237999
0.0233325
0.0238002
0.0238009
0.0238779
0.0238787
0.0242853
0.0237984
0.0237998
0.0233316
0.0233322
0.0237198
0.0237987
0.0238796
0.0237992
0.024285
0.0238797
0.0238
0.0242857
0.0237977
0.0242841
0.0237996
0.0237989
0.0237992
0.0237997
0.023879
0.023799
0.0238
0.0237996
0.023332
0.0233327
0.0238782
0.0237995
0.0237994
0.0238004
0.0237993
0.0237993
0.0242857
0.0237996
0.0238793
0.023799
0.0238785
0.0237993
0.0233322
0.0238002
0.0237994
0.0238783
0.0237998
0.0233323
0.0237996
0.0242854
0.0237989
0.0233327
0.0238006
0.0237995
0.0238002
0.0238797
0.0238001
0.0237987
0.0237989
0.024285
0.0237993
0.0237997
0.0233333
0.0237992
0.0237989
0.0233325
0.0233326
0.0237993
0.0237997
0.0237994
0.0237994
0.0238786
0.0237987
0.0237999
0.0238
0.0237194
0.0237978
0.023799
0.0233314
0.0232545
0.0233329
0.0238007
0.0242843
0.0237999
0.0237997
0.0238
0.023799
0.0237991
0.0238795
0.0237997
0.023799
0.0237995
0.0233325
0.0237982
0.0243673
0.0237987
0.0238791
0.0238791
0.0233333
0.0237996
0.0237994
0.0238795
0.0238795
0.0237999
0.0238788
0.0238002
0.0238796
0.0237994
0.0242845
0.0237992
0.0237994
0.0237985
0.0242845
0.0237997
0.0237985
0.0237988
0.0237993
0.0237991
0.0238002
0.0237995
0.0238
0.0237992
0.023798
0.0237981
0.0233331
0.0237988
0.0238797
0.0237996
0.0237996
0.0238794
0.0242848
0.0238792
0.0237972
0.0237992
0.02388
0.0237999
0.0237989
0.0238
0.0238002
0.0238001
0.0238791
0.0243683
0.0242839
0.0238796
0.0237985
0.0238784
0.024368
0.023799
0.0237996
0.0237995
0.0237995
0.0238792
0.0238789
0.0233304
0.023332
0.0238007
0.0242859
0.0237206
0.0242852
0.0237997
0.0238003
0.0237996
0.0237987
0.0237983
0.0237996
0.0238793
0.0243678
0.0237973
0.0237995
0.0242847
0.023798
0.0237203
0.0237198
0.0237997
0.0238
0.0237997
0.0237996
0.0237985
0.0237998
0.0238784
0.0237998
0.0237992
0.0238005
0.023798
0.0238786
0.023799
0.0238001
0.0237991
0.0237997
0.023799
0.0238797
0.0237994
0.0237996
0.0237993
0.0237987
0.0237994
0.0238
0.0237998
0.0238
0.0237997
0.0237999
0.024368
0.0248774
0.0243679
0.0237961
0.0242845
0.0238795
0.0237997
0.023799
0.0238788
0.0238002
0.0238
0.0238794
0.0237995
0.0237992
0.0237997
0.0237999
0.0238
0.0242851
0.0238796
0.0238002
0.023332
0.0237993
0.0237988
0.0237999
0.0233328
0.0237994
0.0238
0.0237995
0.0233318
0.0237993
0.0238801
0.0237977
0.0237997
0.0237997
0.0237988
0.0233324
0.0238786
0.0237994
0.0237981
0.0238791
0.0237974
0.0237989
0.0238776
0.0237997
0.0233327
0.023799
0.0237996
0.0238001
0.0238799
0.0237987
0.0237985
0.024285
0.023799
0.0242844
0.0243678
0.0237993
0.0237989
0.0238793
0.0233332
0.0238003
0.0237997
0.0238782
0.0237985
0.0237999
0.0238787
0.0237993
0.0242854
0.0237996
0.0238793
0.023799
0.0233316
0.0233334
0.0237996
0.0237995
0.0237999
0.0238791
0.0237998
0.0237996
0.0237989
0.0237987
0.0242856
0.0237995
0.0238786
0.0242851
0.023798
0.0237994
0.0237988
0.0237997
0.0238007
0.0237994
0.0238798
0.0237992
0.02388
0.0237987
0.0237989
0.0242846
0.0238799
0.0238792
0.0242847
0.0237994
0.0238783
0.0242839
0.0237985
0.0238002
0.024286
0.0237992
0.023799
0.0237982
0.0242848
0.0237997
0.0237991
0.0233319
0.023879
0.0244509
0.0238789
0.0244505
0.0238789
0.0238004
0.0237986
0.0238788
0.0237988
0.0237992
0.0237994
0.0238787
0.0237998
0.0237979
0.023798
0.0238002
0.0237992
0.0237993
0.0242856
0.0238
0.0237993
0.0237991
0.0237996
0.0238002
0.0243685
0.0238791
0.0238788
0.0237984
0.0237996
0.0233327
0.0237997
0.023879
0.0238789
0.0244521
0.0238788
0.0237997
0.0237994
0.0238001
0.0242859
0.0237995
0.0237982
0.0242852
0.0237997
0.0237993
0.0237988
0.0238795
0.0237991
0.0237994
0.0237997
0.0237999
0.0242847
0.024285
0.0238783
0.0238002
0.0238001
0.023799
0.0238783
0.0238004
0.0237988
0.0238782
0.0237985
0.0237999
0.0237993
0.0233324
0.0237993
0.0242836
0.0248766
0.0242855
0.0237993
0.0238786
0.0237998
0.0237982
0.0233322
0.0238008
0.0238
0.0238002
0.0237995
0.0237996
0.0238791
0.0237989
0.0238
0.0237991
0.0237995
0.0238
0.0233324
0.0237991
0.0237999
0.0237997
0.0237998
0.0233331
0.0238796
0.0238001
0.0242858
0.0248775
0.024368
0.0238794
0.024368
0.0242851
0.0238794
0.0238782
0.0238791
0.0237993
0.0237992
0.0233316
0.0237994
0.0238
0.0237997
0.0238796
0.0238
0.0238798
0.0233332
0.023799
0.0237989
0.0237985
0.0237997
0.0237982
0.0237981
0.0237999
0.0237988
0.0238001
0.0237985
0.0242825
0.0237995
0.0237991
0.0237978
0.0243688
0.0242851
0.0242858
0.0242859
0.0237201
0.0237998
0.0237986
0.0237986
0.0238785
0.0233334
0.0238793
0.0238004
0.0237998
0.0238005
0.0237984
0.0238786
0.0237988
0.0237992
0.0237993
0.0243683
0.0238794
0.0237993
0.0237996
0.0237999
0.0233335
0.0237995
0.023879
0.023878
0.0237992
0.0237994
0.0238789
0.0238002
0.0237984
0.0238789
0.0244508
0.0243674
0.0238002
0.0242846
0.0243681
0.0237987
0.0233323
0.0238001
0.0238003
0.0233331
0.0238004
0.0237994
0.0238795
0.023799
0.0237985
0.0237986
0.0238002
0.0237985
0.024285
0.0238742
0.0237986
0.0237986
0.0237992
0.0242847
0.0238003
0.0237991
0.0237981
0.0242841
0.0237998
0.0233326
0.0238
0.0238799
0.0237998
0.0233322
0.0238003
0.0237997
0.0237986
0.0238791
0.0244512
0.0238799
0.0237991
0.0237992
0.0242851
0.0237992
0.0238
0.0233331
0.0233332
0.0238003
0.0237993
0.0233335
0.023799
0.0238786
0.023799
0.024284
0.0237989
0.02388
0.0237995
0.0237986
0.0237993
0.0237985
0.0238004
0.0237994
0.0238786
0.0242842
0.0237988
0.0238006
0.0233332
0.0233322
0.0237987
0.0238004
0.0237994
0.0238786
0.0233323
0.023799
0.0237991
0.0237997
0.0232562
0.0237998
0.023799
0.0237986
0.0237992
0.0238798
0.0237991
0.0237999
0.024369
0.0244509
0.0243671
0.0238781
0.023799
0.0238002
0.0238793
0.0238005
0.0237985
0.0237983
0.0242844
0.0237993
0.0237985
0.0237983
0.0237994
0.0232565
0.023799
0.0237998
0.0237996
0.0238787
0.0237997
0.0242853
0.0248768
0.0242829
0.0242843
0.0237995
0.0237993
0.0237996
0.0237992
0.0237999
0.0237994
0.0237997
0.023799
0.0233325
0.0237996
0.0237991
0.0237998
0.0242851
0.0242839
0.0237987
0.0237997
0.0242849
0.024878
0.0243677
0.0238791
0.0242855
0.0238002
0.023877
0.0238792
0.0237999
0.0237991
0.0242849
0.023799
0.0242856
0.0243683
0.0238794
0.0238789
0.0237991
0.0237995
0.023879
0.0242842
0.0237997
0.0237997
0.0238
0.0238786
0.0244509
0.0238794
0.0238002
0.0237998
0.0237975
0.0237993
0.0237991
0.0237992
0.0237996
0.0238792
0.0233329
0.0238775
0.0237991
0.0233329
0.0237983
0.0237984
0.0242846
0.0237982
0.0238
0.0238776
0.0233317
0.0238004
0.0237997
0.02388
0.0237994
0.0237992
0.0233326
0.0237985
0.0237993
0.0242849
0.0237996
0.0237996
0.0242853
0.0237975
0.0233321
0.0238
0.0238
0.023798
0.0243684
0.0237993
0.0237988
0.0242854
0.0242846
0.0243686
0.0237999
0.0237995
0.0233322
0.0238792
0.0237978
0.0238001
0.0237992
0.0242855
0.0238782
0.0237988
0.0237986
0.0237994
0.0237994
0.0237994
0.0237995
0.0237993
0.0238
0.0237999
0.0237998
0.0238787
0.0237983
0.023799
0.0237979
0.0237989
0.0242857
0.0237994
0.0242849
0.0237996
0.0232558
0.0238002
0.0237993
0.0238789
0.0242853
0.0237993
0.0237999
0.0238794
0.0237989
0.023799
0.0237989
0.0237998
0.0237996
0.0233339
0.0237986
0.0237993
0.023333
0.0238001
0.0237998
0.0237984
0.0237998
0.0233327
0.0237998
0.0237998
0.0238795
0.0237999
0.0237993
0.0233324
0.0237985
0.0237987
0.0237999
0.0238795
0.0238784
0.0233323
0.0237972
0.0238004
0.0237978
0.0237996
0.0237984
0.0237984
0.0237995
0.0238002
0.0237985
0.0242851
0.0238792
0.0238797
0.0242847
0.0237992
0.0237997
0.0238004
0.0233331
0.0233323
0.0237998
0.0237996
0.0237982
0.024285
0.0237987
0.0233317
0.0237998
0.0237991
0.024285
0.023879
0.0237993
0.0237996
0.0237994
0.0237998
0.0237996
0.0242851
0.0238793
0.0237996
0.0242851
0.0237984
0.0237983
0.0233321
0.0238797
0.0238003
0.0237996
0.0237993
0.0237193
0.0237999
0.0237991
0.0237197
0.0237993
0.0233328
0.0237977
0.0233332
0.0237994
0.0238796
0.0237998
0.0237993
0.0237992
0.0237984
0.023799
0.0238801
0.0237995
0.0242851
0.0237992
0.0237998
0.0237988
0.02388
0.0233324
0.0237999
0.0237991
0.0237995
0.0237989
0.0238785
0.0237997
0.0237999
0.0238791
0.0237988
0.024368
0.0237989
0.0238787
0.0237997
0.024285
0.0237193
0.0237997
0.023798
0.0237995
0.0237994
0.0233334
0.0237997
0.0238795
0.0243677
0.0244516
0.023879
0.0242846
0.0238789
0.0237984
0.0233318
0.0238002
0.0237994
0.0233335
0.0238793
0.0233328
0.0238001
0.023801
0.0238786
0.0237996
0.0233307
0.0238793
0.0238005
0.023878
0.0237998
0.0238004
0.0237998
0.0238789
0.0242848
0.0237988
0.0237986
0.0237986
0.0237988
0.0238794
0.0237984
0.0237986
0.0237988
0.0237991
0.0237996
0.0237986
0.023799
0.0242846
0.0237992
0.0237993
0.0237996
0.0237994
0.0237981
0.0237209
0.0237992
0.0238788
0.0238004
0.0237997
0.0242852
0.0237991
0.0242851
0.0248771
0.025497
0.0259469
0.0253032
0.0246904
0.0245924
0.0245914
0.0252008
0.0245935
0.0246903
0.0245927
0.0245926
0.0250987
0.0246902
0.0245916
0.0245927
0.0245925
0.02469
0.0250991
0.0245931
0.0245933
0.0245937
0.0250985
0.0245934
0.0246903
0.0245933
0.0250998
0.0252011
0.0250986
0.0257314
0.0250991
0.0245926
0.0245929
0.0245922
0.0241056
0.0245931
0.0245924
0.0245923
0.0246904
0.0245923
0.0245935
0.0246907
0.0245932
0.0245936
0.0245925
0.0245927
0.0245927
0.0245932
0.0245932
0.0245934
0.0245931
0.0250991
0.0246903
0.0245941
0.0245933
0.0245927
0.025099
0.0245924
0.0246904
0.0251
0.0245918
0.0246895
0.0241051
0.0245931
0.0245934
0.0246911
0.0245916
0.0250979
0.0245928
0.0245924
0.0241063
0.024691
0.0245925
0.0245912
0.0245931
0.024591
0.0245928
0.0246896
0.0245916
0.0245932
0.0245922
0.0245933
0.0241054
0.0246915
0.0245918
0.0250984
0.0246892
0.0245936
0.0245931
0.0245933
0.024593
0.024591
0.0245932
0.0241055
0.0246883
0.0246904
0.0245926
0.0245931
0.0245927
0.0245904
0.0245924
0.0245928
0.0246886
0.0253028
0.0246906
0.024593
0.0246896
0.024593
0.0245925
0.0245915
0.0245942
0.0245926
0.0245928
0.0250987
0.0245938
0.0245932
0.024593
0.0246901
0.0245929
0.024593
0.0246884
0.0245924
0.0250985
0.0250988
0.0245922
0.0245935
0.0250994
0.0245929
0.0250998
0.0251003
0.0246895
0.0241049
0.024593
0.0250996
0.0245916
0.0250997
0.0245931
0.0246909
0.0245917
0.024593
0.0250995
0.0245933
0.0245925
0.0246906
0.0245928
0.024691
0.0245935
0.0245937
0.024593
0.0246878
0.024592
0.024592
0.0245927
0.0250993
0.0250984
0.0245922
0.0245931
0.0245929
0.0245919
0.0245925
0.0245928
0.0250988
0.0245923
0.0245933
0.024592
0.0245932
0.0246897
0.0252002
0.0245928
0.0252011
0.0245929
0.0245932
0.0245924
0.0241065
0.0245927
0.0245918
0.0246901
0.0241067
0.0245924
0.024594
0.0245936
0.0241065
0.0245905
0.0251003
0.0245928
0.0245932
0.0245902
0.024593
0.0246898
0.0245932
0.0245929
0.0245908
0.0246901
0.0245932
0.0246886
0.0245925
0.0245924
0.0245937
0.0246907
0.0245929
0.0245936
0.024106
0.0245918
0.0245923
0.0246894
0.0245919
0.0250991
0.0245921
0.0245932
0.0245928
0.0245937
0.0245939
0.0245929
0.0245925
0.0245933
0.0246901
0.0245934
0.0245932
0.0245926
0.0245936
0.0245935
0.0245925
0.0246894
0.024691
0.024689
0.0245933
0.0245937
0.0245929
0.0246909
0.0245932
0.0245934
0.0245923
0.0245926
0.0245915
0.0246886
0.0246902
0.0245921
0.0241057
0.0241068
0.0245932
0.0245929
0.0246898
0.0246892
0.0252012
0.0246896
0.0245931
0.0245922
0.0245934
0.0245919
0.024592
0.0245936
0.0246909
0.024593
0.0246897
0.0245939
0.0246908
0.0241062
0.0245932
0.0241047
0.0246901
0.0245941
0.0245913
0.0245928
0.0241062
0.0246909
0.0245903
0.0250992
0.0246891
0.0253022
0.0246911
0.0245923
0.0241066
0.0245923
0.0250989
0.0245922
0.0250998
0.0245936
0.0245927
0.0245929
0.0245928
0.0241052
0.0245922
0.024594
0.0250997
0.0246902
0.0241062
0.0245922
0.0245916
0.0245922
0.0246897
0.0245924
0.0250989
0.0245931
0.0245938
0.0244939
0.0245923
0.0245936
0.0250995
0.0246907
0.0245923
0.0245921
0.02469
0.0246899
0.0241045
0.0245925
0.0245923
0.025098
0.0245931
0.0250992
0.0246908
0.0245934
0.0245933
0.0245932
0.0246886
0.0245929
0.0250992
0.0245922
0.0245939
0.0245929
0.0245936
0.0245926
0.0245926
0.0245925
0.0241052
0.0245921
0.0251997
0.0245933
0.0245927
0.0252008
0.0245894
0.0245923
0.0246904
0.0245931
0.0245921
0.0245948
0.0245936
0.0245933
0.0245929
0.0250991
0.0245941
0.024593
0.0251994
0.0245928
0.024594
0.0245936
0.0241061
0.0241065
0.0245932
0.0245931
0.0252003
0.0253017
0.0246893
0.024593
0.0246898
0.0245935
0.024592
0.0250991
0.0246905
0.0245931
0.0246899
0.0241058
0.0245934
0.0246898
0.0250993
0.0250991
0.0245929
0.0241069
0.0246896
0.0246907
0.0250986
0.0245932
0.0245929
0.0244955
0.0245925
0.0245928
0.0245932
0.0250986
0.0245919
0.0245932
0.0245916
0.0252001
0.0245899
0.0245932
0.0245929
0.0245923
0.0250994
0.0245916
0.0246889
0.0245918
0.0245929
0.0245913
0.0245925
0.0246899
0.0246891
0.0245932
0.0246893
0.0253037
0.0246895
0.0250991
0.0245937
0.0245927
0.0246913
0.0245906
0.0250992
0.0246895
0.0245917
0.0252003
0.0245934
0.0246892
0.0250981
0.0245908
0.0250992
0.024593
0.02469
0.0246902
0.025302
0.0252009
0.0257323
0.0250981
0.0245927
0.0246897
0.024593
0.0246907
0.0245922
0.0245925
0.0245924
0.0245928
0.024691
0.0250996
0.0246893
0.0246909
0.024592
0.0245937
0.0246908
0.0245937
0.0241056
0.0246884
0.0245934
0.024592
0.0250989
0.0245927
0.0245932
0.0245928
0.0245928
0.0250994
0.0245932
0.0246894
0.0245921
0.0246905
0.0246909
0.0241068
0.024592
0.0245923
0.0245927
0.0245919
0.0250998
0.0250982
0.0245937
0.0245932
0.0246883
0.0245923
0.0245911
0.0245931
0.0241054
0.0245929
0.0245938
0.0245926
0.0250996
0.0245938
0.024592
0.0245914
0.0246895
0.0245923
0.0246907
0.0246905
0.0245934
0.024592
0.0245926
0.0241063
0.0245939
0.0250997
0.0250996
0.0245931
0.0245937
0.0245921
0.0245927
0.0252008
0.024593
0.0245898
0.0245925
0.0246897
0.0253037
0.0246908
0.0245938
0.0245936
0.0245937
0.0241074
0.0245929
0.0245928
0.024593
0.0245936
0.024592
0.0245931
0.0246899
0.024107
0.0241057
0.0245927
0.0245928
0.0245931
0.0250996
0.0245927
0.0250985
0.0246901
0.024592
0.0245933
0.02469
0.0245938
0.0245925
0.0245908
0.0250979
0.0245929
0.0245926
0.0245925
0.0250995
0.0257322
0.0250999
0.0245926
0.0245921
0.0245906
0.0252001
0.0245926
0.024592
0.0245923
0.0246901
0.0245936
0.0246899
0.0245913
0.0246909
0.024593
0.0245934
0.0245924
0.0241058
0.0245926
0.0245929
0.0246909
0.0245932
0.024594
0.024593
0.0246908
0.0245923
0.0246898
0.0245922
0.0245935
0.0245925
0.0245937
0.0250986
0.0250993
0.0246899
0.0245934
0.02469
0.0245927
0.0246892
0.0245926
0.0246913
0.0245915
0.0245932
0.0245925
0.0250994
0.0250997
0.0246888
0.0245934
0.0245928
0.0245936
0.0246907
0.0250995
0.0245924
0.0245924
0.0245933
0.0245931
0.0245923
0.024593
0.0241048
0.0245915
0.0245938
0.0245922
0.0241063
0.0246907
0.0245929
0.0245922
0.0245934
0.0245943
0.0245922
0.0246908
0.0245925
0.0245936
0.025201
0.0257319
0.0250979
0.0257331
0.0251999
0.0245916
0.0246898
0.0245926
0.0246891
0.0250989
0.0246908
0.0245921
0.0245927
0.024105
0.0245928
0.0245926
0.0245922
0.0250977
0.0246894
0.0253015
0.0246902
0.0250987
0.0245921
0.0246888
0.0241073
0.0241057
0.0245917
0.0245922
0.0245918
0.0245931
0.0241061
0.0241067
0.0246901
0.0245901
0.0246891
0.0246889
0.0253031
0.0246896
0.0245935
0.0250997
0.0246904
0.0246878
0.0250997
0.0245926
0.0246893
0.0250999
0.0245929
0.0245936
0.0245928
0.0246894
0.0250987
0.0257319
0.0250986
0.025099
0.0257314
0.0252007
0.0245932
0.0245927
0.0245928
0.024592
0.0245939
0.0245931
0.0250986
0.0245931
0.0245923
0.0245926
0.0246893
0.0245936
0.0250983
0.024593
0.0245933
0.0251006
0.0245936
0.0246898
0.0245933
0.0245929
0.0245927
0.0245936
0.0251001
0.0245928
0.0246904
0.0246899
0.0246903
0.0250988
0.0245922
0.0246865
0.0245911
0.0252004
0.0250979
0.02459
0.0245923
0.0245935
0.0250997
0.0245925
0.0245929
0.0245934
0.0241057
0.0246903
0.0250993
0.0245932
0.0245929
0.0245914
0.0245934
0.0245903
0.0245929
0.0245929
0.02469
0.024593
0.0246909
0.0245939
0.0245929
0.0245924
0.0245922
0.0246911
0.0245919
0.0245917
0.0246907
0.0245942
0.02469
0.0245926
0.0245921
0.0245924
0.0245914
0.0245924
0.0245925
0.0245935
0.0245912
0.0241047
0.024592
0.0245936
0.0252007
0.0245927
0.0245922
0.0245919
0.0246892
0.0250984
0.0245929
0.0245928
0.0245926
0.0245923
0.0245921
0.0245934
0.0245928
0.024105
0.0245917
0.0252007
0.0245939
0.0246902
0.0245938
0.0252008
0.0246901
0.0245929
0.0245922
0.0246903
0.0245938
0.0246903
0.0245935
0.0252007
0.0245924
0.024592
0.0245923
0.0246898
0.0245935
0.0246897
0.0246884
0.0251004
0.0245936
0.0246905
0.0253018
0.0246892
0.0245902
0.0245931
0.0245929
0.0245928
0.0245936
0.0245931
0.0245926
0.024592
0.0245924
0.0245924
0.0245934
0.0245929
0.0252006
0.024691
0.0241056
0.0245918
0.0250991
0.0246886
0.0241058
0.0245919
0.0245928
0.0245911
0.0245934
0.0245927
0.0245927
0.0245925
0.0245921
0.0245906
0.0246894
0.0245941
0.0245935
0.0245941
0.0246908
0.0245931
0.0241051
0.0245926
0.024107
0.0245927
0.024593
0.0241053
0.0246903
0.0245903
0.0246907
0.024592
0.0241056
0.0246906
0.0245937
0.0246911
0.024591
0.0245932
0.0245919
0.0246881
0.0245928
0.0245927
0.0245922
0.0245915
0.0245937
0.0246902
0.024593
0.024592
0.0246909
0.0245925
0.0245933
0.0246903
0.0245915
0.0245916
0.024593
0.0245916
0.0251002
0.0246902
0.0245916
0.0252008
0.0253025
0.0246904
0.0246906
0.0241055
0.0246892
0.0246896
0.0246874
0.0245928
0.0245919
0.0245926
0.024593
0.0246906
0.0246908
0.0245939
0.0250974
0.0245934
0.0246896
0.0245935
0.0246906
0.0246897
0.0245929
0.0245929
0.0245919
0.0245924
0.0250989
0.0245921
0.0245922
0.025097
0.0246899
0.0245924
0.0245923
0.0245929
0.0241054
0.0245925
0.0250992
0.024593
0.0246905
0.0246897
0.0245919
0.0245918
0.0245921
0.0241067
0.0245925
0.0245927
0.0245918
0.0245928
0.0245936
0.0246895
0.0245908
0.024592
0.024593
0.02469
0.0241074
0.0246909
0.024592
0.0245931
0.024107
0.0245927
0.0250988
0.0245911
0.0245921
0.0245935
0.0241071
0.0246903
0.0245928
0.0245931
0.0245931
0.0246894
0.0245931
0.0245937
0.0246901
0.0245916
0.0245923
0.0245931
0.0245932
0.0241066
0.0246903
0.0241066
0.0245926
0.0246907
0.0245932
0.0241069
0.0245921
0.0240132
0.0245925
0.024593
0.0252004
0.0245921
0.0245933
0.0245923
0.0246896
0.0245915
0.0250978
0.024593
0.0245932
0.0241058
0.0246897
0.0246898
0.0245936
0.0245924
0.0250988
0.024593
0.0241068
0.0246882
0.0245923
0.0252007
0.0250976
0.0245922
0.0245932
0.0245929
0.0241056
0.0245922
0.0241056
0.0245924
0.0245929
0.0245939
0.0245927
0.0250992
0.024593
0.0245931
0.0245926
0.0250989
0.0245918
0.0246896
0.0245927
0.0250998
0.0245936
0.0245924
0.0251985
0.0245927
0.0250981
0.0246902
0.0245938
0.0245921
0.0245932
0.0246905
0.0252014
0.0253018
0.02469
0.0245935
0.024593
0.0245931
0.0245919
0.0246904
0.0245931
0.0241056
0.0245923
0.0245917
0.0245922
0.0252016
0.0245925
0.0246895
0.0245934
0.0245933
0.0245909
0.0245941
0.0246904
0.0245924
0.0241073
0.0245923
0.0246898
0.0253021
0.0251995
0.0245924
0.0245912
0.0245932
0.0245924
0.0245936
0.0245932
0.0245932
0.0250993
0.024592
0.024592
0.0241067
0.0246902
0.0245933
0.0246902
0.0245927
0.0245932
0.0245922
0.0245928
0.0251
0.0245923
0.0245938
0.0245925
0.0245927
0.0245918
0.0245928
0.0245924
0.0245934
0.0245919
0.0245936
0.0250994
0.0250997
0.0245938
0.0246898
0.0245922
0.0245932
0.0241066
0.0245923
0.0246899
0.0245924
0.0246906
0.0245935
0.0245924
0.0245926
0.0246901
0.0245926
0.0245924
0.0245937
0.0245928
0.0245931
0.0245937
0.0245913
0.0245942
0.0246906
0.0246904
0.0250995
0.0245933
0.0246894
0.0246904
0.0245937
0.0245941
0.024689
0.0245925
0.0250991
0.0245917
0.0246901
0.0245926
0.0246895
0.024593
0.0245935
0.0245934
0.0250992
0.0245917
0.0245923
0.0245928
0.0245932
0.0245939
0.0245924
0.0245925
0.0245935
0.0252011
0.0245933
0.0245924
0.0250994
0.0245928
0.0245929
0.0241059
0.0245922
0.0250982
0.0245926
0.0246901
0.0245929
0.0245929
0.0246905
0.025303
0.0246903
0.0245933
0.0245917
0.0245902
0.0252003
0.0257316
0.0251998
0.0246886
0.0245924
0.024593
0.0245924
0.0245927
0.0245932
0.0246904
0.0246908
0.0245919
0.0245927
0.0246906
0.0245929
0.0246905
0.0241061
0.0245924
0.024592
0.0245924
0.0245929
0.0245926
0.024593
0.0252012
0.0246908
0.0253025
0.0252002
0.0245929
0.024593
0.0245942
0.0246898
0.0251993
0.0245928
0.0245936
0.0245941
0.0246904
0.0245938
0.0245925
0.0245937
0.0250991
0.0245934
0.0245935
0.0245916
0.0245936
0.0245923
0.0246904
0.0246913
0.0245928
0.0245922
0.0245917
0.0245928
0.0245924
0.0245923
0.0245917
0.0245926
0.024593
0.0245914
0.0245928
0.0245928
0.0245922
0.0245926
0.0250987
0.0245917
0.0245936
0.0245928
0.0250989
0.0257324
0.0250999
0.0246907
0.0245941
0.024593
0.0245928
0.0245933
0.0245931
0.0245931
0.0245925
0.0246889
0.0250979
0.0245927
0.0245925
0.0245923
0.0245929
0.0246893
0.0250988
0.0246903
0.0252006
0.0245931
0.0245931
0.0245917
0.0245931
0.0245927
0.0246906
0.0250992
0.0245928
0.0245923
0.0245923
0.0245929
0.0246898
0.0245933
0.0245929
0.024593
0.0245923
0.0245908
0.0250992
0.0245928
0.0245934
0.0250983
0.0245914
0.0245937
0.0241063
0.0245925
0.0246904
0.0246896
0.0246905
0.0250991
0.0246902
0.0245932
0.0245931
0.0245944
0.0246893
0.0245934
0.0246901
0.024593
0.0245934
0.0245943
0.0245931
0.0246898
0.0245919
0.0245912
0.0250986
0.0245915
0.024593
0.0246895
0.0253029
0.02469
0.0246903
0.0245926
0.0245935
0.0241055
0.0246893
0.0245921
0.0245928
0.024688
0.0246894
0.0245918
0.0246896
0.0245927
0.0246894
0.0245921
0.0245916
0.0246902
0.02469
0.0245924
0.0250983
0.0245912
0.0245928
0.0245945
0.0245936
0.0246892
0.0245923
0.0250994
0.0246899
0.0245917
0.0246902
0.0245905
0.0245913
0.0251998
0.0245913
0.0240135
0.0245938
0.0246897
0.0245926
0.0246902
0.0245921
0.0245935
0.0246895
0.0245938
0.0245922
0.0246897
0.0245939
0.0246897
0.0250986
0.0245913
0.0245937
0.0245933
0.0246898
0.0246897
0.0246902
0.0245929
0.024592
0.0246908
0.0245927
0.0246895
0.0245932
0.0245936
0.0245926
0.0245924
0.0246896
0.0245931
0.0245927
0.02469
0.0245904
0.0246896
0.024593
0.0245929
0.0245926
0.0245938
0.0245929
0.0252
0.0245935
0.02469
0.024592
0.0246896
0.0245914
0.0245928
0.0241057
0.0246896
0.0245923
0.0245921
0.0250981
0.0250996
0.0246896
0.024593
0.0245933
0.0245928
0.0245932
0.0245925
0.0245931
0.024593
0.0241064
0.0245929
0.0246879
0.0245927
0.0250973
0.0245929
0.0246891
0.024593
0.0245925
0.0246907
0.0246899
0.0246895
0.0245937
0.0246903
0.0246901
0.0245926
0.0245929
0.0250994
0.0246897
0.0246901
0.0245922
0.024689
0.024593
0.0250985
0.0245928
0.0241059
0.0245929
0.0245928
0.0245929
0.0246895
0.0250986
0.024593
0.0245932
0.0246893
0.0245915
0.0245928
0.0245928
0.0245936
0.0245919
0.0246905
0.0250988
0.0245928
0.0245921
0.0246898
0.0245916
0.0245924
0.0246907
0.0253033
0.0246907
0.0245928
0.0245928
0.024691
0.0253027
0.0246888
0.0250985
0.0245926
0.0246909
0.0245935
0.0246909
0.0246911
0.0246908
0.0245933
0.0245926
0.0246899
0.0246906
0.0246902
0.0245936
0.0245937
0.0245921
0.0250991
0.0246899
0.0245924
0.0246904
0.0245931
0.0245924
0.0246895
0.0245921
0.0245931
0.0245933
0.0245934
0.024691
0.0250982
0.0246906
0.0245934
0.0250997
0.0250989
0.0245935
0.0245936
0.0252012
0.0245933
0.0250979
0.0245917
0.0245921
0.0245934
0.0252016
0.0245922
0.0245934
0.0246907
0.0245929
0.0245919
0.0241062
0.0246906
0.0245904
0.0246908
0.024691
0.0245931
0.0245931
0.024592
0.0245934
0.0250994
0.0245932
0.0246888
0.0245932
0.0246892
0.0245929
0.0245932
0.0245928
0.0245941
0.0245935
0.0250998
0.0250995
0.0246899
0.0245924
0.0245921
0.0250997
0.0245941
0.0245922
0.0245917
0.0245941
0.02469
0.0252013
0.0250989
0.0245913
0.0245931
0.0250995
0.0250981
0.0257274
0.0252005
0.0252013
0.0257324
0.0250981
0.0245934
0.0246894
0.0245929
0.0246893
0.0245926
0.0245938
0.0244956
0.0245933
0.0246902
0.0251982
0.0245924
0.024593
0.0250992
0.0245919
0.0245927
0.0245926
0.0245934
0.0245933
0.0245934
0.0245924
0.02469
0.0245936
0.024591
0.0245929
0.024689
0.0245932
0.0245927
0.0252005
0.0245922
0.024592
0.0241053
0.0246901
0.0245933
0.0250997
0.0245936
0.0245938
0.0245941
0.0241063
0.0245933
0.024594
0.0250988
0.0250992
0.0246902
0.0245934
0.0245933
0.0245934
0.0245929
0.0250985
0.02469
0.0246908
0.025302
0.0246891
0.0245933
0.0245921
0.024593
0.0246909
0.0241071
0.0246908
0.0245915
0.0245924
0.0250987
0.0245922
0.0250992
0.0250994
0.0245927
0.0246893
0.0252006
0.0245931
0.0250993
0.0246895
0.0246894
0.0253018
0.0246888
0.0250992
0.0246898
0.0246908
0.0245921
0.0241056
0.0245936
0.0246906
0.0245928
0.0241062
0.024592
0.0241048
0.0245929
0.0246898
0.0245931
0.0245931
0.0246895
0.0246906
0.0245927
0.0252005
0.0245935
0.0245934
0.0245933
0.0245935
0.0246908
0.0250983
0.024593
0.0245928
0.0245932
0.0246907
0.0245924
0.0245933
0.0245941
0.0250991
0.0245928
0.0245927
0.0246903
0.024105
0.0246905
0.0253021
0.0246905
0.0246909
0.0250977
0.024593
0.0245908
0.0252002
0.0245935
0.0250995
0.0245927
0.0252006
0.024591
0.0245927
0.0241074
0.0245936
0.0245932
0.0246892
0.0245936
0.0245935
0.0245924
0.0245925
0.0245907
0.0245926
0.024592
0.0245926
0.0250979
0.0245931
0.0250997
0.0245928
0.024592
0.0246903
0.0246891
0.0245935
0.0250981
0.025099
0.0245935
0.0246898
0.0246903
0.0245936
0.0245929
0.0245929
0.0245902
0.0245929
0.0245921
0.0246898
0.0245932
0.0245933
0.0252002
0.0246906
0.0245931
0.0245914
0.0246903
0.025098
0.0250989
0.0257321
0.0250993
0.0246915
0.0245932
0.0245925
0.0245933
0.0245929
0.0245923
0.0241035
0.0245922
0.0250995
0.0246892
0.0250974
0.0245918
0.0245941
0.0245935
0.0245927
0.0250985
0.024593
0.0246908
0.0245917
0.0245921
0.0245929
0.0245934
0.024594
0.0245922
0.0245932
0.024593
0.0252002
0.0252018
0.0253022
0.0246895
0.0245927
0.0245932
0.0246878
0.024592
0.0245935
0.0246911
0.024106
0.0245924
0.0245932
0.024593
0.0246908
0.0245935
0.0246893
0.0245929
0.0252002
0.0245915
0.0246893
0.0245928
0.024689
0.0253006
0.0246898
0.0245936
0.0245919
0.0245924
0.0245934
0.0245927
0.0246901
0.0246899
0.0245941
0.0245935
0.024593
0.0245921
0.0245926
0.0245934
0.0241066
0.0245914
0.0250998
0.0245939
0.0246891
0.0245922
0.0246906
0.0246894
0.0245938
0.0246903
0.0253028
0.0252004
0.0245932
0.0245927
0.0245917
0.0245925
0.0245922
0.0245918
0.0241071
0.024592
0.0245931
0.0245933
0.0245913
0.0245912
0.0245911
0.0245933
0.0245935
0.0245932
0.0246899
0.0245921
0.0250988
0.0251993
0.0245926
0.0245932
0.0245928
0.0250982
0.0246894
0.0245927
0.0252006
0.0251001
0.0245928
0.0245931
0.0245935
0.0246899
0.0245926
0.0245928
0.0246908
0.0245922
0.0245936
0.024592
0.0250991
0.0245934
0.0251996
0.0246888
0.0241067
0.0245928
0.0245931
0.0245932
0.02469
0.0245907
0.0245925
0.0245932
0.02469
0.0246895
0.0245921
0.0250981
0.0245917
0.0245922
0.0250992
0.0246907
0.0250989
0.024593
0.0246903
0.0246894
0.0245933
0.0246886
0.0245925
0.0245925
0.024593
0.0246907
0.0245934
0.0245933
0.0245934
0.0245923
0.0245937
0.0246909
0.0246911
0.0245923
0.0245928
0.0246902
0.0245929
0.0245943
0.0245927
0.024593
0.024593
0.0246897
0.0245923
0.0246894
0.0241056
0.0245929
0.0246898
0.0245911
0.0245916
0.024593
0.0250991
0.0245935
0.0245917
0.0245919
0.0245913
0.0245932
0.024594
0.0245922
0.0246895
0.0245915
0.0245933
0.0245925
0.0241064
0.0245909
0.0245923
0.0241057
0.0245922
0.0241067
0.0246895
0.0246899
0.0245925
0.0245908
0.0245895
0.0245921
0.024593
0.0245931
0.024592
0.0246891
0.0245925
0.0245927
0.0245929
0.0245926
0.0245914
0.0250978
0.025099
0.0245912
0.0245921
0.0241063
0.0245931
0.0246904
0.0245932
0.0246902
0.0253024
0.0251989
0.0245924
0.0246905
0.0245935
0.0246895
0.0245926
0.0245932
0.024593
0.0250982
0.0245924
0.0251005
0.0245927
0.0246899
0.0253023
0.0246913
0.0245933
0.0245926
0.024691
0.0245929
0.0250983
0.025098
0.0251001
0.0246898
0.0245936
0.0246889
0.024592
0.024592
0.0245913
0.024593
0.0245914
0.0245934
0.0245928
0.0245936
0.0245932
0.024591
0.0250971
0.0250993
0.0245902
0.0245928
0.0245931
0.0246889
0.0245929
0.0245926
0.024593
0.0246902
0.0250999
0.02469
0.0245928
0.0250993
0.0245928
0.0250998
0.0245923
0.0241049
0.024592
0.0250978
0.0245932
0.0252004
0.0250993
0.0246894
0.0245924
0.0241057
0.0245925
0.0246907
0.0245934
0.0246901
0.0245922
0.0246905
0.0246901
0.0245937
0.0245922
0.0250993
0.0244941
0.0245923
0.0245917
0.0245934
0.0245931
0.0245925
0.0246902
0.0252008
0.0245923
0.0246901
0.0245925
0.0246894
0.0245939
0.0251001
0.0245935
0.0250984
0.0246908
0.0245934
0.0245922
0.0251995
0.0257327
0.0250989
0.0245925
0.0246902
0.0245928
0.0246904
0.0246912
0.0246901
0.0245933
0.0245924
0.0246902
0.0245931
0.0245919
0.0241055
0.0245928
0.0245929
0.0246896
0.0245931
0.0245934
0.0245923
0.0241065
0.0245931
0.024592
0.0246901
0.0246894
0.0246892
0.024593
0.0245921
0.0250993
0.0257319
0.0250995
0.0245925
0.0245924
0.0245926
0.024593
0.0245907
0.0252011
0.0245916
0.0245922
0.0246904
0.0246894
0.0246894
0.024593
0.0250982
0.0245935
0.0245927
0.0245925
0.0245929
0.0246897
0.0246906
0.024105
0.0246897
0.025302
0.024689
0.024593
0.0245934
0.0246888
0.0246908
0.0245932
0.0250996
0.0245935
0.0245914
0.0250994
0.0257324
0.0263968
0.0268504
0.0261632
0.0260404
0.0255088
0.0253931
0.0253931
0.0259189
0.0253904
0.025393
0.0259191
0.0259183
0.0252746
0.0253922
0.0253919
0.0253922
0.0253929
0.0253924
0.025393
0.0253927
0.0253917
0.0255092
0.0261626
0.0255087
0.0253899
0.0253927
0.0252749
0.0253925
0.0255092
0.0253926
0.0259193
0.0253908
0.0253923
0.025509
0.0261619
0.0260394
0.0265944
0.02604
0.0253902
0.0259203
0.025393
0.0255088
0.0253919
0.0259192
0.0253928
0.0253918
0.025391
0.0253923
0.0253928
0.025393
0.0253923
0.0259178
0.0252747
0.0253915
0.0255091
0.0253921
0.0259189
0.0253923
0.0253921
0.0259195
0.0253927
0.025392
0.0252773
0.0253926
0.0259185
0.0253915
0.0253926
0.0253914
0.0255096
0.0253926
0.025392
0.0259191
0.0253919
0.0259194
0.0253932
0.0253921
0.0253923
0.0253928
0.0253929
0.0252763
0.0253934
0.0255095
0.0253928
0.0253935
0.0253931
0.0253924
0.0253931
0.0248854
0.0255083
0.0261628
0.0255094
0.0253925
0.0253908
0.0255111
0.025393
0.0255087
0.025392
0.0253931
0.0259187
0.0259195
0.0253928
0.0253911
0.0253911
0.0253928
0.0259197
0.0253937
0.0253927
0.0253927
0.0253929
0.025393
0.0259189
0.0265946
0.0259179
0.0259191
0.0259191
0.0253934
0.0260411
0.0261625
0.0255084
0.0253913
0.0252758
0.0253928
0.025275
0.0259197
0.0253909
0.025392
0.0255077
0.025918
0.0260405
0.0259192
0.0255098
0.0253929
0.025392
0.0259202
0.0252768
0.0259195
0.0253926
0.0253924
0.0259181
0.0259194
0.0253935
0.0253925
0.0253922
0.0253922
0.0248857
0.0253909
0.0259181
0.0253898
0.0253934
0.025392
0.0253915
0.0253911
0.0259178
0.0253931
0.0253919
0.0253914
0.0253908
0.0260409
0.0259193
0.025392
0.0253914
0.0253932
0.0253927
0.025392
0.0253922
0.0253919
0.0259189
0.0253927
0.0253925
0.0253934
0.0259199
0.0253911
0.0253907
0.0259192
0.0253915
0.0259195
0.0253934
0.0259175
0.0253918
0.0253938
0.0253927
0.0253928
0.0259183
0.0253925
0.0260403
0.0255082
0.0253914
0.0253931
0.0253912
0.0255077
0.0253926
0.0253919
0.0253932
0.0253913
0.0252751
0.0253916
0.0253912
0.0253914
0.0253924
0.025393
0.0259191
0.0253932
0.0259188
0.0253923
0.0253929
0.0252772
0.0253929
0.0252773
0.0253926
0.0255091
0.0253929
0.0253924
0.0253922
0.0253905
0.0252771
0.0252781
0.0259171
0.0253924
0.0253926
0.0253921
0.0259183
0.0253932
0.0259185
0.0259188
0.0259192
0.0253921
0.025277
0.0253912
0.0259186
0.0252756
0.0259186
0.0253935
0.0253922
0.025393
0.025393
0.0253925
0.0253902
0.0255085
0.0253921
0.0252765
0.0253928
0.0259176
0.0253909
0.0253927
0.0253917
0.0253925
0.0253924
0.0253922
0.0260413
0.0255086
0.0259186
0.0253912
0.0259178
0.0253911
0.0253923
0.025392
0.0253919
0.0253917
0.025391
0.0259188
0.0253918
0.0253915
0.0253922
0.0253932
0.0253913
0.0253922
0.02551
0.024887
0.0252747
0.0253923
0.0253917
0.0253938
0.0259202
0.0253924
0.0253912
0.0253925
0.0253932
0.0253919
0.0253919
0.0259183
0.02592
0.0259192
0.0253917
0.0248864
0.0253921
0.0259203
0.0253931
0.0253925
0.0253906
0.0253927
0.0255099
0.0260411
0.0253931
0.0253929
0.0253935
0.0253928
0.0253912
0.0252751
0.0259191
0.0259187
0.0253933
0.0255097
0.025391
0.0259207
0.025393
0.0253928
0.0253927
0.0259171
0.0259191
0.0253912
0.0253919
0.025509
0.025919
0.0255092
0.0253926
0.0253923
0.0259199
0.0253922
0.0253916
0.0253932
0.0252756
0.0253927
0.0255097
0.0253915
0.0253925
0.0252768
0.0253918
0.0252766
0.02592
0.025392
0.02604
0.0253905
0.0253917
0.0253921
0.0253935
0.0253926
0.0253917
0.0253925
0.0259196
0.0253925
0.0253914
0.0252768
0.0253921
0.0253921
0.0259182
0.0253928
0.0253922
0.0253927
0.0255097
0.0261626
0.0255094
0.0259189
0.0255095
0.0255094
0.025393
0.0252763
0.0253928
0.0253927
0.0253909
0.0253923
0.0259195
0.0259194
0.0253916
0.0260392
0.0253934
0.0253925
0.0259197
0.0253913
0.0255098
0.0253931
0.0248864
0.0255094
0.0253913
0.0253905
0.0255086
0.0259194
0.0255101
0.0259198
0.0253914
0.0259197
0.0253913
0.02592
0.0265936
0.0259187
0.0255095
0.0253927
0.0253925
0.0253906
0.0253929
0.025392
0.0253921
0.0252764
0.025393
0.0259195
0.0253921
0.0253919
0.0253927
0.0252774
0.0259199
0.0252769
0.0253921
0.025393
0.0253921
0.0253921
0.0259184
0.0259199
0.0253931
0.0253932
0.025392
0.0253932
0.0253923
0.0259204
0.0253921
0.0253934
0.0248852
0.0252775
0.0259191
0.0259184
0.0253931
0.0259189
0.0253925
0.0253913
0.0255096
0.0259199
0.0253927
0.0252769
0.0253915
0.0252744
0.0253903
0.025392
0.0253932
0.0253923
0.0259203
0.0253927
0.0253926
0.0253921
0.0253921
0.02604
0.0253921
0.0253922
0.0252773
0.0253918
0.0253933
0.025392
0.0260401
0.0255099
0.0253929
0.0253933
0.0253929
0.0259173
0.0259182
0.0253913
0.0253931
0.0253917
0.0253933
0.025393
0.025277
0.025393
0.0255101
0.0261632
0.0255071
0.025392
0.0253924
0.0255093
0.0253925
0.0253906
0.0253915
0.0259171
0.0253926
0.0253929
0.0253914
0.0253909
0.0253923
0.0253926
0.025276
0.0259176
0.0253923
0.0259186
0.0253927
0.0259192
0.0255085
0.0259197
0.0259195
0.0255086
0.0259193
0.0255092
0.025393
0.0253927
0.0259172
0.0255086
0.0260419
0.0253936
0.0253931
0.0253916
0.0253925
0.0247752
0.0253916
0.0255078
0.0255085
0.0259197
0.0253916
0.0253922
0.025508
0.0253915
0.0259186
0.026596
0.02592
0.0252748
0.0253914
0.0255092
0.025392
0.0259196
0.0255092
0.0259204
0.0253915
0.0253914
0.0253921
0.0253929
0.0259193
0.0253917
0.0253916
0.0253918
0.0255096
0.0253922
0.0259187
0.0265948
0.0259182
0.0265946
0.0259194
0.0253923
0.0253929
0.0253919
0.0253916
0.0253931
0.0255075
0.0253915
0.0253931
0.0259193
0.0253924
0.0253926
0.025277
0.0253906
0.0253925
0.0253918
0.0260412
0.0265954
0.025919
0.0253924
0.0260408
0.0253927
0.0253928
0.025391
0.0253929
0.0252764
0.0253937
0.0253926
0.025277
0.0253916
0.0255092
0.0255089
0.0259195
0.0253924
0.0259187
0.0253923
0.0253931
0.0253919
0.0252756
0.025393
0.0253911
0.0253915
0.0252768
0.0253919
0.0248863
0.0253927
0.0253932
0.0253929
0.0255092
0.0261624
0.0255083
0.0261633
0.0255081
0.0253926
0.0253918
0.025919
0.0253932
0.025393
0.0253924
0.0253926
0.0253902
0.0253925
0.0259192
0.0253934
0.0252771
0.0259197
0.0252779
0.0253926
0.0253923
0.0253931
0.0253935
0.0259195
0.0253931
0.0253929
0.0253919
0.0253916
0.0255106
0.0260412
0.0253922
0.0253912
0.0259171
0.0253925
0.025393
0.0253909
0.0253922
0.0253929
0.0255092
0.0253923
0.0253922
0.0255076
0.0253923
0.0253929
0.0253911
0.0253931
0.0259202
0.0252766
0.025919
0.0252757
0.0248866
0.0255097
0.025393
0.0259178
0.0253923
0.0253921
0.0253918
0.0253915
0.0259195
0.0253926
0.0253915
0.0255075
0.0253925
0.0253926
0.0253928
0.0255094
0.0253935
0.0253931
0.0253919
0.0252755
0.0253914
0.0253918
0.0259187
0.025918
0.0259188
0.0253943
0.0252763
0.025392
0.0259188
0.0253926
0.0259184
0.0253919
0.0253911
0.025393
0.0253931
0.025392
0.0253936
0.0253928
0.0253934
0.0252756
0.0253922
0.0253929
0.0253922
0.0255095
0.0253919
0.0259204
0.0259183
0.0265953
0.025918
0.025393
0.025393
0.0253921
0.0253928
0.0259193
0.0259189
0.0253936
0.0255094
0.0253925
0.0253926
0.0253931
0.0252763
0.0253923
0.0259189
0.025918
0.0253932
0.0248864
0.025392
0.0253925
0.0255094
0.0253932
0.0259194
0.025392
0.0255095
0.025393
0.0253923
0.0259183
0.025393
0.0252759
0.0253932
0.025392
0.0253901
0.0255095
0.0260418
0.0253927
0.0253927
0.0253915
0.025393
0.0253922
0.0253916
0.0255097
0.0248847
0.0255093
0.0253928
0.0252772
0.0253925
0.025392
0.0253921
0.0259185
0.0253922
0.0253897
0.0253929
0.0253933
0.0253914
0.0255096
0.0253926
0.025392
0.0253916
0.0253921
0.0253926
0.0253928
0.0255087
0.025393
0.0255098
0.0253927
0.0259193
0.0255088
0.0253932
0.0259192
0.0253929
0.0259197
0.025393
0.0259199
0.0253919
0.025392
0.0259174
0.0253929
0.0253925
0.0255081
0.0253922
0.0253919
0.0253934
0.0259199
0.0252758
0.0253928
0.0259199
0.0253929
0.02592
0.0259199
0.0253921
0.0253915
0.0253923
0.0253917
0.0253918
0.025392
0.0253925
0.0253915
0.0253915
0.0253901
0.0255083
0.0253916
0.0253931
0.0253921
0.0253924
0.0253929
0.0253921
0.0253928
0.0253921
0.0253939
0.0259198
0.025392
0.0255088
0.0259178
0.0253919
0.0255092
0.0253917
0.0255092
0.0253924
0.0253928
0.0253927
0.025392
0.0253933
0.0259171
0.0253925
0.0253923
0.025392
0.0255096
0.0259192
0.0253931
0.0253931
0.0253936
0.0253926
0.0259192
0.0253917
0.0253936
0.025277
0.0253927
0.0253939
0.0253927
0.0253915
0.0253932
0.0259184
0.0253931
0.0253927
0.0253918
0.0253908
0.0253935
0.0253913
0.0255093
0.0253933
0.0253914
0.0253927
0.0255088
0.0253917
0.0253925
0.0252746
0.0253913
0.0253913
0.0252771
0.0253925
0.0255095
0.025392
0.0253914
0.0253929
0.0259205
0.0253918
0.0259182
0.0253927
0.0253921
0.0252768
0.0253926
0.0253927
0.0253921
0.0255091
0.0253936
0.0253939
0.0253933
0.0259188
0.0253924
0.0252756
0.0253907
0.0255098
0.0253916
0.0253926
0.0252759
0.0259185
0.0253924
0.0259198
0.0255091
0.0253924
0.0259192
0.0253911
0.0253934
0.0255096
0.025392
0.025393
0.025393
0.0253919
0.0253912
0.0259192
0.0255087
0.0253915
0.0253927
0.025394
0.0255094
0.0253901
0.0248864
0.0253925
0.0259193
0.0255088
0.0253924
0.0253923
0.0253931
0.025919
0.0253931
0.0253924
0.0255086
0.0259196
0.0253926
0.025393
0.0259194
0.0253917
0.0253937
0.0255104
0.0253928
0.025393
0.0259189
0.0253934
0.0255099
0.0253913
0.0260411
0.0253931
0.025391
0.0253925
0.0259189
0.0259181
0.0259177
0.0253916
0.0252763
0.0253928
0.025392
0.0253935
0.025509
0.025393
0.0253924
0.0253905
0.0255088
0.0253922
0.0255085
0.0253925
0.0253937
0.0253928
0.0253925
0.0255101
0.0253928
0.0253923
0.0253909
0.0253917
0.0253922
0.0259189
0.0259198
0.0252758
0.0253927
0.0253929
0.0253931
0.0253935
0.0260398
0.0255072
0.0259177
0.0253915
0.0253931
0.0255097
0.0259195
0.0253931
0.0259193
0.0259183
0.0259155
0.0253927
0.0253931
0.0253915
0.0253906
0.0253908
0.0259189
0.0253916
0.0253923
0.0253921
0.0253911
0.025276
0.0253923
0.0259197
0.0255092
0.0259198
0.0265961
0.025919
0.0253928
0.0252767
0.025393
0.0253926
0.0253927
0.0259202
0.0253927
0.0253927
0.0260411
0.0259193
0.025277
0.0259183
0.0253925
0.0259196
0.0259193
0.0253929
0.0253934
0.0253923
0.0253936
0.0259193
0.0255098
0.0259194
0.0253932
0.0253922
0.0253921
0.0247746
0.0253924
0.0252767
0.0259187
0.0253931
0.0255098
0.0255099
0.0259187
0.0253913
0.0253919
0.0259203
0.0253925
0.0255091
0.0259179
0.0253924
0.025393
0.0253926
0.026041
0.0265942
0.0259186
0.0260368
0.026163
0.0260401
0.0253931
0.0253929
0.0253926
0.0255071
0.0259191
0.0253923
0.0253907
0.0253912
0.025276
0.0253934
0.0253925
0.0253927
0.0259193
0.0253931
0.0253929
0.0253934
0.0253923
0.025391
0.0253918
0.0253921
0.025393
0.0253926
0.0253923
0.025393
0.0259178
0.025392
0.0253922
0.0253919
0.0253925
0.0253931
0.0260406
0.0253915
0.0253929
0.0259193
0.0253933
0.0253925
0.0253929
0.0253932
0.0253905
0.0255086
0.0261638
0.02551
0.0259189
0.0253918
0.0255087
0.0253917
0.0253916
0.0252759
0.0253923
0.0253915
0.0255084
0.0253923
0.0253918
0.0253921
0.0259186
0.025919
0.026593
0.0259192
0.0253934
0.0253933
0.0253931
0.0253909
0.0253926
0.0253926
0.0253928
0.025393
0.0253932
0.0259181
0.0253934
0.0259193
0.0253933
0.0259199
0.0255095
0.0253927
0.025276
0.0253932
0.0253918
0.0253934
0.0255094
0.0259197
0.0253928
0.0252768
0.025392
0.0253936
0.0259189
0.0253917
0.0255088
0.0253926
0.0253932
0.0253934
0.0253932
0.0253921
0.0253922
0.0253925
0.0253927
0.0253924
0.0255087
0.0261635
0.0255092
0.0253933
0.0253923
0.026041
0.0253912
0.0255102
0.0255098
0.0259192
0.0253932
0.0253914
0.0253927
0.0253917
0.0255094
0.02551
0.0253925
0.0253921
0.0255089
0.0253916
0.0253921
0.0253924
0.0253928
0.0253908
0.0253928
0.0255091
0.0255096
0.0253925
0.0255091
0.0259202
0.0265952
0.0259193
0.0253904
0.0253924
0.0253935
0.0253919
0.025392
0.025392
0.0253933
0.0253926
0.0259188
0.0253903
0.0253933
0.025392
0.025393
0.0253922
0.0253929
0.025391
0.0259199
0.0255093
0.0259194
0.0253924
0.0259185
0.0259184
0.0253931
0.0253916
0.0253924
0.0253922
0.0253928
0.0260409
0.0265939
0.0259179
0.025393
0.0253924
0.0259187
0.0253927
0.025276
0.0259199
0.0259204
0.0253932
0.0253927
0.0253929
0.0255096
0.0255075
0.025391
0.0253934
0.0259175
0.0253932
0.0253927
0.0253931
0.025918
0.0252772
0.0259189
0.0253923
0.0248875
0.0253914
0.0253922
0.0255084
0.025509
0.0253909
0.0253927
0.025393
0.0253931
0.0259199
0.025277
0.0253914
0.0253922
0.0260421
0.0253923
0.0259199
0.0253937
0.0253925
0.0259186
0.0252762
0.0259185
0.0253914
0.0255096
0.0253929
0.0253916
0.0259193
0.0253935
0.0253924
0.0259179
0.025392
0.0253931
0.0259184
0.0253931
0.025919
0.0259183
0.0259168
0.0253925
0.0253923
0.0255101
0.025391
0.0253897
0.0259187
0.0253927
0.0248861
0.025392
0.0260414
0.0253923
0.0253924
0.0259186
0.026595
0.0259192
0.0255087
0.0253919
0.0253917
0.0253927
0.0260402
0.0253934
0.0253911
0.025391
0.0259181
0.0259184
0.0253918
0.0259187
0.0253924
0.02551
0.0260401
0.0259184
0.0253897
0.025391
0.0259185
0.025391
0.0253929
0.0253923
0.025509
0.0253924
0.0253917
0.025393
0.0253911
0.0259197
0.0253932
0.0259191
0.0255097
0.025918
0.0253914
0.0255084
0.0253913
0.0259203
0.0253937
0.0259206
0.0253934
0.0255098
0.0261629
0.0255091
0.0255082
0.0253916
0.025919
0.0253929
0.0253882
0.0253927
0.0255093
0.0259187
0.0255087
0.0253919
0.0255081
0.025393
0.0255103
0.0253928
0.0259191
0.0259197
0.0253933
0.0253927
0.0253923
0.0253928
0.0253931
0.0259194
0.0252774
0.0252771
0.025276
0.0253928
0.0253925
0.0253931
0.0253926
0.0248861
0.0255087
0.0253908
0.0253912
0.0255094
0.0253926
0.0253924
0.0259191
0.0259182
0.0265919
0.0259178
0.0253922
0.0253917
0.0253926
0.0252755
0.0253925
0.0255096
0.0253928
0.0253931
0.0255096
0.025392
0.0253911
0.0253937
0.0253928
0.0255084
0.0253926
0.0253932
0.0253914
0.0259195
0.0255087
0.0259198
0.0252767
0.025392
0.0253912
0.0253927
0.0255094
0.02592
0.0265921
0.0259194
0.0255085
0.0253924
0.0253923
0.0259185
0.0253932
0.0259197
0.0259191
0.0253917
0.025508
0.0253931
0.0253928
0.0253934
0.0259176
0.0253905
0.0259194
0.025392
0.0253931
0.0253924
0.0259179
0.025919
0.0253927
0.0252766
0.0253925
0.0253927
0.0260402
0.0253931
0.0253929
0.0255093
0.0253908
0.0260404
0.0259192
0.0253924
0.0252774
0.025392
0.0253927
0.0253934
0.0253911
0.0255095
0.0253924
0.0253913
0.0253924
0.0253929
0.0253924
0.0252763
0.0253917
0.0255094
0.0253922
0.0253922
0.0259188
0.0253924
0.025509
0.0253919
0.0253918
0.0253919
0.0253916
0.0253915
0.0253922
0.0253911
0.0255103
0.025392
0.0259192
0.0265946
0.0259191
0.025393
0.0248843
0.0255083
0.0259191
0.0253935
0.0259187
0.0259204
0.0253926
0.0248863
0.0253923
0.025392
0.0253936
0.0253931
0.0259186
0.0255095
0.0253917
0.0259182
0.0259188
0.0253922
0.0253928
0.0255083
0.0253916
0.0260409
0.0259188
0.0253932
0.025393
0.0253923
0.0255094
0.025393
0.0253915
0.0253918
0.0253925
0.0259182
0.0255081
0.025393
0.0252769
0.0253889
0.0248855
0.0252776
0.0253918
0.0253929
0.0253924
0.0253925
0.0255094
0.0259193
0.0259183
0.0253926
0.0253923
0.0253927
0.0255083
0.0253928
0.0253918
0.0252761
0.0253911
0.0255086
0.0253929
0.0253924
0.025509
0.0253922
0.0253912
0.0253921
0.0255097
0.0255097
0.0253918
0.0253921
0.0252761
0.0253928
0.0253934
0.0255107
0.0253939
0.0253929
0.0252765
0.0253923
0.0253922
0.0253934
0.0253908
0.0259188
0.0252762
0.0252774
0.0253932
0.0253918
0.025392
0.0253915
0.0253915
0.0252765
0.0253918
0.0255101
0.0255105
0.0253923
0.0259194
0.0253903
0.0259188
0.02539
0.0253902
0.0253933
0.0253914
0.0253913
0.0259176
0.0259191
0.025393
0.0253929
0.0253927
0.0259187
0.0253918
0.0253929
0.0253927
0.0252772
0.0259196
0.0253923
0.0259195
0.0253923
0.0253924
0.0259179
0.0253894
0.0253909
0.025392
0.0253921
0.0255094
0.0253923
0.0259185
0.0259189
0.0253918
0.0259189
0.0253915
0.0259198
0.0253921
0.0253919
0.0253933
0.0259196
0.0259178
0.0259195
0.025509
0.0253932
0.0253914
0.0253928
0.0260401
0.0253921
0.0253931
0.0253929
0.0259186
0.0253921
0.0253916
0.0253919
0.025392
0.0255081
0.0255085
0.0253911
0.026041
0.0253915
0.0253915
0.0253927
0.0253931
0.0253923
0.0253924
0.0253908
0.0248854
0.0255091
0.0253926
0.0259192
0.0253925
0.0248868
0.0253922
0.0253913
0.0253903
0.0253912
0.0253919
0.0253927
0.0248861
0.0253914
0.0253925
0.0253925
0.0253924
0.0255095
0.0255098
0.0255098
0.0253916
0.0253934
0.0253928
0.0259199
0.0253925
0.0253921
0.0255073
0.0253919
0.0253933
0.0253931
0.0255097
0.0253935
0.025393
0.0253927
0.0253912
0.0259161
0.0253933
0.0253926
0.0259186
0.0253918
0.0260394
0.0255077
0.0253921
0.0253933
0.0255092
0.0253916
0.0259184
0.0255078
0.0253928
0.0255094
0.0253927
0.0253922
0.0253929
0.0253919
0.0253924
0.025917
0.0252776
0.0253933
0.0260409
0.0265928
0.0259193
0.0259185
0.0253919
0.0253933
0.0253925
0.0253939
0.0253921
0.0253912
0.0253925
0.0259175
0.0253931
0.0253926
0.0253936
0.0259181
0.0253936
0.025919
0.0253926
0.0252764
0.025918
0.0253929
0.0253905
0.0253936
0.0253922
0.0253916
0.0253905
0.0253927
0.0253923
0.0253922
0.0253929
0.0253927
0.025391
0.025392
0.0252772
0.0259198
0.0259194
0.0253932
0.0253926
0.0253921
0.0253929
0.0260412
0.0253918
0.0253933
0.0253923
0.0259192
0.025393
0.0253929
0.0253918
0.025393
0.025393
0.0255086
0.0259201
0.0253937
0.0253929
0.0259183
0.0253928
0.0253928
0.0253919
0.0248853
0.0253914
0.0259178
0.0265945
0.0259187
0.0252765
0.0253923
0.0253916
0.0255096
0.0253941
0.0259199
0.0253927
0.0260412
0.025392
0.0253924
0.0259197
0.0253921
0.0253934
0.02539
0.0253931
0.025393
0.0259191
0.0265951
0.0260396
0.0253911
0.0253923
0.0252749
0.0253914
0.0252767
0.0253923
0.025392
0.0253915
0.0253927
0.0253907
0.0253925
0.0253906
0.0253927
0.0253923
0.0260408
0.0253927
0.0255094
0.025393
0.0253921
0.0255089
0.0253923
0.025394
0.0253928
0.0253917
0.0259182
0.0253925
0.0252753
0.025392
0.0252759
0.025392
0.0253927
0.0255094
0.025392
0.0253927
0.0253926
0.0259191
0.0253936
0.0253918
0.0259193
0.0265925
0.0259182
0.025393
0.0259199
0.0252759
0.0253908
0.0259186
0.0253921
0.0253929
0.0253924
0.0259202
0.0253922
0.0253917
0.0253925
0.0253919
0.0253927
0.025919
0.0253934
0.0253927
0.0252774
0.0253913
0.0255092
0.0253929
0.0253929
0.0253927
0.025393
0.0252767
0.0248856
0.0248858
0.0253931
0.0253927
0.0253909
0.0259188
0.0259188
0.0253913
0.0253931
0.0253927
0.0253898
0.0259198
0.0259189
0.0253925
0.0253913
0.0252766
0.0253918
0.0253919
0.0253932
0.0259185
0.0265953
0.0259194
0.0253921
0.0259181
0.0259186
0.0253925
0.0248873
0.0252769
0.025393
0.0259194
0.0255099
0.0253923
0.0253933
0.0253923
0.0253922
0.0259192
0.0253917
0.025392
0.0253917
0.0253919
0.0253923
0.0259196
0.025392
0.0259194
0.0253927
0.0253929
0.0253923
0.0259192
0.0253925
0.0259193
0.0253919
0.0253912
0.0259194
0.0255088
0.0253916
0.025392
0.0253928
0.0253928
0.0253931
0.0253924
0.0253922
0.0253927
0.0259188
0.0253929
0.0255089
0.0253926
0.0253918
0.0253922
0.025276
0.0253934
0.0252765
0.0253922
0.0253919
0.0253907
0.0253907
0.0253922
0.0253919
0.0253937
0.025393
0.025392
0.0253924
0.0253934
0.0253917
0.025277
0.0253925
0.0252766
0.0259203
0.0253928
0.0253933
0.025393
0.0253914
0.0253917
0.0253933
0.0259188
0.0260411
0.02539
0.0253919
0.0259189
0.0252767
0.025392
0.0253919
0.0259194
0.0253931
0.0259201
0.025276
0.0247731
0.025392
0.0253916
0.0255091
0.0248868
0.0253928
0.0253922
0.0253916
0.0253921
0.0259192
0.0253925
0.0252777
0.0253928
0.0252764
0.0253914
0.025392
0.0253916
0.0253928
0.0253927
0.0248873
0.0253925
0.0253925
0.0253924
0.0253921
0.0259189
0.0260416
0.0259189
0.0253924
0.0259189
0.0253928
0.0253905
0.0253909
0.0253929
0.0253939
0.0253928
0.0259185
0.0253926
0.025508
0.0253926
0.0253921
0.0259192
0.0255092
0.0253905
0.0253921
0.025391
0.0253913
0.0259197
0.0253938
0.0248853
0.0255081
0.0253921
0.0253931
0.0259189
0.0253913
0.0259173
0.0253921
0.0253917
0.0253925
0.0253932
0.0253926
0.0253922
0.0253919
0.0253922
0.0253926
0.0255071
0.0261619
0.0255078
0.0253925
0.0253927
0.0253926
0.0259191
0.0253915
0.0259193
0.0253897
0.0253928
0.0248864
0.0253905
0.0253928
0.0259177
0.0259173
0.0253917
0.0253928
0.025393
0.0253923
0.0253932
0.0255092
0.0260411
0.0253922
0.0255093
0.0261625
0.0260404
0.0253912
0.02592
0.0253931
0.0252741
0.0253924
0.0259183
0.0253924
0.0253916
0.0259193
0.0252758
0.0253929
0.0253924
0.0253921
0.0259185
0.0253929
0.0253925
0.0252775
0.0253923
0.0259188
0.0260416
0.0265945
0.0273067
0.0277616
0.0270261
0.0263286
0.0261913
0.0261902
0.0261909
0.0261915
0.0263291
0.0261905
0.0261905
0.02633
0.0263288
0.0261894
0.0261899
0.0256664
0.0261908
0.0261911
0.0261898
0.0261918
0.026881
0.0261907
0.0261902
0.0261913
0.0261908
0.0261901
0.025666
0.0261913
0.0261905
0.0261917
0.0261914
0.0256666
0.0261896
0.0268806
0.0263287
0.0261916
0.026191
0.0268818
0.0267368
0.0267373
0.0267363
0.0267382
0.0261901
0.0261887
0.0261904
0.0261905
0.0261906
0.0263284
0.0261905
0.026191
0.0261916
0.0261906
0.0263278
0.0263273
0.0256652
0.0261911
0.0261918
0.0261911
0.0267366
0.0274569
0.0267369
0.0261903
0.025664
0.0261888
0.0263271
0.026191
0.0263285
0.026192
0.0261914
0.0261906
0.0261897
0.0267366
0.0263297
0.0261914
0.0261902
0.0261902
0.0261896
0.0263295
0.0261904
0.0261902
0.0261915
0.026189
0.0261919
0.0261917
0.0261914
0.0261895
0.0260534
0.0261904
0.02619
0.0261912
0.0261912
0.026192
0.0261913
0.026738
0.0267364
0.0274578
0.0267385
0.0261905
0.0261901
0.0261904
0.02619
0.0261912
0.0263288
0.02619
0.0261906
0.0261917
0.0267384
0.0261898
0.0263285
0.0267375
0.0274564
0.0268809
0.0267378
0.0267361
0.0261893
0.0268811
0.026189
0.0261893
0.0261889
0.0267377
0.0261906
0.0261909
0.0261905
0.0263287
0.0261909
0.0261899
0.0263287
0.0261905
0.0261912
0.0261917
0.0263296
0.0261919
0.0261914
0.0261902
0.0261899
0.0261907
0.0261922
0.026329
0.0267361
0.0268816
0.0261893
0.0261908
0.0261911
0.0261903
0.0267376
0.0261921
0.0263288
0.0261904
0.026191
0.0261902
0.0261904
0.0261914
0.0267375
0.0261909
0.0261905
0.0261908
0.0261924
0.026329
0.0256657
0.0261896
0.0261903
0.0263298
0.0263297
0.026192
0.0267388
0.026191
0.0256654
0.0256655
0.0261908
0.0260533
0.0261905
0.0267374
0.0261901
0.0263291
0.0261906
0.0261909
0.0261911
0.026191
0.0261916
0.0261912
0.0261916
0.02619
0.026329
0.0268818
0.0261901
0.0261902
0.0261903
0.0261899
0.0267371
0.0261906
0.0261897
0.0267369
0.0263293
0.0261899
0.0267371
0.0263295
0.0261903
0.0268817
0.0263275
0.0268809
0.0261903
0.0263288
0.0261915
0.0261914
0.0261889
0.0256648
0.026053
0.0261908
0.0261917
0.0263297
0.0261913
0.0268815
0.026736
0.0261912
0.0261909
0.0261896
0.0261915
0.0263282
0.0267379
0.0261906
0.0256658
0.0261899
0.0261911
0.0261906
0.026191
0.0261909
0.0267367
0.0261905
0.0267379
0.0261909
0.026735
0.0263287
0.0261888
0.0268809
0.0261914
0.0263299
0.026191
0.0261898
0.0261908
0.0263284
0.0261914
0.0261897
0.0267364
0.0261921
0.0261908
0.0261915
0.0261908
0.0263284
0.0263288
0.0261902
0.0267362
0.0261896
0.0263286
0.026737
0.0261888
0.0261913
0.0263285
0.0261906
0.0263295
0.0261917
0.0261904
0.0261911
0.0261909
0.0261916
0.0261912
0.0261912
0.0263288
0.0263282
0.0261915
0.0267379
0.0261905
0.0268805
0.0267379
0.0267367
0.0261915
0.0261911
0.0261912
0.0263279
0.026329
0.0267378
0.0261906
0.0261905
0.0267367
0.0267357
0.0261894
0.02619
0.0267375
0.0263297
0.0261909
0.0256664
0.0263296
0.0261911
0.02633
0.0261905
0.0261905
0.0261903
0.0261914
0.0261916
0.0261915
0.0261911
0.0261921
0.0261889
0.0261906
0.0261908
0.0261897
0.0261904
0.0261909
0.0261909
0.0261911
0.0261911
0.0261911
0.0267361
0.0261911
0.0267372
0.0261906
0.0267372
0.0261903
0.0261903
0.0261908
0.0261905
0.0263281
0.0261908
0.0261906
0.0263293
0.0261907
0.0260543
0.0256661
0.0263288
0.025667
0.026191
0.0263294
0.0267371
0.0261901
0.0263289
0.0261912
0.0263294
0.026191
0.0261891
0.0261904
0.0267377
0.0261916
0.026191
0.0267367
0.0261902
0.0261914
0.0263298
0.0261904
0.0267373
0.0267368
0.0261901
0.0261913
0.0261912
0.0256667
0.0261901
0.026192
0.0267383
0.0263296
0.0261902
0.02619
0.0268813
0.0261912
0.0261897
0.0261907
0.0261906
0.0261905
0.0268802
0.02619
0.0268811
0.0261911
0.0261908
0.0267381
0.0268811
0.0261893
0.0261915
0.02619
0.0268803
0.0270262
0.0263287
0.0267376
0.026191
0.0261907
0.0256654
0.0261894
0.0263298
0.0261899
0.0261912
0.0263285
0.0261913
0.0261912
0.0261909
0.0267374
0.0261897
0.0263292
0.0267373
0.0261886
0.0256662
0.0256661
0.0261921
0.0263294
0.0261907
0.0267357
0.0261906
0.0261914
0.0267362
0.0261899
0.0267367
0.0267368
0.0261912
0.0260544
0.0260523
0.0261912
0.0261904
0.0261901
0.0268806
0.0267372
0.0261905
0.0261906
0.0263285
0.0261909
0.0261899
0.0261903
0.0256656
0.026329
0.0261905
0.0261909
0.0267369
0.0263294
0.0263279
0.0268797
0.0263292
0.026191
0.0261903
0.0267373
0.0261918
0.0261902
0.0256663
0.02619
0.0267351
0.0261899
0.0260525
0.0261895
0.0261898
0.0256644
0.0261905
0.0261913
0.0261911
0.0261923
0.026191
0.0268809
0.0261906
0.0261912
0.0261905
0.0261906
0.0261889
0.0261908
0.0261888
0.02619
0.0261915
0.0261902
0.0256663
0.0263291
0.0261919
0.0261914
0.0261907
0.0261893
0.026191
0.0267373
0.0261902
0.0268796
0.026192
0.0261907
0.0261923
0.0261895
0.0261904
0.0261906
0.0256663
0.0261905
0.0261915
0.0261901
0.026191
0.026192
0.0261917
0.0263287
0.0267363
0.027457
0.0267373
0.0261913
0.0261916
0.0261911
0.0261919
0.0261909
0.026191
0.0256663
0.0261915
0.0261903
0.0261892
0.0256644
0.0263288
0.0261909
0.026737
0.0261915
0.0263294
0.026191
0.0267362
0.0261906
0.0261911
0.0261905
0.0267365
0.0261898
0.0261875
0.0261905
0.0260531
0.0267371
0.0261907
0.0261911
0.0261894
0.0261917
0.0261912
0.0268809
0.0261915
0.0263299
0.0261903
0.0256655
0.0261911
0.0261924
0.0261902
0.0261887
0.0261911
0.0263288
0.0261919
0.0261913
0.0267363
0.0261911
0.0261918
0.0268833
0.0261882
0.0261891
0.0261905
0.0261921
0.0268818
0.0261923
0.0261909
0.0263292
0.0261905
0.0256659
0.0261913
0.0263281
0.0261915
0.0263309
0.0263299
0.0270249
0.0263279
0.0261905
0.0261923
0.0261906
0.0267374
0.0263286
0.0261913
0.0267382
0.0263295
0.0267353
0.0261908
0.026329
0.0261913
0.0267388
0.0261902
0.0261923
0.0267377
0.0261906
0.0267379
0.0261905
0.0261903
0.0261919
0.02619
0.0256645
0.0261903
0.0261911
0.0261906
0.0267377
0.0261907
0.0261887
0.026191
0.0267375
0.02619
0.0261914
0.0261911
0.0261914
0.0261906
0.0261916
0.0261908
0.0256662
0.025664
0.0261901
0.0263293
0.0261896
0.0261885
0.0256666
0.0261897
0.0256661
0.026191
0.0261915
0.0261924
0.0261897
0.0261909
0.0267381
0.0261905
0.0261899
0.0261898
0.026188
0.0256639
0.0261888
0.0261904
0.0267345
0.0261909
0.0261917
0.0263298
0.0261899
0.02619
0.0261904
0.0261917
0.0267373
0.0267368
0.0261898
0.0256653
0.0261908
0.0261917
0.0261904
0.0263298
0.02619
0.0267358
0.0261908
0.0261899
0.026881
0.026737
0.0274566
0.0268798
0.0261888
0.0260535
0.0267381
0.0261907
0.0267368
0.0274565
0.0267361
0.0267376
0.0267369
0.026191
0.0263289
0.0263275
0.0270258
0.0263274
0.0267372
0.0263297
0.026191
0.0267358
0.0261901
0.0267377
0.0261913
0.0261909
0.0261907
0.0261894
0.026191
0.0260541
0.0256664
0.0261902
0.0261916
0.0261901
0.0256668
0.0261905
0.0261903
0.0268814
0.0261911
0.0261898
0.026736
0.0261894
0.0263281
0.0261905
0.0267366
0.0267358
0.0263282
0.0261907
0.0261925
0.0261904
0.026736
0.0261897
0.026329
0.0261908
0.0261909
0.0261897
0.0261908
0.0261911
0.0267382
0.0261907
0.0261917
0.0267373
0.0274569
0.0267373
0.0261906
0.0261909
0.0261906
0.0261917
0.0268812
0.0270268
0.0263284
0.0261907
0.0261905
0.0261908
0.0261908
0.0261902
0.0261904
0.0261907
0.0261892
0.0261911
0.0261914
0.026881
0.0261897
0.0261911
0.0263282
0.0261912
0.0267378
0.0267371
0.0261893
0.0261918
0.0255337
0.0261907
0.0261889
0.0261914
0.0263285
0.0261909
0.0261905
0.0263296
0.0270267
0.0263279
0.0261897
0.0261905
0.0256662
0.0261913
0.0263299
0.0261908
0.0261907
0.0260524
0.0261917
0.0261921
0.0261908
0.0261916
0.0268823
0.0261909
0.0261902
0.0261916
0.0261908
0.0261891
0.0261899
0.0261906
0.0268817
0.0268813
0.0261913
0.025667
0.0261897
0.026191
0.0263301
0.0261922
0.0261909
0.0268797
0.026191
0.0267375
0.0261901
0.025666
0.0261903
0.0261917
0.0261914
0.0261922
0.0261911
0.0261908
0.0268814
0.0261916
0.0261912
0.0263289
0.0263296
0.0261921
0.0261909
0.02619
0.0261912
0.025667
0.0261915
0.0261909
0.026191
0.0261917
0.0261915
0.0261909
0.0261897
0.0261916
0.0267382
0.0274568
0.0267373
0.0263297
0.0261903
0.0263294
0.0263289
0.0256661
0.026191
0.0256654
0.0261906
0.026191
0.0261905
0.026329
0.0261922
0.0261912
0.0261903
0.0260536
0.0261908
0.0263286
0.026738
0.0261917
0.0261897
0.0263279
0.0261906
0.0256649
0.0261901
0.0261911
0.0261904
0.0263267
0.0256651
0.0261905
0.0261913
0.0268798
0.0261913
0.0261917
0.0261913
0.026329
0.0270271
0.0263284
0.0261918
0.0268812
0.0261916
0.0261906
0.0261914
0.0261907
0.0261904
0.0263283
0.0261915
0.0261901
0.0261912
0.0263284
0.0261908
0.026327
0.0263289
0.0263289
0.026192
0.0267375
0.0261903
0.0261913
0.0261907
0.0261914
0.0261896
0.0261911
0.0261894
0.0263281
0.0261912
0.0267367
0.0261919
0.0260533
0.0261905
0.0263294
0.0261897
0.026328
0.0263279
0.0261916
0.0261897
0.0261913
0.0261905
0.0261912
0.0260543
0.0261907
0.0261917
0.0261912
0.0261922
0.0261912
0.0261902
0.026053
0.026736
0.0261916
0.0261901
0.0267373
0.0261903
0.026191
0.0261911
0.0261921
0.0261917
0.0261911
0.0261901
0.0261919
0.0260524
0.02619
0.0261902
0.0267371
0.0263279
0.0261898
0.0256663
0.026328
0.0263286
0.0261908
0.0261907
0.0261915
0.0261895
0.026192
0.026192
0.0261895
0.0256657
0.0261914
0.0256645
0.0263284
0.0261921
0.026192
0.0261912
0.026329
0.0261914
0.0263295
0.0270266
0.0263287
0.0263293
0.0261913
0.0261901
0.0263285
0.0263275
0.0261906
0.0261894
0.0261895
0.0261907
0.0263293
0.0261912
0.0267366
0.0261917
0.0261911
0.0261908
0.0261909
0.0261924
0.0263283
0.0261921
0.0267363
0.0263294
0.0267366
0.0267384
0.0267386
0.0261901
0.0261903
0.0261909
0.0261894
0.0261894
0.0263291
0.0267381
0.0261917
0.0261905
0.0261905
0.026737
0.0261895
0.0267364
0.0263283
0.0263289
0.0256652
0.0263292
0.026192
0.0267381
0.0263288
0.0261892
0.0267364
0.0261883
0.0263296
0.02619
0.0261895
0.0263285
0.0261907
0.026189
0.0267375
0.0267376
0.026738
0.02619
0.0261906
0.0261908
0.026329
0.0261901
0.0261914
0.0261922
0.0261911
0.026191
0.0256664
0.0261913
0.0261892
0.026191
0.0261905
0.026191
0.0261909
0.0263294
0.026191
0.02619
0.026189
0.0261908
0.026191
0.0261909
0.0263281
0.0261909
0.0263287
0.0261884
0.0261904
0.0267367
0.0261919
0.02619
0.0263269
0.0261911
0.02619
0.0261902
0.0267372
0.0268817
0.0261915
0.0261909
0.0261913
0.02619
0.0267368
0.0263291
0.0261899
0.0261899
0.0256662
0.0261902
0.0261918
0.0263294
0.0267366
0.0268793
0.0267363
0.0260541
0.0267374
0.0261913
0.0261899
0.0261913
0.0256661
0.0261906
0.0261902
0.0261913
0.0261917
0.0261908
0.0261906
0.0267372
0.0261909
0.0267378
0.0261918
0.0256667
0.0261911
0.0261912
0.0261901
0.0261904
0.0267367
0.0261917
0.0261902
0.0261915
0.0261908
0.0261904
0.0261914
0.0267377
0.0261901
0.0261898
0.0267379
0.0261907
0.0261905
0.0261914
0.0261909
0.0261913
0.0268826
0.0261913
0.0263295
0.0261921
0.026191
0.0261908
0.0261907
0.0261889
0.0267382
0.0267352
0.0274573
0.0267383
0.0261906
0.0261918
0.0263281
0.0263274
0.0261916
0.026191
0.026191
0.0261891
0.0263281
0.0261915
0.0263281
0.0263301
0.026191
0.0261905
0.0263286
0.0263291
0.0256663
0.0263292
0.0261905
0.026738
0.0261924
0.0261918
0.0261907
0.0261915
0.0261896
0.0263285
0.0261912
0.0267369
0.0261917
0.0261913
0.0261903
0.026191
0.0263286
0.0261904
0.0261903
0.0261905
0.0261912
0.0267355
0.0261909
0.0261917
0.0261912
0.026189
0.0261903
0.0263282
0.0261904
0.026737
0.0263288
0.0270245
0.0263274
0.02619
0.0267367
0.02619
0.0261907
0.0256644
0.0261905
0.0261911
0.0261909
0.0261914
0.0261905
0.0261904
0.0261914
0.0261927
0.026191
0.0263293
0.0261904
0.0261906
0.0261907
0.0261906
0.0261904
0.0261903
0.0261904
0.0261919
0.0260536
0.0256667
0.0263281
0.0267373
0.0263292
0.0270266
0.0263296
0.0261902
0.0261917
0.0261916
0.0267356
0.0261915
0.0261901
0.0261907
0.0261904
0.0267363
0.0261909
0.0261915
0.025667
0.0263295
0.0267374
0.0263305
0.0261913
0.0261916
0.0261904
0.0261915
0.0261914
0.026191
0.02619
0.0261908
0.0261908
0.0261905
0.0268808
0.0261908
0.0261904
0.0261917
0.0261911
0.0263295
0.0256664
0.0261923
0.0261927
0.0267384
0.0261913
0.0261914
0.0261915
0.0261915
0.0268812
0.0261904
0.0256662
0.0261911
0.0263292
0.0261917
0.0261898
0.0256651
0.0261909
0.0261914
0.0261898
0.0268814
0.0261918
0.026191
0.0261898
0.026327
0.0261908
0.0267377
0.0267375
0.0267353
0.0261909
0.0263288
0.026737
0.0263291
0.0270272
0.0263279
0.0263297
0.0261913
0.026328
0.0261902
0.026191
0.0261913
0.0263293
0.0261905
0.0261881
0.0263283
0.0267371
0.0261899
0.0261919
0.0261907
0.0261916
0.0268827
0.0261909
0.0261904
0.0261914
0.0263282
0.0263284
0.0261906
0.0261903
0.026329
0.0261902
0.026192
0.0261891
0.0261913
0.0261902
0.0263285
0.0261903
0.0263283
0.0261907
0.0261895
0.0256654
0.0263295
0.0267376
0.0261909
0.0256668
0.0256657
0.0261907
0.0263296
0.0261916
0.0268821
0.0261903
0.0267379
0.0260536
0.0261909
0.0263285
0.0263293
0.0270271
0.026329
0.0263291
0.0261916
0.0261893
0.0267361
0.026191
0.0261906
0.0263298
0.0261919
0.0261915
0.0263279
0.0261917
0.0260537
0.0261916
0.0261911
0.0261912
0.0263269
0.0261905
0.0261899
0.0263291
0.0261904
0.0261908
0.0263295
0.0267352
0.0274575
0.0267376
0.0261913
0.0263299
0.0267377
0.0261914
0.0263289
0.0261898
0.0263302
0.0270274
0.0263274
0.0261901
0.0261899
0.0263289
0.0256649
0.0261908
0.0256646
0.0261902
0.0267372
0.0261899
0.0261911
0.0261908
0.0261906
0.0261907
0.0261909
0.0263284
0.0261918
0.0261906
0.026192
0.0261894
0.0261909
0.0261909
0.0261902
0.0261906
0.0261913
0.0261914
0.0261889
0.0261919
0.0263296
0.0263279
0.0263278
0.0261905
0.0261911
0.0263291
0.0261907
0.0268815
0.0261909
0.0263283
0.0267367
0.0261913
0.026882
0.0261907
0.0268814
0.026737
0.0261913
0.02633
0.0256666
0.026191
0.0261897
0.0261894
0.0261905
0.0261908
0.0256667
0.0261906
0.0261899
0.0261906
0.0261908
0.0261905
0.0261907
0.0261926
0.0261881
0.0261893
0.0261909
0.0261904
0.0267374
0.026738
0.0261911
0.0261909
0.0263272
0.0261923
0.0261904
0.0261913
0.0261917
0.0263302
0.0263286
0.0261904
0.0256664
0.0261906
0.0261915
0.0263296
0.0256658
0.0261903
0.0261899
0.0261904
0.0261903
0.026191
0.0267372
0.0263295
0.0263295
0.0261904
0.0267366
0.0261909
0.0267362
0.0261911
0.0267364
0.0274567
0.0267373
0.026191
0.0267379
0.026328
0.0267368
0.0260532
0.0261924
0.0261905
0.0261899
0.0256647
0.0256652
0.0261904
0.0261907
0.0267372
0.0261901
0.0261902
0.0261898
0.0261901
0.0261913
0.0261892
0.0261911
0.0261916
0.0260542
0.0267361
0.0261904
0.0261901
0.026327
0.0261918
0.0261919
0.0261915
0.0256667
0.0261913
0.0261918
0.0267378
0.0261915
0.0261911
0.0261907
0.0261893
0.0261921
0.0261902
0.0261905
0.0261908
0.0261903
0.0261907
0.0267371
0.0261914
0.026191
0.025667
0.0261907
0.0263291
0.0261915
0.0261901
0.0261906
0.0261915
0.0263296
0.0263295
0.0261906
0.0267361
0.0261904
0.0261908
0.0263285
0.0263287
0.0256668
0.0261911
0.0260544
0.0261921
0.0267388
0.0267368
0.0261908
0.0261904
0.0263296
0.0261921
0.0263284
0.0263288
0.0261903
0.0261907
0.026328
0.0263296
0.0256663
0.0261915
0.0261903
0.0261909
0.0256664
0.0261914
0.0261891
0.0261901
0.0261903
0.026053
0.0256664
0.0261882
0.0261888
0.0261916
0.0267369
0.026736
0.02619
0.0261909
0.0261897
0.0261911
0.0261898
0.0261895
0.0263297
0.026191
0.0261907
0.0261901
0.0267363
0.0261906
0.0261913
0.0261911
0.0261907
0.0261905
0.026329
0.0261913
0.026192
0.0261919
0.02619
0.0261897
0.0261903
0.0261914
0.026189
0.0267374
0.0261913
0.0261909
0.0261904
0.0256652
0.0256651
0.0261895
0.0261913
0.0263286
0.0261912
0.0261921
0.0261913
0.0261902
0.0261908
0.0263287
0.0267376
0.0261882
0.026192
0.0263276
0.0270266
0.0263288
0.0261907
0.0261913
0.0261895
0.0263286
0.0261889
0.0261911
0.0261907
0.0267344
0.0274568
0.0267379
0.0261908
0.0267383
0.0261916
0.0261914
0.0261913
0.0261909
0.0261912
0.0256662
0.0261912
0.0261899
0.0268801
0.026328
0.0261906
0.0261906
0.0261912
0.0255352
0.0261902
0.0261899
0.0261901
0.0267386
0.0261906
0.026191
0.0261899
0.0267362
0.0261911
0.026191
0.025667
0.026191
0.0263294
0.0263294
0.0263295
0.0256663
0.0261908
0.0261914
0.0261906
0.0263293
0.0261907
0.026329
0.0261897
0.0261913
0.0267353
0.0267359
0.0261916
0.0263282
0.0261918
0.0256665
0.0263275
0.0270265
0.0263302
0.0261923
0.0261913
0.0263272
0.026329
0.0261898
0.0263281
0.0261902
0.0261908
0.0261894
0.0261888
0.0267371
0.0267377
0.0261905
0.0256644
0.0261909
0.0261914
0.0261908
0.0263293
0.0261898
0.0261884
0.0261903
0.0268805
0.0261904
0.0261915
0.0267381
0.0261913
0.026191
0.0263287
0.0267369
0.0261907
0.0261911
0.0256669
0.0261917
0.0263303
0.0261913
0.0261913
0.0261897
0.0267365
0.02619
0.0261912
0.0256651
0.0263286
0.0261898
0.0261906
0.0256671
0.0263294
0.0263297
0.0261912
0.0256657
0.0261906
0.0256652
0.0261909
0.0261905
0.0261897
0.0261899
0.026328
0.0261918
0.0261909
0.02619
0.0261913
0.025666
0.0261897
0.0261915
0.0261917
0.0263294
0.0267367
0.0261901
0.0261917
0.0261918
0.0261894
0.0261885
0.026191
0.0256662
0.0261908
0.0261905
0.0256652
0.0261913
0.0261887
0.0261909
0.0263289
0.0261903
0.0268814
0.0261907
0.0256649
0.0263299
0.0268802
0.026191
0.0261898
0.0261902
0.0261909
0.0255336
0.0261911
0.0261905
0.026881
0.0261908
0.0267371
0.0263284
0.0261905
0.0261905
0.0261902
0.0261891
0.026737
0.0261904
0.0261914
0.0261909
0.0261911
0.0263297
0.0261911
0.0261917
0.0267369
0.0261906
0.02619
0.0267369
0.0261883
0.0263299
0.026191
0.0261909
0.0261908
0.0263285
0.026192
0.0267379
0.0268817
0.0270257
0.026327
0.0267361
0.0261906
0.0261911
0.02619
0.0263282
0.0261904
0.0261908
0.0261904
0.0261902
0.0267372
0.0263274
0.0263292
0.0267377
0.0261911
0.0263296
0.0261919
0.0261907
0.0261902
0.026191
0.026191
0.0261899
0.0261903
0.026191
0.0256656
0.0261907
0.0261911
0.026192
0.0261903
0.0263285
0.0261886
0.0261906
0.0261916
0.0261901
0.0256658
0.0261917
0.0261915
0.0267375
0.0267375
0.0261914
0.0263292
0.02619
0.0261909
0.0267372
0.0261915
0.0263286
0.0261907
0.0261914
0.0263287
0.0261918
0.0263284
0.0256646
0.0263294
0.0261908
0.0268818
0.0270262
0.0263293
0.0268795
0.0261907
0.0256672
0.0261909
0.0267378
0.0261916
0.0261909
0.0261894
0.0261901
0.026191
0.0261906
0.026736
0.0261909
0.0263299
0.026329
0.0263294
0.0263289
0.0261899
0.0261913
0.0263289
0.0267368
0.0261892
0.02619
0.0261908
0.0261912
0.0263295
0.0261916
0.026191
0.0261919
0.0261917
0.026191
0.02619
0.0263293
0.027028
0.0263277
0.0267364
0.0261915
0.0255347
0.0261907
0.0261923
0.0261899
0.0261898
0.0267379
0.0261906
0.02619
0.0261891
0.0267366
0.0261893
0.0263282
0.02633
0.0261916
0.0267366
0.0261902
0.0261908
0.0261908
0.0261903
0.02619
0.0267351
0.0274563
0.0267379
0.0261899
0.0263289
0.0261913
0.0261902
0.0261918
0.0261905
0.0261906
0.0261913
0.0263305
0.0261906
0.0263291
0.0261906
0.0267374
0.0274535
0.0267364
0.0261897
0.0263289
0.0261909
0.0261907
0.0263286
0.026329
0.0263275
0.0256669
0.0261904
0.0261916
0.0261897
0.0263279
0.0263296
0.0261898
0.0255331
0.0261908
0.0263293
0.0268811
0.0261922
0.0261905
0.0261892
0.0261905
0.0261904
0.0261905
0.026737
0.0261902
0.0261912
0.0267373
0.0261907
0.0263272
0.0261903
0.0261915
0.0261897
0.0263285
0.026191
0.02619
0.0261921
0.0261903
0.0261904
0.0261912
0.0263285
0.0263284
0.0261902
0.0261924
0.026191
0.0261912
0.0261917
0.0261908
0.0267383
0.0261915
0.0267375
0.0263284
0.0261905
0.0263276
0.0261886
0.026191
0.026328
0.0256649
0.0256648
0.0263293
0.0263297
0.0267377
0.0261915
0.0261905
0.026329
0.0263284
0.0261909
0.0261914
0.0267378
0.0267377
0.0261912
0.0261908
0.0261897
0.0267365
0.0263298
0.0263291
0.0261903
0.0261911
0.0261913
0.0267385
0.0261901
0.0261916
0.0261912
0.0261917
0.02619
0.026188
0.0261909
0.026192
0.0261907
0.0256667
0.0261915
0.0261899
0.0256651
0.0261906
0.0261903
0.0261912
0.0261907
0.0261903
0.0263291
0.0263291
0.0261911
0.0261913
0.0267366
0.0267376
0.0261899
0.0261906
0.0261882
0.0268806
0.0261892
0.0267375
0.0261914
0.0261908
0.0263297
0.0256647
0.0261908
0.0263293
0.0261911
0.0261913
0.0261915
0.0261884
0.0261907
0.0261912
0.0261915
0.0261913
0.0261914
0.0261911
0.0261916
0.0261902
0.0261915
0.0263288
0.0267379
0.0263287
0.0261907
0.0261907
0.0267378
0.0261908
0.0263293
0.0263289
0.0263292
0.0267364
0.0261904
0.0261901
0.0267366
0.0261916
0.0268821
0.0276084
0.0282147
0.0286677
0.0278846
0.0271424
0.0275481
0.0283104
0.0275467
0.026982
0.0269824
0.0269823
0.0269815
0.0269815
0.0269824
0.0269808
0.0269826
0.0264392
0.0269817
0.0275473
0.0283112
0.027545
0.0269813
0.0269816
0.0269819
0.0269798
0.0271422
0.0269801
0.027142
0.0269825
0.026982
0.0271428
0.027143
0.027547
0.0269814
0.0271429
0.0271432
0.0269815
0.0268208
0.026981
0.0269826
0.0271439
0.0269811
0.0269821
0.0269817
0.0269806
0.0269816
0.0269815
0.0269823
0.0269808
0.0275447
0.0269807
0.0269804
0.0269813
0.0269804
0.0271426
0.0269813
0.0269799
0.0269824
0.026982
0.0271425
0.0271422
0.0269811
0.0275462
0.0271433
0.0269819
0.0275461
0.0283109
0.0275457
0.026981
0.026821
0.0275471
0.0269817
0.0275471
0.0271426
0.0269821
0.026981
0.0269815
0.0275474
0.0283114
0.0275476
0.027545
0.0269808
0.0269822
0.0269811
0.0269821
0.0269808
0.0269812
0.0269822
0.0269818
0.026981
0.02698
0.0275476
0.0269814
0.0271416
0.0269793
0.0271432
0.026981
0.0275467
0.0269824
0.0268208
0.027546
0.0269821
0.0269814
0.0277146
0.0269818
0.0269816
0.0269815
0.0264387
0.0269821
0.0269823
0.0269804
0.0271435
0.0269815
0.0269816
0.0269813
0.0269825
0.0275462
0.0271419
0.0275461
0.0269813
0.0275465
0.0269798
0.0269803
0.0271418
0.0271424
0.0269814
0.0269796
0.0269805
0.0277139
0.026981
0.0269808
0.0269831
0.0269827
0.0269819
0.0264382
0.0271442
0.0269813
0.0269813
0.0269808
0.0269816
0.0275464
0.0271414
0.0269815
0.0269821
0.0269826
0.0269819
0.0269814
0.0269809
0.0275473
0.0269805
0.0269807
0.0269794
0.0269824
0.0269819
0.0269809
0.0269823
0.0271433
0.0269808
0.0275477
0.026981
0.0269792
0.0269817
0.0269821
0.0269809
0.0269806
0.027141
0.027547
0.0269812
0.027143
0.0275478
0.0271425
0.0269819
0.0275462
0.0269801
0.0269812
0.0275461
0.0269817
0.0269813
0.0269814
0.0268226
0.0269821
0.026981
0.0269812
0.0271407
0.0278854
0.0271445
0.0275447
0.0271425
0.0275445
0.0271429
0.0269809
0.0269813
0.0271434
0.0271427
0.0269806
0.0269811
0.0269824
0.0268225
0.0269815
0.0269818
0.0269814
0.0268202
0.0269802
0.0269803
0.0271443
0.0275471
0.0271431
0.0269816
0.0275466
0.0269806
0.0269818
0.0269819
0.0277159
0.0269814
0.0271437
0.0269811
0.026982
0.0269817
0.0269809
0.0269826
0.0269831
0.0269818
0.0277153
0.0283101
0.0275461
0.026981
0.0269813
0.0269802
0.0269814
0.0271433
0.0269821
0.0269812
0.026981
0.0275449
0.0283087
0.0277146
0.0269827
0.0269819
0.0269821
0.0269807
0.026982
0.0269819
0.0269823
0.0275481
0.0269818
0.027143
0.026983
0.0269811
0.0269814
0.0269821
0.0271425
0.0269809
0.0269813
0.0269777
0.0269804
0.0271424
0.0278854
0.0271423
0.0275459
0.0269819
0.0269814
0.0269824
0.026982
0.0269828
0.0275471
0.0269811
0.0275476
0.027143
0.027144
0.0275474
0.0269815
0.0275478
0.0283112
0.0275457
0.0269824
0.0269818
0.0269815
0.0269816
0.0269811
0.0277133
0.0269811
0.0269819
0.0271425
0.0278853
0.0277149
0.027547
0.0269814
0.0269817
0.0271435
0.0269807
0.0269817
0.0271429
0.0269819
0.0269824
0.0269808
0.0269807
0.0269824
0.0275451
0.0269808
0.0269812
0.026981
0.027547
0.0269809
0.0269813
0.0269814
0.026822
0.0269802
0.0269824
0.027143
0.0269819
0.0269823
0.0269813
0.026982
0.0277157
0.0275472
0.0269812
0.0269812
0.0271416
0.026982
0.0269826
0.0275467
0.0269819
0.0269815
0.02698
0.0269809
0.026982
0.0269806
0.0269807
0.0269815
0.0269814
0.0269834
0.026982
0.0275461
0.0269806
0.0271435
0.0275469
0.0275457
0.0275469
0.0269819
0.0269813
0.0269807
0.0269815
0.0269804
0.0277126
0.0269818
0.0275451
0.0271416
0.0269812
0.0269821
0.0269818
0.0271433
0.0275466
0.0271417
0.0275453
0.0275469
0.0268204
0.0269827
0.0269824
0.0269809
0.0269822
0.0271425
0.0269814
0.0269827
0.0269814
0.0268212
0.0269787
0.0275452
0.0269819
0.0269807
0.0269819
0.0269817
0.026981
0.0269812
0.0269821
0.0269816
0.0269808
0.0269822
0.0264388
0.0271424
0.0277153
0.0269822
0.0269819
0.0269818
0.0269814
0.026982
0.0269813
0.0275472
0.0269827
0.0277134
0.0283092
0.0275472
0.0271436
0.0269815
0.0269809
0.0269809
0.0269823
0.0275482
0.0271427
0.0271434
0.0269816
0.0269812
0.0275466
0.0283108
0.0275462
0.0269805
0.0268223
0.0269807
0.0269809
0.0269815
0.0269819
0.0277144
0.0269816
0.0269812
0.0271426
0.0269803
0.0269805
0.0269812
0.0275455
0.0269813
0.0269812
0.0269822
0.0271434
0.0269814
0.0269819
0.0268218
0.0275459
0.0275456
0.0269826
0.0275454
0.0269828
0.0269818
0.0269823
0.0269816
0.0269803
0.0269811
0.0269801
0.026981
0.0269823
0.0275477
0.0269818
0.0269814
0.0269818
0.0275471
0.0271411
0.0269814
0.0269815
0.0271435
0.0269814
0.0269822
0.0275462
0.0269801
0.0268218
0.0269791
0.0264384
0.0269815
0.0271438
0.0277144
0.0275461
0.0271424
0.0269812
0.0269822
0.0271424
0.0269819
0.0269817
0.0269816
0.0269813
0.0269809
0.0269816
0.0268193
0.0275454
0.0269819
0.0269831
0.0277147
0.0271428
0.0269821
0.0269814
0.0269794
0.0269822
0.0269817
0.02698
0.0275479
0.0275473
0.0269813
0.0275462
0.0277153
0.0269805
0.026982
0.0269808
0.027143
0.0269819
0.026981
0.0277139
0.0278855
0.027143
0.0275467
0.0269821
0.0269819
0.0275451
0.0269816
0.0269818
0.0269822
0.0269816
0.0275463
0.0269829
0.0269818
0.0277149
0.0278852
0.0271433
0.0269825
0.0275463
0.0269814
0.0269823
0.0275459
0.0277132
0.027884
0.0271436
0.0269808
0.0269804
0.0269818
0.0268227
0.0269823
0.0275474
0.026981
0.0275464
0.0269818
0.0269813
0.0262849
0.0269811
0.0269819
0.0269832
0.027143
0.0269823
0.0269802
0.0275454
0.0269819
0.0269815
0.026981
0.026981
0.0268226
0.0269837
0.0269823
0.0277147
0.0269814
0.0269791
0.0277144
0.026982
0.027144
0.0269797
0.0269814
0.0269809
0.0268208
0.026981
0.0275477
0.0269816
0.0271432
0.0269817
0.0275461
0.0271434
0.0269812
0.0269791
0.0269818
0.0275474
0.0275472
0.0269816
0.0264378
0.0269825
0.0275475
0.0269818
0.026982
0.0269837
0.0269815
0.026982
0.0269791
0.0275468
0.026982
0.0269811
0.0269811
0.026979
0.0269811
0.0269819
0.0269822
0.0271427
0.0275465
0.0271411
0.0275447
0.0269805
0.0269822
0.0269821
0.0275469
0.0269814
0.0269815
0.0264378
0.0269823
0.0269821
0.0271436
0.026982
0.0269818
0.0275469
0.0269822
0.0268221
0.0269831
0.0269812
0.0269812
0.0269816
0.0269827
0.0271429
0.0269801
0.0269805
0.0269821
0.027143
0.0271408
0.0269818
0.0269817
0.027143
0.0269813
0.0269813
0.0269815
0.0269814
0.0269825
0.0269817
0.0269824
0.0269811
0.02698
0.0269815
0.0269812
0.0269814
0.0269798
0.0269793
0.0271423
0.0271431
0.0269817
0.0269807
0.0269827
0.0269818
0.0269813
0.0269826
0.0269828
0.0271418
0.0269814
0.0275472
0.0269823
0.026982
0.0269821
0.0269812
0.0269802
0.026982
0.0269816
0.0269829
0.0269827
0.0271437
0.0269798
0.026982
0.0269809
0.0269818
0.0269811
0.026981
0.0269805
0.0275473
0.0269811
0.0277145
0.0269804
0.0269819
0.0269813
0.0269806
0.0268212
0.0275467
0.0271425
0.0278842
0.0271417
0.0275471
0.0269809
0.0269813
0.0269819
0.0269804
0.0269799
0.0271434
0.0269828
0.0275461
0.026982
0.0275479
0.0269813
0.0264371
0.0271426
0.0269833
0.0275454
0.0269821
0.0269809
0.0271439
0.0269819
0.0269817
0.0269815
0.0269809
0.0271439
0.0269825
0.0269827
0.026982
0.0275462
0.0269803
0.0269809
0.0269794
0.0269806
0.0275479
0.026981
0.0268208
0.0269813
0.0269811
0.026981
0.0269808
0.0269805
0.0275466
0.0269815
0.0269815
0.0275462
0.0277139
0.0269819
0.0275449
0.0271428
0.0269814
0.026981
0.0269803
0.0268211
0.0275473
0.0269818
0.027546
0.0283107
0.0275468
0.0269822
0.0264391
0.0269805
0.0277143
0.026979
0.026981
0.0275469
0.0269813
0.0271421
0.0269827
0.0269805
0.0269821
0.0275481
0.0269825
0.0275463
0.0269811
0.0269812
0.0275448
0.0269823
0.0269801
0.027714
0.027884
0.0271434
0.0269817
0.0269824
0.0271432
0.026982
0.0269826
0.0269824
0.0269813
0.0269829
0.0269817
0.0275464
0.0269816
0.0269811
0.0275471
0.0277158
0.0269826
0.0271423
0.0269801
0.0269811
0.0269807
0.027144
0.0269803
0.0275455
0.027546
0.0269819
0.0269796
0.0269819
0.0275471
0.0275467
0.0275465
0.0269821
0.0275451
0.0269806
0.0271423
0.027546
0.0268191
0.0269817
0.0275466
0.0269816
0.026982
0.0275474
0.0269816
0.0269832
0.026981
0.0269807
0.0269782
0.0269824
0.0277147
0.027716
0.0278846
0.0277144
0.0271424
0.0269808
0.0269815
0.0271435
0.026979
0.0271436
0.0264386
0.0271432
0.0269825
0.026982
0.0269808
0.0269826
0.0269815
0.0271412
0.0271413
0.0269809
0.0275471
0.0275465
0.0269819
0.0269807
0.0269808
0.0268196
0.0269822
0.0269818
0.0271417
0.026978
0.0271414
0.026981
0.0269818
0.0269831
0.0275445
0.0269818
0.0268221
0.0269811
0.0269796
0.02698
0.0269813
0.0269816
0.0271432
0.0269816
0.0271408
0.0269809
0.0275482
0.0269825
0.0275459
0.0269816
0.0269818
0.026981
0.0269816
0.0275453
0.0269804
0.0269811
0.0269807
0.0269827
0.0269819
0.0269809
0.0268225
0.0269808
0.0269815
0.0269821
0.0269814
0.026982
0.0269813
0.0269815
0.0275468
0.0269819
0.0269809
0.0269823
0.0269817
0.026285
0.0269816
0.0269823
0.0269798
0.0269814
0.0269812
0.0269824
0.0269805
0.0264351
0.0269809
0.0269819
0.0269803
0.026982
0.0269796
0.0269829
0.0269806
0.0269811
0.0275463
0.0269819
0.0269815
0.0275461
0.0269822
0.0269826
0.0269821
0.0269812
0.0264398
0.0269808
0.0269807
0.0269816
0.0271433
0.0269798
0.0271409
0.0269814
0.026982
0.027143
0.0269825
0.0268221
0.0275465
0.027546
0.026982
0.0269793
0.0268204
0.0269822
0.0275459
0.027547
0.0269823
0.0269816
0.0269807
0.026981
0.0269805
0.0269812
0.0269787
0.0269816
0.0275472
0.0269818
0.0269817
0.0269819
0.0269814
0.0269806
0.0269826
0.0275473
0.0271428
0.0269804
0.0269782
0.0269791
0.0269812
0.0269808
0.02698
0.0269791
0.0269825
0.0275468
0.0269814
0.026981
0.0269812
0.0275476
0.0269802
0.0269808
0.0269803
0.0269812
0.0275466
0.0269803
0.0268228
0.026981
0.0271425
0.0269814
0.0269815
0.0277147
0.0269814
0.0269804
0.0271436
0.0264378
0.026982
0.0269812
0.0269811
0.0269818
0.0269812
0.0269786
0.0277137
0.0275461
0.0269828
0.0269828
0.0269812
0.02698
0.0269814
0.0271429
0.0269814
0.0269804
0.0275475
0.0269817
0.0269817
0.0271437
0.0271432
0.0269814
0.0269796
0.0271431
0.027714
0.0269817
0.0269823
0.0269831
0.0264375
0.0269824
0.0269813
0.0271418
0.0269822
0.027142
0.0269814
0.0275462
0.0275467
0.0269809
0.0275464
0.0271428
0.0277143
0.0269807
0.0269797
0.0269814
0.0275462
0.0269811
0.0269827
0.026982
0.0269805
0.0269823
0.0269823
0.0264368
0.0269811
0.0269828
0.0269824
0.0269804
0.0269808
0.0275466
0.0269812
0.0269822
0.0269818
0.0268228
0.0269817
0.0271435
0.027884
0.0271419
0.0271423
0.0271423
0.026982
0.0269822
0.0271436
0.0269824
0.0269801
0.02714
0.0269813
0.0269813
0.0271428
0.0269814
0.0269824
0.0269824
0.0264364
0.026982
0.026981
0.0269812
0.0269816
0.0269809
0.0275452
0.0269799
0.026981
0.026981
0.0275459
0.0269815
0.0269796
0.0269802
0.027141
0.0271428
0.0269804
0.0275472
0.0269823
0.0269821
0.0275472
0.027547
0.0275467
0.0275464
0.0269822
0.027143
0.0275463
0.0269825
0.0269818
0.0277153
0.0269819
0.0275462
0.0269817
0.0269821
0.0269817
0.0269818
0.0269812
0.026982
0.0271434
0.0269835
0.0269821
0.0271421
0.027885
0.0271412
0.0269819
0.0269819
0.0271428
0.0278818
0.0271434
0.026982
0.0269823
0.0269817
0.0269817
0.0269815
0.0269788
0.0269801
0.0269808
0.0275462
0.0269818
0.0269816
0.0269813
0.0277155
0.0269817
0.0269801
0.0269815
0.0271433
0.027715
0.0275468
0.0269809
0.0277141
0.0269821
0.0271432
0.0269815
0.0269817
0.027143
0.0269818
0.0269823
0.0264395
0.0269819
0.0277145
0.0277148
0.0269815
0.0262862
0.0264379
0.0269817
0.0268207
0.0269818
0.0269825
0.0269827
0.0269824
0.0275477
0.0271418
0.0275467
0.0268219
0.0275467
0.0275464
0.027144
0.0269815
0.0264395
0.0269811
0.0269814
0.0269816
0.0271418
0.0271429
0.0269825
0.026982
0.0275489
0.0269813
0.0269823
0.0275455
0.0275465
0.0269806
0.0275469
0.0269823
0.0271428
0.027546
0.026981
0.0271418
0.0269811
0.0275473
0.0269819
0.0269816
0.0275473
0.0269817
0.026982
0.0269808
0.0271426
0.0264397
0.0269802
0.0275465
0.0275458
0.0269808
0.0271415
0.0269808
0.0275462
0.0269819
0.0268215
0.0269816
0.0269819
0.0269826
0.0275463
0.0269826
0.0269804
0.0269818
0.0277144
0.0269822
0.0269813
0.0275457
0.0269822
0.0269825
0.0269817
0.0275472
0.0283116
0.0275452
0.0269825
0.0275485
0.0269826
0.0269822
0.0271437
0.0271427
0.0269822
0.0269823
0.0277141
0.0269821
0.0275469
0.0269801
0.026982
0.027714
0.0283109
0.0275457
0.0269818
0.0275459
0.026978
0.0269826
0.0277127
0.0269814
0.0269819
0.0269796
0.0275456
0.0269817
0.0269811
0.026982
0.0271421
0.0269815
0.0269797
0.0271424
0.026982
0.0269824
0.0269806
0.0275461
0.0271422
0.026981
0.0275451
0.0275458
0.0268204
0.0269821
0.0269811
0.0269818
0.0269809
0.026981
0.0277153
0.0277154
0.0275475
0.0269815
0.0275463
0.0271434
0.027143
0.0275476
0.027143
0.0269807
0.0269814
0.026982
0.026982
0.0269804
0.0268222
0.0269817
0.0275454
0.0283111
0.0277145
0.0269821
0.0269808
0.0269816
0.0269821
0.0275457
0.027546
0.026982
0.0277154
0.0269813
0.0269808
0.0269818
0.0269824
0.0269827
0.0269816
0.0271429
0.0269815
0.0269813
0.0269814
0.0275463
0.0277144
0.0269816
0.0269819
0.0269824
0.0269816
0.0269825
0.0269828
0.0277131
0.0271419
0.026981
0.0275467
0.0269813
0.0269826
0.0275465
0.0269796
0.0269816
0.0269815
0.0269809
0.0269816
0.0269815
0.0268208
0.0268226
0.0269814
0.026981
0.0269816
0.0269817
0.0269813
0.0269821
0.0271426
0.0269806
0.0269834
0.0271424
0.0278844
0.0271418
0.0269819
0.0271436
0.0269811
0.0269813
0.0269807
0.0269803
0.0269823
0.0275461
0.02698
0.027143
0.0269803
0.0275456
0.0269824
0.0269814
0.0268204
0.0269807
0.0271437
0.0269819
0.0275474
0.027713
0.0269823
0.0269814
0.0271423
0.0269805
0.0269821
0.0269825
0.0275477
0.0269811
0.0271429
0.0269813
0.0269826
0.0269827
0.0275474
0.0271414
0.0269829
0.0271427
0.027143
0.0269827
0.0275455
0.0269819
0.0269825
0.0269804
0.0269818
0.026981
0.0269826
0.0269819
0.0264393
0.0269824
0.0269825
0.0269822
0.0269798
0.0275461
0.0269817
0.0275462
0.0269828
0.0275466
0.028312
0.0275474
0.0271431
0.0278853
0.0271432
0.0269814
0.0269811
0.0269821
0.0269801
0.0268196
0.0275452
0.0283093
0.0277154
0.0269813
0.0269821
0.0269824
0.0269829
0.0271429
0.0275458
0.0275458
0.0275473
0.0269812
0.0269798
0.0269806
0.0271428
0.0269824
0.0271416
0.0269811
0.0269817
0.0275477
0.0269821
0.0269812
0.0277147
0.0275464
0.0269813
0.0269809
0.0269821
0.0269819
0.0271416
0.0275463
0.0269814
0.0271428
0.0269813
0.0275476
0.0271421
0.0269819
0.0269817
0.0269819
0.0275456
0.0275476
0.0269818
0.0277144
0.0269807
0.0275476
0.0269786
0.0269819
0.0269818
0.0269814
0.0269821
0.0269806
0.0269824
0.0271419
0.0269785
0.0269823
0.0269824
0.0271422
0.0269823
0.0269808
0.0275474
0.02698
0.0269812
0.0269825
0.0275474
0.0275472
0.0271426
0.0269834
0.0269811
0.0269817
0.0269814
0.0275463
0.0271421
0.0269787
0.0269815
0.0271429
0.027547
0.0271428
0.0269816
0.0269811
0.0277143
0.0269818
0.0269811
0.0271426
0.0278842
0.0277142
0.0269817
0.0275475
0.0275468
0.0269821
0.0269801
0.0271435
0.0269814
0.0275472
0.0269816
0.0269809
0.0268217
0.026981
0.0269817
0.0269816
0.0269811
0.0277161
0.0269816
0.0269808
0.0269824
0.0275466
0.0283122
0.0275463
0.026981
0.0269808
0.0269816
0.0269819
0.0269819
0.0269812
0.026982
0.0269825
0.0271432
0.0271409
0.0269798
0.0277134
0.026979
0.0271425
0.0269826
0.0269817
0.0271437
0.0269828
0.0275442
0.0269813
0.0275472
0.0269819
0.0275471
0.0268211
0.026982
0.0268216
0.026983
0.0269815
0.0269805
0.0275466
0.0269818
0.0269828
0.0271441
0.0275452
0.0269821
0.0271433
0.0269802
0.0269821
0.0269809
0.0269819
0.0271432
0.0269809
0.027547
0.026983
0.0264387
0.0269813
0.0269813
0.0269806
0.0269804
0.0269819
0.027143
0.0269818
0.0269815
0.0271433
0.0269822
0.0264388
0.0269824
0.0269819
0.0269812
0.0269812
0.0271421
0.0269826
0.0269825
0.0275458
0.0269793
0.0271411
0.0275469
0.0283097
0.0277149
0.026982
0.0275468
0.0269816
0.0269797
0.0269816
0.0269797
0.0269825
0.0269826
0.0269807
0.0269804
0.0269815
0.0269827
0.0275466
0.0269824
0.0269812
0.0271432
0.0269812
0.0269817
0.0269818
0.0269795
0.0269809
0.0269828
0.0269814
0.0269815
0.0269827
0.0269807
0.0264387
0.0271411
0.0269809
0.0269815
0.0269818
0.0269813
0.0269816
0.0269821
0.0275473
0.0269811
0.0269815
0.0275472
0.0275467
0.026982
0.0269813
0.0275451
0.0269819
0.0271418
0.0269816
0.0269818
0.0269818
0.0269821
0.0269816
0.0269813
0.0269815
0.0269822
0.0269824
0.027143
0.0269816
0.0269811
0.0269824
0.026981
0.0271422
0.0269811
0.0269815
0.0269787
0.0269817
0.0269808
0.026983
0.0269813
0.027142
0.0275455
0.0269829
0.0275467
0.0269831
0.0275461
0.0269813
0.0271425
0.0269814
0.026981
0.0262854
0.0269803
0.0277153
0.0277156
0.0269825
0.0269827
0.0269827
0.0269809
0.0269822
0.0269808
0.027715
0.0275466
0.0269821
0.0269828
0.0269814
0.0269816
0.0269822
0.0277152
0.0269821
0.0271433
0.0275464
0.0277137
0.0278841
0.0271424
0.0269816
0.0269813
0.0269811
0.0277137
0.0271443
0.0269807
0.026981
0.0271443
0.0269822
0.0269824
0.0269821
0.0268198
0.026981
0.0277144
0.0269817
0.0269826
0.0269805
0.0269819
0.027714
0.0269813
0.0268213
0.0275471
0.0283117
0.0275465
0.0271434
0.0275471
0.0269814
0.0271409
0.0269805
0.0275457
0.026981
0.0269812
0.0269813
0.0269814
0.027547
0.0269801
0.0271432
0.0269819
0.0269818
0.026981
0.0268212
0.0269809
0.0275466
0.0269821
0.027714
0.0269823
0.027144
0.0275478
0.0269816
0.0269822
0.0268203
0.0269795
0.0269817
0.0269821
0.027142
0.0271412
0.0269819
0.0268197
0.0268212
0.0269807
0.0275452
0.0271423
0.0269814
0.0269823
0.0269816
0.0269799
0.0275466
0.026982
0.0275468
0.0268211
0.0269823
0.0269825
0.0271433
0.0271429
0.0269818
0.026982
0.0269806
0.0269813
0.0271429
0.0271427
0.0275468
0.0275466
0.0269809
0.0269815
0.0275467
0.0269819
0.0269816
0.0275471
0.0271432
0.0275479
0.0283106
0.0275465
0.0269827
0.0275482
0.0269806
0.0269819
0.0269818
0.0269815
0.0271425
0.0269807
0.0269819
0.0269812
0.02698
0.0269807
0.0269821
0.02698
0.0269813
0.0269815
0.0269811
0.0264377
0.0271428
0.0271424
0.0271428
0.0269812
0.0275473
0.0269816
0.0264376
0.0269793
0.0269804
0.0275465
0.0269822
0.02698
0.0271411
0.0275467
0.0275461
0.0275454
0.0268221
0.0269821
0.0269816
0.0275449
0.0269805
0.0269806
0.0275468
0.027548
0.026982
0.0269805
0.0271425
0.0271431
0.0269821
0.0269816
0.0269808
0.0271431
0.0269818
0.02698
0.0269813
0.0275468
0.0271434
0.0269817
0.0271426
0.0278841
0.0271413
0.0275452
0.0269822
0.026982
0.026982
0.0269812
0.0269802
0.0271425
0.0269791
0.0275454
0.0271422
0.0269811
0.0275467
0.0277154
0.0269823
0.0268202
0.026981
0.0269812
0.0269812
0.0277138
0.0269809
0.0269824
0.0269821
0.0269826
0.0268215
0.0269813
0.026819
0.0269812
0.0269811
0.0269825
0.0269819
0.0269818
0.0271428
0.027714
0.0275461
0.0269801
0.0269804
0.0269803
0.0269809
0.0275462
0.0275465
0.028312
0.0275473
0.0275466
0.0269797
0.027716
0.026981
0.0269795
0.0275435
0.0269816
0.0271424
0.0275463
0.0269812
0.0264389
0.0269818
0.0275458
0.0269809
0.0269823
0.027545
0.0275455
0.0269799
0.0269812
0.0275471
0.0275461
0.0271427
0.0277134
0.0269806
0.0269814
0.0268223
0.0269821
0.0268223
0.0275462
0.0269819
0.026981
0.0269817
0.0271428
0.0275465
0.0269829
0.0269807
0.0269817
0.0269815
0.0269812
0.0277146
0.0271426
0.0269805
0.0269825
0.027142
0.0269806
0.0269812
0.027545
0.02698
0.0269819
0.0269822
0.0269814
0.0269823
0.027547
0.0269802
0.0275461
0.027546
0.0271426
0.0269816
0.027142
0.0269807
0.0269817
0.0269811
0.0275464
0.0269827
0.027546
0.0271433
0.0269799
0.0271432
0.0269816
0.0269805
0.0269812
0.0269818
0.026982
0.0269818
0.0269825
0.0271441
0.0269819
0.0269815
0.0269826
0.0268223
0.0269814
0.027547
0.0271429
0.0269821
0.0269818
0.0269808
0.026982
0.0269817
0.0269822
0.0275467
0.0269822
0.0271424
0.0269813
0.0275465
0.0275479
0.0269827
0.0269818
0.0271432
0.0269812
0.026982
0.0269823
0.0269819
0.0269815
0.0269821
0.0269811
0.0269828
0.0269829
0.0269808
0.0269813
0.0269814
0.0269808
0.0271431
0.026981
0.0269813
0.0269828
0.026981
0.0269821
0.0271415
0.0269811
0.0269818
0.0269817
0.0275467
0.0275442
0.0268204
0.0269818
0.0271416
0.0269823
0.0264377
0.0271429
0.0269831
0.026982
0.0269814
0.027716
0.0275466
0.0271436
0.0271429
0.026982
0.0269824
0.0269806
0.0269821
0.0271415
0.0269827
0.0269822
0.0271443
0.0269822
0.0269808
0.0275442
0.0269809
0.0269819
0.0269817
0.026981
0.0268208
0.0269793
0.0271432
0.0275477
0.028311
0.0291191
0.0295668
0.0287355
0.0279489
0.0283453
0.0283448
0.0277626
0.0272028
0.027762
0.0277616
0.0277609
0.027763
0.0277626
0.0279481
0.0277611
0.0277619
0.0277619
0.0272024
0.0277622
0.0277625
0.0277628
0.0277627
0.0277621
0.0277611
0.0275781
0.0277624
0.0277624
0.0283458
0.0279494
0.028735
0.0285392
0.0277629
0.0283447
0.0277621
0.0277625
0.0283443
0.0277625
0.0277627
0.0277614
0.0283458
0.0277624
0.0279486
0.027949
0.0277627
0.027762
0.0275782
0.0277613
0.027763
0.0277634
0.0277615
0.0277621
0.0277612
0.0279491
0.0277595
0.0277616
0.0277624
0.0277627
0.027204
0.0277608
0.0279495
0.0279483
0.0277629
0.0272024
0.0277623
0.0277622
0.0283421
0.0285384
0.0283434
0.0283443
0.0277615
0.027762
0.0277603
0.0277629
0.0277634
0.0283432
0.0277623
0.0277628
0.0277597
0.0277614
0.027761
0.0277599
0.0277609
0.0279471
0.0277618
0.0283443
0.0277624
0.0283446
0.0277633
0.027763
0.0277602
0.0275785
0.0277616
0.0277622
0.02776
0.0283435
0.0277631
0.0279486
0.0277619
0.0285375
0.0283428
0.0277634
0.0279466
0.0277623
0.0275773
0.0277625
0.0277635
0.0275767
0.0275787
0.0277623
0.0275782
0.0275782
0.028346
0.0277629
0.027763
0.0272035
0.0277623
0.0277593
0.0277629
0.0279484
0.028735
0.0279479
0.0287359
0.0279492
0.0277623
0.0277629
0.0277622
0.0277622
0.0275781
0.0275779
0.0277628
0.0279479
0.0277625
0.0277619
0.0277639
0.0277631
0.0277621
0.0277597
0.0277625
0.0275781
0.0277622
0.0277631
0.027203
0.027763
0.0277627
0.0277619
0.0283445
0.0277625
0.028342
0.029155
0.028344
0.0277586
0.027762
0.0277627
0.0277627
0.0275784
0.0277623
0.0277633
0.0277628
0.0277621
0.0277642
0.0277624
0.027761
0.0277615
0.0277619
0.0279479
0.0277626
0.0277614
0.0277625
0.0283435
0.0277616
0.0275782
0.0277613
0.0277629
0.0277638
0.0277616
0.0277628
0.0277629
0.0275778
0.0277607
0.0275775
0.0283446
0.0283442
0.0283452
0.0277627
0.0283443
0.0277624
0.0277602
0.0283437
0.0277613
0.0279471
0.027948
0.0279485
0.0279478
0.0277623
0.0277626
0.0277618
0.0277614
0.0283443
0.028345
0.027761
0.0279483
0.0277625
0.0283432
0.027948
0.0277613
0.0277624
0.0275778
0.0283444
0.0277625
0.0275792
0.027762
0.0277602
0.0277615
0.0283453
0.0279488
0.0277621
0.0279488
0.0277615
0.027762
0.0277617
0.0283424
0.0279485
0.0277623
0.0275783
0.0277638
0.0277623
0.0277618
0.0285394
0.0277625
0.027763
0.0275766
0.0272025
0.0277612
0.0277624
0.0277623
0.0277631
0.0277624
0.0277617
0.0277614
0.0275782
0.0277623
0.0279494
0.0287366
0.0279495
0.0277645
0.0277622
0.0279487
0.0277613
0.0283429
0.0277611
0.0272031
0.0277625
0.0279504
0.027763
0.0277625
0.0275788
0.0277605
0.0279473
0.0283443
0.027763
0.0277637
0.0277619
0.0277623
0.0277617
0.0277628
0.0277618
0.0277612
0.0277635
0.0277601
0.0277615
0.0283446
0.0277603
0.0277609
0.0277632
0.0277622
0.0285376
0.0279485
0.0279496
0.0277613
0.0277624
0.0277628
0.0277619
0.0279494
0.027203
0.0277627
0.0279492
0.0283433
0.027762
0.0277624
0.0283455
0.0277624
0.0277612
0.0277634
0.0277635
0.0277619
0.028345
0.0277626
0.0279484
0.0277623
0.0277619
0.0277623
0.0279464
0.0283431
0.0277601
0.0277642
0.0285386
0.027762
0.0277618
0.0277629
0.0283438
0.0275789
0.0283431
0.0283438
0.0283443
0.0275788
0.0275788
0.0277626
0.0275776
0.027763
0.0277641
0.0277645
0.0277632
0.0279462
0.0277636
0.0277626
0.0279494
0.0277616
0.0277635
0.0279492
0.0277614
0.0277638
0.0279496
0.0283451
0.0277617
0.0272029
0.0277627
0.0272041
0.0277623
0.0283453
0.0291542
0.0283444
0.0283449
0.0277627
0.0283446
0.0277622
0.0277633
0.0277619
0.0277631
0.0277629
0.0277631
0.0283453
0.0275786
0.0277632
0.0279497
0.0283456
0.0279486
0.0277625
0.0275791
0.027762
0.0277617
0.0277619
0.0277627
0.027946
0.0272028
0.0275773
0.0277623
0.0277599
0.0277624
0.027762
0.0283447
0.0277602
0.0277636
0.0275791
0.0277618
0.0272035
0.0279485
0.0277625
0.0279472
0.0287375
0.0279481
0.0277629
0.0277638
0.0277627
0.0277605
0.0283439
0.0277617
0.0275771
0.0283439
0.027762
0.0283419
0.0277617
0.0275776
0.0277614
0.0277609
0.0277625
0.027202
0.0277615
0.0277621
0.0277627
0.0279492
0.0277635
0.0277633
0.0275784
0.0277611
0.0277623
0.0277623
0.0277631
0.0285397
0.0277627
0.0277614
0.027762
0.02854
0.0277625
0.0277621
0.0279488
0.0287369
0.0285382
0.0277631
0.0279494
0.0277596
0.0277627
0.0283451
0.0277617
0.0283446
0.0277599
0.0277611
0.027763
0.0277614
0.0283449
0.0277615
0.0277622
0.0277633
0.0277623
0.0277623
0.0277626
0.0277596
0.0272039
0.0275778
0.0277622
0.0283439
0.0283426
0.0277621
0.027763
0.0277631
0.0277621
0.0277623
0.0270259
0.0277638
0.027948
0.0277601
0.0277637
0.0277622
0.0277636
0.0272035
0.0272006
0.0272014
0.0277622
0.0283452
0.0277633
0.0277609
0.0283462
0.0277626
0.0277625
0.0277607
0.0270244
0.0272025
0.0277631
0.0272024
0.0277615
0.027763
0.0277625
0.0272037
0.0277629
0.0279483
0.0277618
0.0277624
0.0277625
0.027762
0.0283441
0.027763
0.0277627
0.0277609
0.0277624
0.0277626
0.0283437
0.0291541
0.028344
0.027762
0.0279488
0.0277618
0.0277624
0.0277623
0.027763
0.0285387
0.0277621
0.0279483
0.0279481
0.0277623
0.0277631
0.0277616
0.0277628
0.027762
0.0277637
0.0277628
0.027763
0.0277619
0.0277626
0.0277646
0.0277613
0.0275773
0.0277606
0.0277619
0.0277613
0.0277629
0.028345
0.0277634
0.0275772
0.0283454
0.0275779
0.0277626
0.0275769
0.0275776
0.027762
0.0277614
0.0277604
0.0277619
0.0277605
0.0277606
0.0277627
0.02776
0.0277624
0.0277608
0.0275784
0.0272029
0.0277634
0.0283457
0.0277635
0.0277621
0.0277617
0.027763
0.0277631
0.027762
0.0277633
0.0277638
0.0279478
0.0287356
0.0285381
0.0277605
0.0277621
0.0277633
0.0277629
0.0277641
0.0272025
0.0277632
0.0279489
0.0277632
0.0275768
0.0277612
0.0277629
0.0272029
0.0279482
0.0285411
0.0277622
0.0283433
0.0279467
0.027763
0.027761
0.0277619
0.0277627
0.0277632
0.027762
0.0277628
0.0283439
0.0291532
0.028343
0.0277628
0.0277606
0.0275761
0.0277629
0.0279482
0.0277628
0.0277611
0.0277629
0.0277625
0.0277614
0.0277623
0.0277604
0.0283431
0.0291532
0.0285379
0.027761
0.0277626
0.027762
0.0277625
0.0283437
0.0277625
0.0277629
0.0277626
0.0277599
0.0279496
0.0277611
0.0279499
0.0277636
0.0283453
0.0277623
0.0283452
0.0279488
0.027763
0.0277622
0.0277627
0.0277623
0.0277623
0.02854
0.0277626
0.0283451
0.0277624
0.0279485
0.0277622
0.0283449
0.0277624
0.0277615
0.0279496
0.0277621
0.0277608
0.0279491
0.0283433
0.0277634
0.0277629
0.0277619
0.0277619
0.0283449
0.0279475
0.027763
0.0277602
0.0283445
0.0277604
0.0277613
0.027203
0.027763
0.0277593
0.0279479
0.0277626
0.0277629
0.0277619
0.027765
0.0277628
0.0277629
0.0279479
0.0277628
0.0277619
0.02854
0.0277636
0.0285366
0.0279477
0.0277619
0.0277637
0.0283433
0.0277617
0.0277615
0.027578
0.027763
0.0277617
0.0277636
0.0283441
0.0277619
0.0277627
0.0277621
0.0277625
0.0277609
0.027762
0.0283452
0.0291526
0.0283436
0.0277614
0.0277619
0.0277616
0.0277614
0.027948
0.0277623
0.0277626
0.0277614
0.0279483
0.0277611
0.0277613
0.0279478
0.0277614
0.0283441
0.0283433
0.0277629
0.0277622
0.0277625
0.027763
0.0279489
0.0277633
0.0277626
0.0277605
0.0277629
0.0277627
0.0279495
0.0277626
0.0277609
0.0279484
0.0283458
0.0275766
0.0277615
0.0277612
0.0277635
0.027763
0.0283444
0.0277608
0.0283444
0.0279493
0.0272026
0.0277614
0.0275778
0.0275769
0.0277621
0.0283449
0.0283454
0.0291547
0.0283451
0.0277617
0.027763
0.0277623
0.0277629
0.0277625
0.0277615
0.0279483
0.0279498
0.0277632
0.0279485
0.0277609
0.0277613
0.0285376
0.0283446
0.0283445
0.0277627
0.0275788
0.0277621
0.0275776
0.0277639
0.0277629
0.0285399
0.0277618
0.0277613
0.027762
0.0275746
0.0277615
0.0277623
0.0275786
0.0277613
0.0277633
0.0277623
0.0277636
0.0277615
0.0277626
0.0277629
0.0277626
0.0277618
0.0277617
0.0277629
0.0277624
0.0277619
0.0279461
0.0277617
0.0277624
0.0275785
0.0277629
0.0277621
0.0272023
0.0277626
0.0279469
0.0277625
0.0275771
0.0277632
0.0277619
0.0277602
0.0277625
0.0277616
0.0277614
0.0285398
0.0285403
0.0279485
0.0277622
0.0283438
0.0277626
0.0277633
0.0275783
0.0277625
0.0277633
0.0275768
0.0277629
0.0279489
0.0277623
0.0277625
0.0277607
0.0277631
0.0277628
0.0279483
0.0277628
0.027761
0.027763
0.0283436
0.0277618
0.0277621
0.0283461
0.0277628
0.0279491
0.0287363
0.0279476
0.0277618
0.0277625
0.0283441
0.0277624
0.028345
0.0277631
0.0283459
0.0277632
0.0279471
0.0283454
0.0285399
0.0277609
0.0277639
0.027949
0.0277634
0.0277614
0.0277613
0.0275777
0.0277626
0.0277618
0.028346
0.0277621
0.0277625
0.0277632
0.0277617
0.0279473
0.0277613
0.0277623
0.0279488
0.0277637
0.0277617
0.027949
0.0277611
0.027761
0.0272023
0.0277607
0.0279485
0.0277619
0.0277628
0.0277624
0.0283441
0.0277612
0.0277624
0.027578
0.0277615
0.0279485
0.0279488
0.0283446
0.0277631
0.0279497
0.027762
0.027578
0.0277616
0.0277629
0.0279501
0.0277631
0.0277622
0.0277613
0.027763
0.0277623
0.0283451
0.0277618
0.0277637
0.0277627
0.0277614
0.027579
0.0275766
0.0277632
0.0277611
0.0277634
0.0277628
0.0279475
0.0277635
0.0277631
0.0277617
0.0279494
0.0279488
0.0277614
0.0283443
0.0277618
0.0277631
0.0277632
0.0277625
0.0277631
0.0277625
0.0272034
0.0270249
0.0277625
0.0277632
0.0277628
0.0279485
0.0285368
0.0277624
0.0277625
0.027763
0.0277627
0.0279486
0.0272025
0.0277612
0.0277634
0.0277626
0.0283456
0.0285395
0.0277625
0.0283456
0.0277625
0.027762
0.0277602
0.0277624
0.0283443
0.0277629
0.0279477
0.0277606
0.0277594
0.0272023
0.0277619
0.0277602
0.0277591
0.0285364
0.029155
0.0283438
0.0277622
0.0277621
0.0277628
0.0277632
0.027947
0.0279483
0.0277629
0.0277621
0.027762
0.0277627
0.0277642
0.0283458
0.0277629
0.0283454
0.0277629
0.0277633
0.0277638
0.0277635
0.0277595
0.0272005
0.0277608
0.0277628
0.0277622
0.0275747
0.0277611
0.0277623
0.0279487
0.0277627
0.0277623
0.0277625
0.0277626
0.0279483
0.0277625
0.0277638
0.0283443
0.0277632
0.0283464
0.027762
0.0275761
0.0283445
0.027577
0.0277624
0.0277592
0.0272034
0.0279472
0.0283446
0.0277638
0.0277628
0.0283447
0.0291542
0.0283439
0.0277615
0.0283437
0.0277607
0.0277621
0.0275791
0.0275776
0.0277622
0.0277602
0.027763
0.0277629
0.0277615
0.027202
0.0277622
0.0277623
0.0277623
0.0279463
0.0272023
0.027763
0.0277625
0.0279489
0.0277618
0.0277617
0.0277617
0.027763
0.0277627
0.0275785
0.0277626
0.0272037
0.0279489
0.0277629
0.0277595
0.0277619
0.0277625
0.0277625
0.0283451
0.0277618
0.0277614
0.0277625
0.0277623
0.0283456
0.0277632
0.0285392
0.0277635
0.0277634
0.0279489
0.0277624
0.0277609
0.0277617
0.0283439
0.0277612
0.0283449
0.0277627
0.0277603
0.0277605
0.0277624
0.0272019
0.0277625
0.027763
0.0277627
0.0272045
0.0277639
0.0277619
0.0277616
0.0279486
0.0279483
0.0287346
0.0279435
0.0277619
0.0283442
0.0277616
0.0277628
0.028345
0.0277637
0.027762
0.0277619
0.0277626
0.0277622
0.0279487
0.0283427
0.0283437
0.0277633
0.0277605
0.0283459
0.0277621
0.0277606
0.0277613
0.0277628
0.0283448
0.0277628
0.0277624
0.0283447
0.0277625
0.0277626
0.0283454
0.0279465
0.0277611
0.0277629
0.0279491
0.0277622
0.0277616
0.0283452
0.0277624
0.0277609
0.0277599
0.0283451
0.0277626
0.0277621
0.0277609
0.0277621
0.0272026
0.027762
0.0277626
0.0279466
0.0277627
0.0277624
0.0277617
0.0272038
0.0277617
0.028345
0.0275783
0.0275775
0.027763
0.0279479
0.0277618
0.0277607
0.0277616
0.0277615
0.0283452
0.0277619
0.0275796
0.0277637
0.0277626
0.0283448
0.0277624
0.0277621
0.0283446
0.0277623
0.0277628
0.0272029
0.0277628
0.0277624
0.0279501
0.0279486
0.0287353
0.0285398
0.0279479
0.0283449
0.0277621
0.0277623
0.0277625
0.0277607
0.0277639
0.0277635
0.0283446
0.027763
0.0277632
0.0277624
0.0277622
0.0277609
0.0277625
0.0277618
0.0277625
0.0277633
0.0277624
0.0277629
0.0277631
0.0277631
0.0277611
0.0283453
0.027762
0.0277631
0.0277631
0.0277621
0.0277603
0.0285375
0.0283451
0.0277622
0.0277626
0.0277635
0.0277629
0.0277626
0.0277628
0.0277624
0.0277629
0.0277633
0.0277608
0.0283433
0.0283445
0.0275756
0.0277601
0.0277616
0.0283442
0.0277629
0.0279486
0.0277629
0.0285385
0.027762
0.0277628
0.0277619
0.0279497
0.0277629
0.0277629
0.0277628
0.0283447
0.0277609
0.0277624
0.0277633
0.027763
0.0277621
0.0279489
0.0277625
0.0277631
0.0277625
0.0283457
0.0283454
0.0277627
0.0279484
0.0283448
0.0279481
0.02795
0.0277624
0.027949
0.0277612
0.0277627
0.0279479
0.0277603
0.0277615
0.0277622
0.0277616
0.0283443
0.0277619
0.0283447
0.0277616
0.027763
0.0283453
0.027578
0.0277633
0.027578
0.0277636
0.0277622
0.0277613
0.0275777
0.0277622
0.0283442
0.0283433
0.0277627
0.0283451
0.0277612
0.0277635
0.0285392
0.0287349
0.0279473
0.0277619
0.0283444
0.0277602
0.0272027
0.0277622
0.0277605
0.0279481
0.0279475
0.0277619
0.0277636
0.0279495
0.0277623
0.0277624
0.0279477
0.028344
0.0277616
0.0277608
0.0277626
0.0283444
0.0277633
0.0283461
0.0277621
0.0277632
0.0277622
0.0272028
0.0275785
0.0283445
0.0277595
0.027948
0.0277624
0.0279502
0.0277616
0.0277631
0.0277636
0.0279487
0.0279493
0.0283454
0.0277623
0.0277637
0.0277617
0.0283452
0.0277624
0.0277636
0.0277627
0.0279501
0.0277625
0.0277614
0.027763
0.0285382
0.0277628
0.0279478
0.0277601
0.0277634
0.0277622
0.0279483
0.0283428
0.0291554
0.0283456
0.0275793
0.0277622
0.0283451
0.0277621
0.0277623
0.0277618
0.0277614
0.0277609
0.027763
0.0275772
0.0277631
0.0277628
0.0279481
0.0277625
0.0277625
0.0277628
0.027763
0.0277617
0.0277615
0.0279467
0.0277628
0.0279499
0.0272036
0.0277612
0.027761
0.0277629
0.0277613
0.0277614
0.0283451
0.0277634
0.0283453
0.0283454
0.0277616
0.0279497
0.0285372
0.0277616
0.0283457
0.0279485
0.0279489
0.027948
0.027762
0.0270257
0.0275779
0.0275775
0.0277629
0.0283448
0.0283429
0.027762
0.0277629
0.0277618
0.0277613
0.0285384
0.0277623
0.0277622
0.0277612
0.0277622
0.0277603
0.0277632
0.0277616
0.0277622
0.0277618
0.0277611
0.0277621
0.0277626
0.0277629
0.027763
0.0279493
0.0272034
0.0277628
0.0277636
0.0275776
0.0277629
0.0275777
0.0277625
0.0277626
0.027762
0.0283447
0.0277604
0.0277623
0.0277613
0.0277611
0.028346
0.0277624
0.0283455
0.0277638
0.02776
0.0283425
0.0275786
0.0283469
0.0277621
0.0272033
0.0279486
0.0277625
0.0277621
0.0277622
0.0279485
0.0277606
0.0272038
0.0277625
0.0277626
0.0277622
0.0277625
0.0277634
0.0277634
0.0277641
0.0275787
0.027762
0.0283456
0.0277635
0.0277624
0.027762
0.0279491
0.0283454
0.0277626
0.0283432
0.0277624
0.0275782
0.0277619
0.0277615
0.0277625
0.0277618
0.028346
0.0283452
0.0275781
0.0277634
0.0277626
0.027763
0.0277616
0.0277614
0.0279495
0.0283446
0.0277624
0.027764
0.0277631
0.0285384
0.0277607
0.027762
0.0279504
0.0277618
0.0277625
0.0277625
0.0277636
0.0277627
0.0279489
0.0277629
0.0275784
0.0277622
0.0283437
0.0277626
0.0277627
0.0277617
0.0277631
0.0277626
0.0283444
0.0291538
0.0283448
0.0277623
0.0277642
0.0279496
0.0283451
0.027762
0.0283458
0.0277606
0.0279476
0.0277621
0.0279478
0.0277625
0.0277596
0.0283454
0.0291546
0.028342
0.0277614
0.0275784
0.0277623
0.0277628
0.0277636
0.0279492
0.0277637
0.028344
0.027763
0.0277615
0.0277627
0.0277628
0.0277612
0.0277619
0.0277611
0.0277614
0.0279497
0.0277627
0.0277598
0.0277605
0.0277633
0.0277607
0.0277627
0.0277619
0.027761
0.0279481
0.0279492
0.0287349
0.0279472
0.0277634
0.0277605
0.0277631
0.0275771
0.0275744
0.0277618
0.0283455
0.0291549
0.0283451
0.0277608
0.0277624
0.0275773
0.0283445
0.0277634
0.0277635
0.0277627
0.0277628
0.027763
0.0277624
0.0277625
0.0277635
0.0283448
0.0277621
0.0283448
0.0277635
0.0277627
0.0275764
0.0277611
0.0277608
0.0277623
0.0275782
0.0283457
0.0277606
0.0279476
0.0277607
0.0277624
0.0277624
0.0272008
0.0279482
0.0277622
0.0279491
0.027761
0.0277637
0.0277633
0.0275782
0.0277624
0.0272026
0.0279494
0.0277611
0.0277622
0.0277615
0.0283443
0.0277621
0.0277612
0.0283457
0.0277624
0.0285397
0.0277624
0.0277622
0.0277613
0.0275782
0.0272024
0.0277634
0.0283451
0.027762
0.0277627
0.0277621
0.0279478
0.0277607
0.0277621
0.0279488
0.027761
0.0275749
0.0275765
0.0283419
0.0277611
0.0277595
0.0283449
0.0291537
0.0283452
0.0277618
0.0283444
0.0277616
0.0275762
0.0277612
0.0283451
0.0291552
0.0283456
0.0275763
0.0277632
0.0277624
0.0277617
0.0277599
0.0277593
0.0279474
0.027762
0.0277625
0.0277621
0.027762
0.0279491
0.028345
0.027762
0.0277606
0.0277619
0.0283459
0.0277628
0.0277624
0.0277631
0.0277591
0.0283445
0.0277628
0.0275764
0.0275776
0.0283446
0.0277625
0.0277623
0.0275783
0.0277629
0.0277619
0.0277632
0.0277632
0.0277615
0.0277617
0.0277626
0.0283441
0.0277597
0.0272034
0.0277633
0.0277619
0.0277615
0.0279492
0.0277628
0.0279466
0.0277617
0.0277615
0.0279482
0.0277621
0.0285404
0.0277626
0.0277626
0.0277634
0.0277628
0.0283447
0.0277626
0.0277618
0.027761
0.0277623
0.028539
0.027761
0.0277636
0.0277622
0.0277625
0.0277621
0.0277619
0.0277617
0.0283456
0.0277625
0.0277628
0.0283442
0.027762
0.0277633
0.0277622
0.0277625
0.0277622
0.028345
0.0275776
0.0275761
0.0283427
0.0275783
0.0277613
0.0277621
0.0277632
0.0277635
0.0277622
0.0272019
0.0277623
0.0275788
0.0277622
0.0283442
0.0277618
0.0275795
0.0283456
0.028345
0.027762
0.0279491
0.0279487
0.0277637
0.027762
0.0279488
0.0283447
0.0275789
0.027762
0.0277594
0.027577
0.027762
0.0279492
0.0287346
0.0285359
0.0285396
0.0277615
0.0277628
0.0277628
0.02776
0.0277629
0.0279463
0.0277625
0.0277619
0.0277621
0.0277627
0.0275786
0.0275793
0.0277612
0.0277622
0.027763
0.0277629
0.0283436
0.0277626
0.0272042
0.0277628
0.0279507
0.0277591
0.0277621
0.0277625
0.0283436
0.0277608
0.0277631
0.0283454
0.0279488
0.027949
0.027762
0.0277622
0.0283416
0.0277631
0.0272038
0.0277616
0.0277616
0.0277611
0.0277624
0.0277623
0.0277621
0.0277621
0.0277619
0.0277609
0.0275777
0.0275782
0.0283458
0.028537
0.0277609
0.0277622
0.0283446
0.0277616
0.0279494
0.027762
0.0277615
0.0277625
0.0277624
0.0279489
0.0277624
0.0277627
0.0277627
0.027027
0.0277621
0.0277623
0.0277624
0.0277617
0.0277629
0.0277624
0.0279481
0.0277632
0.0283441
0.0275764
0.0277611
0.027761
0.0277613
0.028342
0.0277618
0.0277568
0.0275765
0.0277629
0.0277618
0.027578
0.0277619
0.0277605
0.0279465
0.027948
0.0277622
0.0279476
0.0277623
0.0277619
0.027203
0.0277617
0.0279461
0.0272023
0.0279483
0.0283443
0.0279484
0.0277619
0.0277637
0.0279487
0.0283438
0.0279498
0.0277617
0.0277628
0.0279492
0.0277618
0.0277618
0.0275783
0.0277623
0.0277629
0.0277623
0.0277616
0.0277615
0.0277627
0.0277614
0.027763
0.0277619
0.0277618
0.0277611
0.0277628
0.0275781
0.0277623
0.0277626
0.0277618
0.0277633
0.0277635
0.0277628
0.0277627
0.027762
0.0285387
0.0277615
0.0277622
0.0277592
0.0277631
0.0272033
0.0277616
0.0277622
0.0277626
0.0277627
0.0272011
0.0277624
0.0275789
0.0277619
0.0277632
0.0277618
0.0277617
0.0277627
0.0277618
0.0277603
0.0277627
0.0283451
0.0277617
0.0277631
0.0283463
0.0275796
0.027762
0.0277621
0.0277619
0.0277612
0.0275786
0.0272024
0.027761
0.027762
0.0277627
0.0277621
0.0275785
0.027763
0.0277632
0.0277619
0.0277621
0.0277615
0.028345
0.029155
0.0283455
0.0277601
0.0277623
0.0279467
0.0277626
0.0283442
0.0277604
0.0277611
0.0279477
0.0277614
0.0283435
0.0275801
0.0277619
0.0279507
0.0272038
0.0270249
0.0277625
0.027763
0.027764
0.0272033
0.0277627
0.0277611
0.0277613
0.0283447
0.0277626
0.0277615
0.0277618
0.027949
0.0277628
0.0275788
0.0277624
0.0272024
0.0277592
0.0275755
0.0277617
0.027762
0.0279484
0.0277634
0.0277613
0.0277621
0.027762
0.0283444
0.0283444
0.0275782
0.027762
0.0279473
0.0277625
0.0279495
0.0277636
0.0279489
0.0283443
0.0277624
0.0277625
0.0283459
0.0277619
0.0277622
0.027762
0.0279493
0.0279484
0.0277628
0.0277625
0.0277634
0.0277623
0.0277621
0.0277606
0.0272035
0.0279469
0.0277616
0.0272029
0.0277613
0.0277628
0.0277631
0.0277626
0.0277623
0.0277628
0.0272026
0.0277632
0.0277618
0.0283433
0.0283441
0.0277621
0.028344
0.0275794
0.0277603
0.0279491
0.0285394
0.02795
0.0272033
0.0277619
0.027763
0.027763
0.027579
0.028344
0.027763
0.0275779
0.0277633
0.0279494
0.0277627
0.027763
0.0277632
0.0285394
0.0277628
0.0277622
0.0277618
0.0275759
0.0277574
0.0277621
0.0277614
0.0272025
0.027203
0.0277626
0.027763
0.0283428
0.027763
0.0283447
0.0275779
0.027762
0.0277618
0.0277628
0.0275779
0.0277618
0.0277624
0.0272037
0.0275788
0.0272012
0.0277616
0.0279476
0.0272027
0.0277614
0.0277607
0.0279481
0.0283437
0.0277629
0.0277622
0.0285397
0.0291532
0.0300113
0.0304499
0.0295672
0.0287345
0.0285213
0.0285215
0.0285226
0.0285229
0.0287358
0.0291192
0.0285221
0.0285214
0.0287359
0.0285211
0.0285207
0.0287342
0.0285224
0.0287336
0.0285214
0.0283115
0.0285211
0.0279476
0.0279463
0.0285198
0.0285207
0.0287344
0.0285219
0.0285219
0.0285219
0.0285214
0.0293422
0.0293417
0.0287343
0.0287344
0.0285219
0.0291187
0.028521
0.0285221
0.0285204
0.0285193
0.028521
0.0291202
0.0299747
0.0291206
0.0287346
0.0287344
0.0285222
0.028522
0.0285212
0.028521
0.0285215
0.0285223
0.0285206
0.0285228
0.028522
0.0285212
0.0285216
0.0285209
0.0285224
0.0291175
0.0285214
0.028521
0.0285215
0.0293427
0.028523
0.0291202
0.0285214
0.0287348
0.0287321
0.0287347
0.028522
0.028522
0.0285213
0.0285224
0.0285216
0.0285211
0.0285219
0.0279458
0.0287357
0.0291201
0.0285213
0.0279461
0.0285192
0.0285207
0.0287348
0.029568
0.0287356
0.0285222
0.0287331
0.0285223
0.0285221
0.0283104
0.0279468
0.0285216
0.0291206
0.0285221
0.0285229
0.0285217
0.0285219
0.0285214
0.0285226
0.0285205
0.0287346
0.0279464
0.0285214
0.027946
0.0287334
0.0285219
0.0285203
0.0285226
0.0285195
0.0279477
0.0285202
0.0279464
0.0285227
0.0287347
0.0295673
0.0287341
0.0285194
0.0285207
0.0287346
0.028522
0.0291197
0.0285224
0.0291192
0.0291204
0.0299727
0.0291196
0.0285201
0.029342
0.028734
0.0285212
0.0285215
0.0291202
0.0285218
0.0285212
0.0287346
0.028522
0.0285215
0.0287361
0.0287346
0.0285206
0.0291189
0.0291178
0.0287335
0.0285212
0.0285223
0.0285224
0.0285207
0.02912
0.0291198
0.0285198
0.0285213
0.0285215
0.0285219
0.028522
0.0285204
0.028521
0.0285217
0.0285215
0.0285222
0.0285218
0.0285209
0.0285226
0.0291188
0.0291217
0.0287346
0.0285207
0.0287343
0.0285214
0.028521
0.027745
0.0285219
0.0285221
0.0287353
0.0287339
0.0285205
0.0285215
0.0279475
0.0287351
0.0285222
0.0291198
0.0285216
0.0287354
0.0293417
0.0287359
0.0287338
0.0285222
0.0287333
0.0285223
0.0291195
0.0291189
0.0285227
0.0293438
0.0285211
0.0285223
0.0285224
0.0285217
0.0287353
0.0279476
0.0285209
0.028521
0.0285215
0.028733
0.0285222
0.0285221
0.0287353
0.0285202
0.0287348
0.028733
0.0287344
0.029566
0.0287334
0.028521
0.0291214
0.0287349
0.0287342
0.0285222
0.0291182
0.0285216
0.0285217
0.0285217
0.0285196
0.0285195
0.0285207
0.0283108
0.0285222
0.0285222
0.0285221
0.0285189
0.0287341
0.0287348
0.0285211
0.0285213
0.0285209
0.0285219
0.02912
0.0285228
0.0285216
0.0291194
0.0285211
0.0287338
0.0285207
0.0285233
0.0285213
0.0287345
0.0285209
0.0285206
0.0285224
0.0291192
0.0285223
0.0285218
0.028734
0.0291191
0.0299758
0.029121
0.0291198
0.0285213
0.0285224
0.0285209
0.0285215
0.0291199
0.0285222
0.028733
0.0291205
0.0285189
0.0291193
0.0283119
0.0285221
0.02852
0.0285213
0.0285209
0.0285215
0.0285213
0.0285221
0.029119
0.0299745
0.029341
0.0291196
0.0287344
0.029118
0.0285212
0.0287347
0.0285219
0.0285199
0.0287358
0.0285219
0.0285217
0.0293421
0.0287348
0.0285214
0.028522
0.0285209
0.0291193
0.0285215
0.02912
0.0285226
0.0285208
0.0285212
0.0285222
0.0285223
0.028522
0.0291209
0.0291197
0.0285214
0.0285218
0.029118
0.0283109
0.0291198
0.0287348
0.0287353
0.0285218
0.028735
0.029121
0.028736
0.0291193
0.0285222
0.0285199
0.0285188
0.0287353
0.0293422
0.0287345
0.0287348
0.0287351
0.0295667
0.0287354
0.0285213
0.0287345
0.0295651
0.0287338
0.028523
0.0287356
0.0285223
0.0279483
0.0285233
0.0291208
0.0291203
0.02852
0.028523
0.0285233
0.0285224
0.0287352
0.0285226
0.0285215
0.0285229
0.0285226
0.02831
0.029119
0.0291176
0.02852
0.0285217
0.0287347
0.0287351
0.0285219
0.0287342
0.0287345
0.0285216
0.0285205
0.0285216
0.0287343
0.0291195
0.0285211
0.0287353
0.0291174
0.0285206
0.027947
0.0285221
0.0285215
0.0285229
0.0285212
0.0291194
0.0285228
0.0291201
0.0285233
0.0285225
0.0285214
0.0285211
0.0285224
0.0291197
0.0299752
0.0291214
0.0285207
0.028523
0.0287349
0.0291196
0.0291211
0.0285213
0.028523
0.0285215
0.028732
0.0285211
0.0287358
0.0287356
0.0287328
0.0285222
0.0285218
0.0285217
0.0287365
0.0285218
0.0285195
0.0291188
0.0291203
0.0287356
0.0285204
0.0285227
0.0285215
0.0291194
0.0285223
0.0285209
0.0291166
0.0291193
0.0285211
0.0285215
0.0285185
0.0285217
0.0287353
0.028521
0.0285218
0.0291198
0.0285218
0.0287355
0.0285221
0.0285226
0.0287348
0.0285224
0.0285205
0.0293421
0.0285226
0.0291193
0.0285226
0.0285226
0.0285219
0.0285229
0.0285214
0.0283115
0.0285222
0.0291193
0.0285214
0.0285214
0.0285209
0.0285218
0.0291197
0.028522
0.028521
0.0285224
0.0285209
0.029119
0.0285198
0.0285229
0.0285217
0.0285217
0.028522
0.0287357
0.0285214
0.0287332
0.0291188
0.0285208
0.0285196
0.0285221
0.0287348
0.0287348
0.0293415
0.0287346
0.028523
0.0287362
0.0285209
0.0285212
0.0285222
0.0285213
0.0285208
0.0285211
0.0287341
0.0279469
0.0285207
0.0279467
0.0285219
0.0285215
0.029119
0.0285218
0.0285208
0.028522
0.0285213
0.0285216
0.028522
0.0285214
0.0285213
0.0285205
0.0291194
0.0285215
0.0291182
0.028522
0.027947
0.0285206
0.0285209
0.0285216
0.0287354
0.0285216
0.0291208
0.0285217
0.0287351
0.0285204
0.0287349
0.0295668
0.0293423
0.028521
0.0279465
0.0285216
0.0287351
0.0287358
0.0291205
0.0283112
0.028521
0.0285218
0.0285202
0.0291186
0.0285203
0.0285205
0.0287332
0.0287346
0.0285209
0.0285198
0.0285211
0.0291204
0.0285233
0.027946
0.0287353
0.0285219
0.028521
0.0285202
0.028522
0.0285199
0.0285227
0.0285224
0.028734
0.0285209
0.028522
0.0291212
0.0285196
0.0285212
0.0285215
0.0285204
0.0285216
0.0285195
0.0287358
0.0279475
0.028522
0.0285217
0.0285219
0.0285212
0.0287346
0.0285219
0.0285214
0.0285219
0.0285211
0.0291204
0.0285218
0.0291207
0.028735
0.0285203
0.0285202
0.0285198
0.028734
0.0285207
0.028736
0.0285208
0.0285198
0.0285218
0.0285215
0.0285215
0.0285204
0.0285208
0.0285216
0.0285212
0.0285221
0.028521
0.0291196
0.0291191
0.0285228
0.0287352
0.0285223
0.0285219
0.0293422
0.0285221
0.0285231
0.0285223
0.0285195
0.0293426
0.028523
0.0285196
0.0285201
0.0291208
0.028522
0.0291189
0.0299752
0.0291166
0.0285233
0.0287338
0.0285222
0.0287347
0.0285217
0.0279471
0.0285208
0.02852
0.02852
0.0291191
0.0285219
0.0293424
0.0287345
0.0285195
0.0285204
0.0285229
0.0285221
0.0285214
0.0287351
0.0291196
0.028734
0.0295682
0.0287346
0.0287357
0.0285225
0.0285214
0.0285208
0.028522
0.0291204
0.0299743
0.0291197
0.0285218
0.0285217
0.0293436
0.0285221
0.0287348
0.0285217
0.02912
0.0299733
0.0291194
0.0285223
0.0285222
0.028522
0.0285208
0.0285214
0.0287333
0.0285209
0.0293413
0.0285207
0.0291181
0.028521
0.0285217
0.0285215
0.028521
0.0285218
0.0285204
0.0293424
0.0291193
0.0293411
0.0287351
0.0285199
0.0287351
0.0285206
0.0285204
0.0287345
0.0285207
0.028522
0.0291205
0.0287347
0.0285213
0.0285223
0.028521
0.0285215
0.0285219
0.0291183
0.0285209
0.0293404
0.0285219
0.0285213
0.0285223
0.02852
0.0285199
0.0285225
0.0285204
0.0285216
0.0285217
0.0285206
0.028522
0.0285217
0.0285207
0.0291197
0.0285214
0.0291205
0.0285227
0.0285225
0.0285201
0.0285218
0.02912
0.0285203
0.0285228
0.0291199
0.0285215
0.0285205
0.028521
0.0283111
0.0285212
0.0279476
0.0287354
0.0285216
0.0285187
0.0285212
0.0291205
0.0287336
0.0285209
0.0285203
0.0287346
0.0285224
0.0285214
0.0291197
0.0299747
0.0291193
0.0285206
0.0285216
0.0285217
0.0287348
0.0285187
0.0285198
0.0285199
0.0285221
0.0291199
0.0285201
0.0285215
0.0285203
0.0291192
0.0285214
0.0279488
0.0285189
0.02852
0.0285201
0.0293427
0.0285211
0.0285231
0.0285212
0.0285209
0.0285213
0.0285225
0.0285214
0.027948
0.0285221
0.0285214
0.0285227
0.0287361
0.0285231
0.0279474
0.0285218
0.0285229
0.0279484
0.0285213
0.0291198
0.028735
0.0285213
0.0285218
0.0285211
0.0285222
0.0285212
0.0285186
0.0285201
0.0285217
0.0285212
0.0285218
0.0285221
0.028312
0.0291184
0.0285212
0.0285201
0.0285203
0.0287338
0.0287352
0.0285226
0.0285221
0.0285225
0.028734
0.0285206
0.0285218
0.028523
0.0283102
0.0285188
0.0285206
0.0287353
0.0285221
0.0285223
0.0285201
0.0287354
0.0285208
0.0285216
0.0285211
0.0285229
0.0285205
0.0285202
0.0285201
0.0285225
0.0285213
0.0285219
0.0283102
0.028521
0.0285223
0.0285218
0.0285209
0.0291187
0.0285201
0.028733
0.0285196
0.0285225
0.0285203
0.0285217
0.0285203
0.0285222
0.0285224
0.0285215
0.0285193
0.0291195
0.0285213
0.0285209
0.0285219
0.028521
0.0285204
0.0287333
0.0285223
0.0287353
0.0285207
0.0285206
0.0285209
0.0285193
0.029342
0.0287349
0.0285202
0.0291188
0.0285214
0.0285191
0.0291175
0.0291193
0.0285202
0.0287325
0.0287353
0.0285232
0.0279469
0.0285226
0.0285218
0.0285213
0.0287336
0.0291212
0.0285211
0.0291218
0.0285207
0.0285217
0.0287342
0.0287339
0.0287345
0.0285216
0.0285214
0.028521
0.0291195
0.0287351
0.0285212
0.0291193
0.0285186
0.0285201
0.0291177
0.0285214
0.02912
0.0285229
0.0285224
0.0285211
0.0285214
0.0291191
0.0285217
0.0285222
0.0285189
0.0285201
0.0285201
0.0285224
0.0287344
0.0293427
0.0299748
0.029119
0.02852
0.0291204
0.0299751
0.0291195
0.0285211
0.0285207
0.0287349
0.0285196
0.0291191
0.0287348
0.0287347
0.0285208
0.0287336
0.02852
0.0285194
0.0287333
0.0285221
0.0285217
0.0287342
0.0285215
0.0285227
0.0285215
0.0285228
0.0287354
0.0285221
0.0291192
0.0285228
0.0287356
0.0285209
0.0285231
0.02912
0.0291198
0.028311
0.0285228
0.0287348
0.0293427
0.0285223
0.0285211
0.02852
0.0291205
0.028523
0.0285214
0.0287336
0.0295683
0.0287353
0.0287337
0.0285206
0.0285218
0.0291186
0.028522
0.0279473
0.0285212
0.0285199
0.0291194
0.0285222
0.028521
0.0285223
0.0285215
0.0285227
0.028522
0.0285215
0.0287359
0.0285202
0.0285217
0.0285207
0.0285218
0.0285214
0.028736
0.0285209
0.0283105
0.0285212
0.0285215
0.0287344
0.0285201
0.0285215
0.0283107
0.0285213
0.0285219
0.0293418
0.028522
0.0291204
0.0291192
0.0287331
0.0285218
0.028521
0.0291199
0.0287347
0.0279484
0.0285215
0.0285212
0.0285213
0.0279463
0.0285218
0.0287347
0.0285197
0.0285227
0.0287354
0.0287346
0.0295667
0.0287346
0.0285204
0.0287352
0.0285217
0.0285195
0.0285214
0.0285222
0.029119
0.0291203
0.0285208
0.0285223
0.0293438
0.0291207
0.0285211
0.028519
0.0285206
0.0285201
0.0287349
0.0279452
0.0285204
0.0285211
0.0279472
0.0279462
0.027948
0.0285206
0.0285212
0.0285223
0.0291204
0.0291213
0.0285184
0.0285212
0.0285209
0.0285222
0.028522
0.0285196
0.0283111
0.0285222
0.0285218
0.0285218
0.0285213
0.0285213
0.0287331
0.0287358
0.0285216
0.0279464
0.0287358
0.0285213
0.0291193
0.0285222
0.0291192
0.0285222
0.027947
0.0285214
0.0285209
0.0287337
0.0285217
0.0285224
0.0287343
0.0285204
0.0285214
0.0293406
0.0287353
0.0295671
0.0287353
0.0285227
0.0285203
0.0285195
0.0285206
0.0285203
0.0285213
0.0285216
0.0287335
0.0285216
0.0285208
0.0291202
0.0285217
0.0279469
0.0285209
0.0287349
0.0285218
0.028521
0.0287352
0.0295672
0.0287316
0.0285216
0.0285209
0.0291197
0.0285227
0.0285227
0.0285226
0.0285231
0.0285206
0.0285208
0.0287363
0.0287332
0.0287347
0.0291196
0.0291207
0.0285216
0.028734
0.0285214
0.0285205
0.0285205
0.0285221
0.0287344
0.0285226
0.0287356
0.0287358
0.0287335
0.0291204
0.0287348
0.0285227
0.0285215
0.0285213
0.02852
0.029119
0.0285209
0.02852
0.0285215
0.0285203
0.0285208
0.0291201
0.028521
0.0285184
0.02852
0.0285217
0.0291199
0.0285214
0.0285204
0.0285226
0.028734
0.0285208
0.0285227
0.0285204
0.0291199
0.0285202
0.0285207
0.0285218
0.0285216
0.0285216
0.0285222
0.0293419
0.0291204
0.0299728
0.0291187
0.0285214
0.0291201
0.0285218
0.0291189
0.0287335
0.0279476
0.0285227
0.0285211
0.0285203
0.028523
0.0285201
0.0285216
0.0285224
0.0285219
0.0283109
0.028521
0.0285222
0.0285216
0.0285219
0.0285227
0.0285206
0.0293427
0.0285218
0.0285215
0.0285207
0.027947
0.028521
0.0287355
0.0285234
0.028522
0.0285225
0.0285221
0.0291193
0.0287349
0.0285215
0.0285221
0.0285218
0.0293408
0.0285229
0.0285218
0.0283114
0.0291193
0.0287335
0.0285208
0.0285217
0.0287326
0.0285209
0.027946
0.0285207
0.0285201
0.0285215
0.0285199
0.0285211
0.028522
0.0285224
0.0285209
0.0285212
0.0287349
0.028522
0.0291192
0.0285217
0.0285205
0.0291212
0.0285204
0.0287349
0.0295688
0.028735
0.028522
0.0285214
0.0285221
0.0285215
0.0285217
0.0291197
0.0285215
0.0285224
0.0285218
0.0285214
0.0283108
0.0285207
0.0293427
0.0285215
0.0285208
0.029119
0.0285207
0.0285218
0.0285218
0.028521
0.029117
0.0285215
0.0291204
0.0285218
0.0285216
0.02912
0.0291201
0.028519
0.0285215
0.0279469
0.0285214
0.0287344
0.0285219
0.0285224
0.0291196
0.0285223
0.0285217
0.0285227
0.0287342
0.0291209
0.028522
0.028523
0.0285214
0.0285223
0.0293399
0.0285192
0.0285229
0.0285213
0.0285209
0.0291176
0.028735
0.028521
0.0285223
0.0285191
0.0287352
0.0285207
0.0285225
0.0291209
0.0287371
0.0285194
0.0285207
0.0291194
0.0291197
0.0285206
0.028521
0.0285221
0.0287331
0.0285212
0.0285214
0.0287346
0.0285209
0.0287354
0.0287346
0.0285214
0.028522
0.0285216
0.0285209
0.0285227
0.0293416
0.0285204
0.0283116
0.0285215
0.0293439
0.0287358
0.0285212
0.0287348
0.0285215
0.0291201
0.0299752
0.0291202
0.0287342
0.0285203
0.0285209
0.029118
0.028522
0.0291201
0.0299751
0.0291185
0.0285221
0.0287338
0.0285208
0.0287357
0.0285228
0.0285231
0.0287361
0.0285217
0.0285199
0.0285209
0.0285214
0.0287348
0.0285192
0.0285215
0.0285205
0.0283105
0.0285218
0.0287354
0.0285225
0.0293434
0.0285203
0.0277424
0.0285191
0.0285226
0.0285212
0.0291209
0.0285198
0.02852
0.0285203
0.0285226
0.0287348
0.0285209
0.0285224
0.0285211
0.0285228
0.0285219
0.0285221
0.0285227
0.0287365
0.028521
0.0285216
0.0285219
0.0285225
0.0287335
0.0285194
0.0285195
0.0285207
0.028522
0.0285201
0.0287369
0.0287345
0.0285209
0.0291188
0.0285216
0.0285212
0.0285226
0.0285211
0.0285211
0.0285192
0.0285213
0.0287347
0.0291181
0.0285194
0.0285177
0.0285206
0.0285206
0.0287341
0.0279432
0.0285211
0.0287344
0.0285203
0.028736
0.0285206
0.0287341
0.0287356
0.0285218
0.0285206
0.0285199
0.0285224
0.0291203
0.0285205
0.0285207
0.0287343
0.0291209
0.0285187
0.0285197
0.0285222
0.0291203
0.0285213
0.0291193
0.0299744
0.0291182
0.0291192
0.0285219
0.0291186
0.0293421
0.0291199
0.0285195
0.0285201
0.0285218
0.0293439
0.0285237
0.0285215
0.0285221
0.028522
0.0285207
0.0285223
0.0285173
0.0285209
0.0285219
0.0291188
0.0291181
0.0285209
0.0293439
0.0285216
0.0285196
0.0285207
0.0285211
0.0285223
0.0285208
0.0287336
0.0285209
0.028523
0.0285214
0.0285217
0.0287354
0.0285211
0.0285212
0.0285207
0.028522
0.0287355
0.0295685
0.0287351
0.0279437
0.0285228
0.0285212
0.0291207
0.0285205
0.0285206
0.0285214
0.0285207
0.0285208
0.0285212
0.0285222
0.0287358
0.0287351
0.0285223
0.0285218
0.0285212
0.0287363
0.0285208
0.0285208
0.0287349
0.0285206
0.0291194
0.028521
0.0287339
0.0295679
0.0287353
0.0279461
0.028522
0.0287341
0.0285209
0.0285224
0.0285218
0.0283123
0.0285228
0.0285218
0.0285225
0.028522
0.0285219
0.0285211
0.0285207
0.0285223
0.0287348
0.0279473
0.0285217
0.0291196
0.0285224
0.0285179
0.0287349
0.0285225
0.0287351
0.0285213
0.0285199
0.0285211
0.0285212
0.0285209
0.0285214
0.0285208
0.0293422
0.0285204
0.0285215
0.0285208
0.0291202
0.0285218
0.0285214
0.0285211
0.0285198
0.0287343
0.0295671
0.0295675
0.0287334
0.0291197
0.0285202
0.0285216
0.0291205
0.0285212
0.0285196
0.028734
0.0291191
0.0285223
0.0285233
0.0285219
0.0287347
0.0285221
0.028522
0.0285218
0.0287342
0.028523
0.0285205
0.0279472
0.0283104
0.0285208
0.0285213
0.0285214
0.028523
0.0287319
0.0285215
0.0279454
0.0287354
0.0285209
0.0287343
0.0285206
0.0285224
0.0291204
0.0285182
0.0285225
0.0285205
0.028736
0.0285224
0.0287337
0.0285228
0.028522
0.028523
0.029341
0.0285224
0.0285226
0.0291202
0.0285208
0.0279463
0.0287359
0.0285208
0.0287339
0.0285229
0.0285204
0.0287362
0.028521
0.0285209
0.0285202
0.0285218
0.0279477
0.0285204
0.0285212
0.0285209
0.028522
0.0291176
0.0285194
0.0285208
0.0285221
0.0285203
0.0287337
0.0279466
0.0287354
0.0285207
0.0287338
0.0295662
0.0287355
0.0285192
0.0285212
0.0291191
0.0285202
0.0285224
0.0285212
0.0285205
0.0287348
0.0285206
0.0285233
0.0285208
0.0285219
0.0291181
0.0287358
0.0285221
0.0285198
0.02912
0.02831
0.0285198
0.028521
0.0285213
0.0285212
0.0287339
0.028522
0.0285215
0.0285212
0.0285211
0.0291193
0.0285195
0.0287337
0.0285218
0.0285215
0.0285215
0.0285214
0.0285215
0.0285211
0.0279473
0.0285214
0.0279453
0.0285192
0.0285235
0.0291203
0.0285213
0.0291201
0.028734
0.0285214
0.0285208
0.0285209
0.0285217
0.0285191
0.0279445
0.0285218
0.0285219
0.0291198
0.0285228
0.0285228
0.0285199
0.0291202
0.0285217
0.02852
0.0285223
0.028521
0.0287357
0.0285224
0.028521
0.0293412
0.0287346
0.0285211
0.0285221
0.0285227
0.0285228
0.0285216
0.0285211
0.0287349
0.0291168
0.0285215
0.0291211
0.0299754
0.0291192
0.0285222
0.0285202
0.0285202
0.0285217
0.0293417
0.0285225
0.0285218
0.0285213
0.0285214
0.0285224
0.0285208
0.0283109
0.0285216
0.0285208
0.0285198
0.0285209
0.0291197
0.0283078
0.0285209
0.0287355
0.0285227
0.0279446
0.028521
0.0287349
0.0291205
0.0299742
0.0291193
0.0285217
0.0285211
0.0285222
0.0279468
0.0283104
0.028521
0.0285211
0.0285208
0.0285208
0.0285216
0.028521
0.0291193
0.0285209
0.0285218
0.0285218
0.0291193
0.0291201
0.0285216
0.0285221
0.0285213
0.0285201
0.0287335
0.0285219
0.0287354
0.0285217
0.0285211
0.0285199
0.0285205
0.028522
0.0285192
0.0285212
0.0287356
0.0295691
0.0287339
0.0287349
0.0285212
0.0287343
0.0293419
0.0285207
0.0285217
0.0287336
0.0293423
0.0291191
0.0285217
0.0285215
0.0283097
0.0285213
0.0285199
0.0285209
0.0285216
0.0279475
0.0285211
0.029119
0.0285213
0.0285213
0.0285223
0.0283085
0.0285207
0.028522
0.0291195
0.0285207
0.0285217
0.0287344
0.0285202
0.0285214
0.0291196
0.0285216
0.0283117
0.0283118
0.0291208
0.0291212
0.0287344
0.0287344
0.0285213
0.0291177
0.0287349
0.0287347
0.0287336
0.0285208
0.0279473
0.0285201
0.0287349
0.0285215
0.0285228
0.0285213
0.0285221
0.0285226
0.0285208
0.0287358
0.0285222
0.0291193
0.0285205
0.028521
0.0287359
0.0285199
0.028521
0.0285211
0.0285215
0.0285194
0.0287357
0.0285207
0.0285196
0.0285217
0.0285207
0.0285219
0.0285213
0.0291199
0.0285231
0.0285217
0.0285211
0.0287345
0.0285202
0.0285207
0.0285212
0.0291183
0.0299721
0.029119
0.0285204
0.0285203
0.0285216
0.0285212
0.0285212
0.0285207
0.0285213
0.0285215
0.0285222
0.0291207
0.0287334
0.0291176
0.0285207
0.0285205
0.0293417
0.0285221
0.0285222
0.0285218
0.0285229
0.0285213
0.0285223
0.0285218
0.0285204
0.0285208
0.029119
0.0283097
0.0291204
0.028521
0.0285207
0.0285201
0.0285189
0.0285195
0.0291198
0.0285217
0.029342
0.0285203
0.0279466
0.0285216
0.0285228
0.0287331
0.0285204
0.0293422
0.0295682
0.028735
0.0287347
0.0285196
0.028522
0.0285223
0.0285209
0.028522
0.0287335
0.0285224
0.0291202
0.0285223
0.0291193
0.0285213
0.028521
0.0285207
0.0285219
0.0285228
0.0287336
0.028521
0.0287312
0.0285212
0.0285216
0.0287351
0.0285213
0.0285215
0.0287344
0.0285199
0.02852
0.0285208
0.0285207
0.0285218
0.0285218
0.0287332
0.0285189
0.0285211
0.0285206
0.0291203
0.0287348
0.028735
0.0291201
0.02912
0.0285209
0.0293432
0.0285203
0.0293433
0.0293418
0.0285217
0.0291184
0.0285211
0.0285215
0.0291189
0.0285223
0.0285227
0.0285222
0.028735
0.0291195
0.0287346
0.028521
0.0291202
0.0285202
0.0285208
0.0287347
0.028734
0.0291195
0.0285211
0.0285205
0.0287323
0.0285226
0.0285211
0.0285209
0.0279466
0.0285214
0.0285219
0.0285208
0.0285214
0.0285209
0.0285208
0.0291197
0.0285203
0.0285209
0.0285208
0.0287331
0.0285227
0.0285213
0.0283109
0.0285231
0.0291192
0.0285212
0.0285221
0.0291202
0.0287334
0.029117
0.0285201
0.0285201
0.0279469
0.0285211
0.0285222
0.0287344
0.029567
0.0287337
0.0285201
0.0293426
0.0287353
0.0285225
0.0291189
0.0285215
0.0285204
0.0287354
0.0285215
0.0285206
0.0285226
0.0285195
0.0285216
0.0285214
0.0285208
0.0285203
0.028523
0.0285213
0.0291193
0.0285211
0.0285212
0.0285207
0.0293433
0.0291203
0.0291205
0.0285213
0.0287353
0.0285218
0.0287343
0.0287353
0.0285226
0.0285224
0.0279482
0.028522
0.028734
0.0285208
0.0287345
0.0285207
0.0285212
0.0285226
0.0291183
0.0285208
0.0287357
0.0285216
0.0285231
0.028736
0.0287363
0.0285203
0.0291189
0.0285214
0.0285225
0.0285215
0.028522
0.0285208
0.0285209
0.0287336
0.0285196
0.028522
0.0285216
0.028521
0.0287361
0.028523
0.0285216
0.0285209
0.0285221
0.0291173
0.0299736
0.0308816
0.031307
0.0303755
0.0294911
0.0292556
0.0292551
0.0292553
0.0292543
0.0286674
0.0292516
0.0292537
0.0292532
0.0292542
0.0292552
0.0292556
0.0298672
0.029255
0.029867
0.0301203
0.0298659
0.0298672
0.0292554
0.0292552
0.0292571
0.0292539
0.0301185
0.0294961
0.0292541
0.0292547
0.0292555
0.0292559
0.0292551
0.0292559
0.0292542
0.0298657
0.0292568
0.0292547
0.0292559
0.0294986
0.0301203
0.0298676
0.0292552
0.0292563
0.0286663
0.0292539
0.0294974
0.0303747
0.0294973
0.029257
0.0292548
0.0292559
0.0292538
0.0292548
0.0292548
0.0292561
0.0294963
0.0292544
0.029254
0.0292536
0.0294967
0.0292549
0.0298686
0.0292569
0.0292567
0.029256
0.0292536
0.0292558
0.0294971
0.0294967
0.0292547
0.0292543
0.0292545
0.0292551
0.0292534
0.0292553
0.0292544
0.0292558
0.0292554
0.0290183
0.0292561
0.0292558
0.0292548
0.0292548
0.0294975
0.0292542
0.029256
0.0298669
0.0292555
0.0292549
0.0298668
0.0292525
0.0292544
0.0294972
0.0294966
0.0292572
0.029498
0.0294934
0.029254
0.0292541
0.0292561
0.0301201
0.0292536
0.0292557
0.029866
0.0298665
0.029255
0.029497
0.0292559
0.0292562
0.0292549
0.0292546
0.029254
0.029255
0.0292565
0.0292555
0.0290154
0.0298668
0.0292549
0.0292555
0.029255
0.0292541
0.0292548
0.029865
0.0292547
0.029256
0.0298675
0.0292544
0.0298679
0.0292551
0.0292542
0.0292563
0.0292556
0.0292552
0.0301168
0.0298678
0.0292546
0.0298665
0.0292556
0.0298655
0.0294966
0.0292557
0.0292562
0.0292558
0.0292562
0.0294981
0.029869
0.0298671
0.0292549
0.0292551
0.0292568
0.0290157
0.0298663
0.0294983
0.0292552
0.0292537
0.0292564
0.0292547
0.0292566
0.0292555
0.0298659
0.0292558
0.0292549
0.0298644
0.029496
0.029254
0.0294972
0.029255
0.0292563
0.0292561
0.0292568
0.029498
0.0292557
0.0292552
0.0292554
0.0292573
0.0292551
0.0292541
0.0292556
0.029253
0.029868
0.0307704
0.0298678
0.0292553
0.0292558
0.0292549
0.0290151
0.0292555
0.0292541
0.0298679
0.030768
0.0298684
0.0292545
0.0294964
0.0292558
0.0292571
0.0292557
0.0292566
0.0292571
0.0286678
0.0292561
0.0292559
0.0292561
0.0298675
0.0294964
0.0292544
0.0294964
0.0303748
0.0294943
0.0292542
0.0301195
0.0292554
0.0292553
0.0292561
0.029867
0.0298661
0.0292544
0.0292558
0.0292547
0.0292551
0.0298675
0.029497
0.0292558
0.0292557
0.0292557
0.0292538
0.029255
0.0286687
0.0292556
0.0294977
0.0298674
0.0292528
0.0292548
0.0292555
0.0292556
0.0292548
0.0298656
0.0307678
0.0298668
0.0294949
0.0292561
0.0286681
0.0292545
0.0292554
0.0292555
0.0292542
0.0290185
0.0292558
0.0292553
0.0290165
0.0292558
0.0294959
0.0292547
0.0292529
0.0298664
0.0307686
0.0298645
0.0292545
0.0292561
0.0286691
0.0290176
0.0286682
0.0292541
0.0292555
0.029867
0.0292541
0.0301191
0.0292552
0.0292566
0.029255
0.029016
0.0292567
0.0294978
0.0292557
0.0292562
0.0292568
0.0292558
0.0292551
0.0292555
0.0292539
0.0292559
0.0298679
0.0294967
0.0292563
0.0292573
0.0294967
0.0298669
0.0292551
0.0292562
0.0292558
0.0292554
0.0298679
0.0298673
0.0292539
0.0292565
0.0292567
0.0292552
0.029866
0.0292562
0.0298684
0.0307671
0.0298663
0.029865
0.0298648
0.0298662
0.0292532
0.0292557
0.0292557
0.0292555
0.029496
0.0292555
0.0292545
0.0292534
0.0292552
0.0292564
0.0286677
0.0292537
0.0292538
0.0292559
0.0292557
0.0292551
0.0292561
0.0292548
0.0298674
0.0292526
0.0298677
0.0292561
0.0298678
0.0292554
0.0292541
0.0292547
0.0292553
0.0292538
0.0292558
0.0292568
0.029867
0.0292533
0.0292537
0.0292541
0.0294983
0.0292564
0.0294972
0.0303738
0.0294971
0.0292537
0.0292554
0.029866
0.0292556
0.0294977
0.0292541
0.0298665
0.0292557
0.0292569
0.0292554
0.0292554
0.0292542
0.0292556
0.0294957
0.0298653
0.0292558
0.029254
0.0292554
0.0294969
0.0286668
0.0292553
0.0292555
0.0294966
0.0292558
0.0290163
0.0292553
0.0292543
0.029255
0.0292545
0.0292541
0.0292528
0.0294967
0.029256
0.0294957
0.0292564
0.0292558
0.029255
0.0294971
0.0294969
0.0292569
0.029257
0.0292567
0.0292547
0.0292549
0.0292546
0.0292566
0.029255
0.0294954
0.0292548
0.0292557
0.0298673
0.0307662
0.0298675
0.0294981
0.0292541
0.0292512
0.0292563
0.0292557
0.029257
0.0294985
0.0292556
0.0292541
0.0292556
0.0301201
0.0303754
0.0294968
0.0298674
0.0301173
0.0292556
0.0298676
0.0292564
0.029256
0.0294964
0.0292561
0.0292537
0.0292543
0.0292546
0.0292556
0.0292564
0.029019
0.0292565
0.0294956
0.0292549
0.0286667
0.0292553
0.0292537
0.0294942
0.0292554
0.0292562
0.0292545
0.0298662
0.0292562
0.0292554
0.0286658
0.029497
0.0292564
0.0292538
0.0292556
0.0292564
0.0292549
0.0292556
0.0292554
0.029497
0.0292551
0.0294963
0.0298676
0.0292531
0.0292544
0.0292553
0.0292553
0.0294981
0.0303715
0.0294973
0.0292536
0.0294977
0.0292562
0.0286669
0.0292547
0.0294964
0.0298653
0.0294971
0.0292557
0.0292556
0.0301188
0.0298667
0.0294975
0.0292554
0.0292562
0.0298664
0.0294958
0.029254
0.0292559
0.0292554
0.0292551
0.0292549
0.0298663
0.0292545
0.0292554
0.0292554
0.0298683
0.0294954
0.0292558
0.0294979
0.0294966
0.029867
0.0294966
0.0292548
0.0292558
0.0292558
0.0290175
0.029867
0.0294984
0.0292564
0.0292557
0.0301194
0.0303763
0.0294969
0.0301194
0.0292559
0.0290173
0.0292562
0.0292551
0.0298675
0.0298659
0.0294975
0.0292546
0.0294971
0.0292559
0.0292556
0.0292562
0.0292555
0.0292552
0.029495
0.0292562
0.0292565
0.0294988
0.0292546
0.0294971
0.029254
0.0292552
0.0292561
0.0292542
0.0292532
0.0294966
0.0292553
0.0292542
0.0292548
0.0294977
0.0298681
0.0298668
0.0294984
0.0292568
0.0292541
0.0292538
0.0292554
0.0294966
0.0292535
0.0292557
0.0298677
0.0292568
0.0292559
0.0292555
0.029017
0.029255
0.029254
0.0290166
0.0292553
0.0292555
0.0292561
0.0292558
0.0298666
0.0292548
0.029256
0.0292529
0.0292548
0.0292556
0.0292531
0.0292559
0.0298657
0.029256
0.0292556
0.0298674
0.030767
0.0298664
0.0292545
0.0292551
0.0292561
0.0292552
0.0292563
0.0292544
0.0292547
0.0292558
0.0294969
0.0298674
0.029867
0.0292552
0.0292558
0.0292559
0.0294964
0.0292546
0.0290167
0.0292545
0.0292552
0.0294972
0.0292556
0.0298666
0.0292563
0.0294982
0.0303736
0.0294972
0.0292564
0.0292548
0.0292566
0.0292553
0.0298673
0.0292565
0.0298683
0.0292542
0.0292557
0.0292562
0.0292555
0.0292554
0.0298677
0.0294955
0.0286662
0.0292554
0.0286669
0.0292535
0.029256
0.0298677
0.0292545
0.0294966
0.0292532
0.0292527
0.0290171
0.0292551
0.0292546
0.0294977
0.0303755
0.0294974
0.0292553
0.0294963
0.0292546
0.0298684
0.0292569
0.0298675
0.0292545
0.0298685
0.0292558
0.0292556
0.0294982
0.0292562
0.0292556
0.0292555
0.0292552
0.0298684
0.029256
0.0292559
0.0294966
0.0298663
0.0292545
0.0292558
0.0286651
0.0294963
0.0303725
0.0294981
0.0294964
0.0292555
0.0292555
0.0292541
0.0292546
0.0298662
0.0292558
0.0292543
0.0298667
0.0292559
0.0292536
0.0292564
0.029255
0.0292558
0.0298655
0.0292533
0.0292555
0.0292555
0.0290167
0.0292562
0.0292554
0.0298653
0.029254
0.0294976
0.0298666
0.0298679
0.0292556
0.0298679
0.0292554
0.029255
0.0292572
0.0294976
0.0294977
0.030117
0.0292555
0.0292545
0.0294965
0.0292554
0.0292554
0.028667
0.0292554
0.0292561
0.0292556
0.0292556
0.0298662
0.0292539
0.0292524
0.0298671
0.0292548
0.0292556
0.0298689
0.0292551
0.0292562
0.0292557
0.028668
0.0292538
0.0292564
0.0292567
0.0301208
0.0292545
0.0292532
0.0292563
0.0298665
0.0294973
0.0294968
0.029867
0.0292562
0.0292554
0.0292532
0.0294982
0.0292535
0.0292549
0.0294972
0.0292535
0.029256
0.0292554
0.0292555
0.0292554
0.0298666
0.029255
0.0292563
0.0292551
0.029256
0.029254
0.0292556
0.0292547
0.0292541
0.0292547
0.0290162
0.0292558
0.029497
0.0292545
0.0292551
0.0292534
0.0292552
0.0292558
0.0294978
0.0292562
0.029256
0.0294975
0.0292569
0.0301188
0.0292546
0.0292558
0.0292549
0.0292552
0.0292555
0.0298671
0.0292534
0.0292527
0.0292566
0.029257
0.0292563
0.0301185
0.0292518
0.0292559
0.0292532
0.0292557
0.0292554
0.0292546
0.0292558
0.0292562
0.029256
0.0292548
0.0292553
0.0290171
0.0292556
0.0292559
0.0298663
0.0301185
0.0294984
0.0298662
0.0294957
0.0292554
0.0294957
0.0292546
0.0292553
0.030119
0.0301183
0.0303747
0.0294963
0.0294975
0.0292558
0.0294956
0.0292529
0.0290143
0.0298662
0.0294958
0.0292556
0.0298685
0.0292557
0.0290167
0.0292561
0.0298689
0.0294972
0.0292523
0.0292546
0.0294977
0.0292551
0.0292554
0.0292554
0.0292562
0.0298669
0.0294963
0.0298673
0.0298657
0.0298672
0.029254
0.0292546
0.0292539
0.0294965
0.029256
0.0294969
0.0292541
0.0292546
0.0294977
0.0292561
0.0292563
0.0301188
0.0292556
0.0292567
0.0294968
0.0292554
0.0292559
0.0292551
0.0292549
0.0292543
0.0292551
0.0298666
0.0301197
0.0298671
0.0307674
0.0301195
0.0303758
0.0294958
0.0298657
0.0294976
0.0292549
0.0298684
0.0292545
0.0294984
0.0294975
0.0292536
0.0294972
0.0292559
0.0292561
0.0292548
0.0298658
0.0298658
0.0307669
0.029866
0.0292567
0.0301195
0.0298697
0.0294967
0.0292533
0.0292547
0.0298661
0.0298659
0.0292556
0.0292553
0.0292538
0.0286659
0.0294955
0.0292545
0.0294959
0.0292549
0.0298686
0.0298681
0.029256
0.0294974
0.0301206
0.029498
0.0303754
0.0294978
0.0294968
0.0292569
0.0292542
0.0292565
0.0301195
0.0292557
0.0292572
0.0292555
0.0292549
0.0292536
0.0298654
0.0307671
0.0298667
0.0292541
0.0292549
0.0292557
0.0294972
0.0294936
0.0292556
0.0301184
0.029255
0.0292548
0.0298666
0.0292551
0.0292543
0.0301184
0.0292559
0.0292555
0.029256
0.0292551
0.0292554
0.0298673
0.0292539
0.0294961
0.0298672
0.0298678
0.0298681
0.0294965
0.0292539
0.0292566
0.029256
0.0294974
0.0292523
0.0294968
0.029255
0.0294952
0.0292547
0.029256
0.0292558
0.0294978
0.0292541
0.0298665
0.0294965
0.0292551
0.0286666
0.0292551
0.0292547
0.0292556
0.0292547
0.0298666
0.0307673
0.029863
0.0290154
0.029255
0.0292542
0.0292561
0.0292543
0.029255
0.0292547
0.0294975
0.0294964
0.0292553
0.0292543
0.0292564
0.0292558
0.0290168
0.0292552
0.0292547
0.0292547
0.0292549
0.0286672
0.029255
0.0286683
0.0292545
0.0292553
0.0292561
0.0294971
0.0301175
0.029866
0.0292554
0.0292549
0.0298665
0.0292558
0.0292563
0.0292555
0.0292564
0.0292551
0.0292545
0.0292555
0.0292559
0.0292555
0.029255
0.0292552
0.0292561
0.0298674
0.0292545
0.029255
0.0286686
0.0294965
0.0292552
0.0292552
0.0294967
0.0292553
0.0292525
0.030119
0.0298655
0.030768
0.0298677
0.0292545
0.0298651
0.0292546
0.0294976
0.0298656
0.0292543
0.0298674
0.0292557
0.029255
0.0298672
0.0292541
0.0292552
0.0292553
0.0292555
0.0292558
0.0292559
0.0292529
0.0294954
0.0301184
0.0294973
0.0292558
0.0294969
0.0292548
0.0292545
0.0294962
0.0298671
0.029256
0.0292542
0.0298664
0.0292565
0.029256
0.0294963
0.0303728
0.0294933
0.0294982
0.0292561
0.0292563
0.0292557
0.0290161
0.0286677
0.0292543
0.0294978
0.0292552
0.0292559
0.0292538
0.029256
0.029255
0.0292539
0.029868
0.0292557
0.0292549
0.0298673
0.0290165
0.0292557
0.0286688
0.0292544
0.0292552
0.0294971
0.029257
0.0298672
0.0298646
0.0292528
0.0292548
0.0298668
0.0292539
0.0292547
0.0286671
0.0292553
0.028667
0.0292555
0.0298677
0.0298654
0.0294978
0.0292554
0.029255
0.0292561
0.029497
0.0294975
0.0292557
0.0292519
0.0292549
0.0292561
0.0292562
0.0298677
0.029868
0.0292559
0.0294964
0.0292557
0.0286658
0.029496
0.0292564
0.0292566
0.0292566
0.0294972
0.0292549
0.0298654
0.0292551
0.0298652
0.029018
0.0292556
0.0294972
0.0292558
0.0298674
0.0292544
0.0292561
0.0292543
0.0292557
0.0294978
0.0292535
0.0286667
0.0290163
0.0292573
0.0298659
0.0294976
0.0292548
0.0292529
0.0298643
0.029255
0.0298677
0.0298645
0.0292543
0.0298671
0.0292563
0.0292557
0.0292545
0.0292542
0.0292548
0.0294946
0.0298682
0.0290158
0.0292534
0.0292555
0.0292561
0.029867
0.0292555
0.029254
0.0292559
0.0292551
0.0292559
0.0292549
0.0292543
0.0286682
0.029498
0.0294985
0.0292537
0.0298676
0.030768
0.0298634
0.0298674
0.029254
0.0292541
0.029865
0.0292521
0.0292553
0.0292562
0.0294967
0.0292553
0.0292543
0.0298668
0.0292568
0.0292572
0.0292563
0.0301192
0.029866
0.0292556
0.0298669
0.0292548
0.0298661
0.029255
0.0292553
0.0292542
0.0292565
0.0292508
0.0292551
0.0292557
0.0292554
0.0292561
0.0292561
0.0294962
0.0292541
0.0298666
0.0298655
0.0292564
0.0294971
0.0294975
0.029255
0.029255
0.0292549
0.0292532
0.0294938
0.030375
0.0294974
0.0292547
0.029252
0.0292561
0.0298676
0.0292539
0.0292542
0.0298684
0.0301195
0.029255
0.0294958
0.029255
0.0298667
0.0298681
0.0292551
0.0290162
0.029866
0.0292542
0.0292545
0.0292552
0.0292556
0.0298671
0.0292542
0.0292555
0.029255
0.0292563
0.0290171
0.0292536
0.029494
0.0292546
0.0292551
0.029018
0.029256
0.0292552
0.0292543
0.0298663
0.0292521
0.0292546
0.0292546
0.0292523
0.0298665
0.0298674
0.029255
0.0292551
0.029256
0.0298629
0.0294974
0.0292552
0.0292557
0.0298668
0.0298681
0.0292546
0.0292554
0.0292521
0.0294966
0.029256
0.0292549
0.0298655
0.0292556
0.029256
0.0292568
0.029498
0.0292555
0.0298671
0.0294969
0.0298678
0.0292564
0.0292554
0.0292549
0.0294973
0.0292554
0.029256
0.0292545
0.0292558
0.0292549
0.0292554
0.0301189
0.0294964
0.0294987
0.0292547
0.029255
0.0294972
0.0298667
0.0294959
0.0294972
0.0292562
0.0292547
0.0294971
0.0292547
0.0292537
0.0292545
0.0294965
0.0294981
0.0292546
0.0298678
0.0292552
0.0298679
0.0298655
0.0292562
0.0292545
0.0292556
0.0292562
0.0294951
0.0298653
0.0292558
0.0298694
0.029255
0.0292543
0.0292547
0.0290153
0.0298686
0.0292545
0.029257
0.0292554
0.0294972
0.0294974
0.0292559
0.0292543
0.0292561
0.0292553
0.0298679
0.0292552
0.0292564
0.029867
0.0292553
0.0292546
0.0290158
0.0292559
0.0292551
0.0292545
0.0292533
0.0298665
0.0292542
0.0292561
0.0292539
0.0294956
0.0298667
0.0292562
0.0298668
0.0292564
0.029867
0.0298674
0.0298659
0.0292544
0.0298664
0.0298676
0.0292541
0.0301194
0.0298673
0.0292552
0.0292555
0.029256
0.0294968
0.0292558
0.0294989
0.0298666
0.029255
0.0298666
0.0292533
0.0292551
0.0298678
0.0294981
0.0292565
0.0292555
0.0292549
0.0292545
0.0292558
0.0292567
0.0292522
0.0298684
0.0294968
0.0298682
0.0292549
0.029256
0.0292565
0.0292548
0.0301197
0.0303736
0.0294967
0.0292556
0.0292554
0.0292539
0.0290159
0.0298663
0.0292532
0.0294976
0.0298679
0.0294996
0.0292541
0.0292535
0.0294981
0.0292551
0.0292562
0.0286683
0.0292554
0.0292545
0.0292533
0.0294983
0.0292558
0.0292548
0.029499
0.0292532
0.0292548
0.0294972
0.0298671
0.0298678
0.0292554
0.0298672
0.0292551
0.0292537
0.0294979
0.0292578
0.0292561
0.0292547
0.0294959
0.0292549
0.0292542
0.0292555
0.0292559
0.0294969
0.0292547
0.0292553
0.0292552
0.0292546
0.0298673
0.0292548
0.0294953
0.0298674
0.0292562
0.0294976
0.03012
0.0294972
0.0294965
0.0292546
0.0298675
0.0292545
0.0301189
0.0292534
0.0286665
0.0292564
0.0298685
0.0292547
0.0292542
0.0292554
0.0290161
0.0298654
0.0292555
0.0294979
0.0292529
0.0292553
0.0292565
0.0292555
0.0294962
0.0292526
0.0292544
0.0292554
0.0292551
0.0292544
0.0292551
0.029255
0.0294965
0.029497
0.0303766
0.0294953
0.0292552
0.0294981
0.0292549
0.0292535
0.0292549
0.0292548
0.0292564
0.0292553
0.0292564
0.0294972
0.0292561
0.0292561
0.0292571
0.0292559
0.0294972
0.0298677
0.0294971
0.0292546
0.0292522
0.0292549
0.0292545
0.0292552
0.0292536
0.0298677
0.0294955
0.0292544
0.0292562
0.0298654
0.0294953
0.0294978
0.0298676
0.0294974
0.029255
0.0301195
0.0307684
0.0301185
0.0292549
0.0292554
0.0292551
0.0292553
0.0294994
0.0292549
0.0298667
0.0292509
0.0298681
0.0294968
0.0298688
0.0292542
0.0292549
0.0292538
0.0292563
0.029867
0.0292563
0.0294953
0.0292542
0.0298662
0.0292562
0.0294961
0.0292556
0.0301196
0.0292543
0.0298674
0.0294982
0.0298661
0.0294947
0.0298688
0.0294982
0.0292562
0.0294972
0.0298667
0.0292547
0.0292533
0.0292546
0.0290169
0.0292558
0.0298674
0.0294964
0.0292558
0.0294982
0.0292556
0.0298667
0.0292541
0.0292542
0.029254
0.0292541
0.0292553
0.0294972
0.0286656
0.0292549
0.0292552
0.0292552
0.029497
0.0294978
0.0286673
0.0294969
0.0298668
0.0292551
0.0292562
0.0292542
0.0298675
0.0292539
0.0292526
0.0292536
0.0292547
0.0292545
0.0292544
0.0292552
0.0292552
0.029255
0.0292555
0.0290165
0.0292537
0.0292568
0.0298682
0.0292562
0.0298672
0.0294976
0.0292557
0.0292559
0.0292543
0.0292542
0.0298672
0.0292545
0.0292566
0.0292563
0.0292556
0.0294982
0.0298671
0.0298687
0.0298671
0.0292552
0.0292549
0.0294956
0.0292562
0.0294945
0.0298658
0.0294964
0.0298676
0.0298668
0.0292557
0.0292572
0.0298683
0.0292542
0.0301212
0.0292537
0.0292556
0.0292551
0.0292548
0.029255
0.0292559
0.0290165
0.0298671
0.0292557
0.0292543
0.0294956
0.0292559
0.0292551
0.0298672
0.0307663
0.030118
0.0292542
0.0292564
0.029256
0.0292573
0.0292544
0.0292554
0.0292554
0.0298665
0.0298665
0.0298653
0.0292547
0.029866
0.0292552
0.0292556
0.0292545
0.0292557
0.0298674
0.0292567
0.0286672
0.0292558
0.0292542
0.0292548
0.0292546
0.029865
0.0298665
0.0292566
0.0292548
0.0292542
0.0286679
0.0292554
0.0290147
0.029257
0.0294965
0.0292544
0.0292557
0.0292556
0.0292558
0.0292548
0.0292554
0.0294953
0.0292541
0.0298674
0.0292566
0.0298677
0.0292563
0.0292553
0.0292548
0.0292535
0.0292546
0.0292554
0.0292549
0.0292556
0.0292564
0.0292561
0.0292543
0.0294967
0.029868
0.0290184
0.0292535
0.0292552
0.0292562
0.0292558
0.0292555
0.0298662
0.0307685
0.029866
0.0292556
0.0292555
0.0292552
0.0292553
0.0294963
0.0294963
0.0292557
0.0294971
0.0292548
0.0294985
0.0292562
0.0294967
0.0294958
0.0292548
0.0292552
0.0292555
0.0292553
0.0292549
0.0290165
0.0298683
0.0292551
0.0294958
0.0294972
0.0303752
0.0294975
0.0292562
0.0292561
0.0292558
0.0292554
0.0294973
0.029255
0.0292539
0.0292542
0.0294977
0.0292553
0.0298669
0.029256
0.0292556
0.0290173
0.0292549
0.0292544
0.0292555
0.0292556
0.0292548
0.0286673
0.0292551
0.029255
0.029256
0.0298672
0.029254
0.029254
0.0286675
0.0292555
0.0292566
0.0292548
0.0292558
0.0298669
0.0298671
0.0292536
0.0294959
0.0294981
0.0292577
0.0292535
0.0294956
0.0292556
0.0292545
0.0298677
0.029498
0.0292559
0.0292545
0.0292556
0.0292547
0.0292543
0.0294955
0.0292537
0.0292557
0.0292551
0.0286677
0.0292549
0.0292546
0.0292562
0.0292556
0.0292534
0.0292543
0.0292547
0.0292557
0.0298667
0.0292544
0.0292554
0.0292538
0.0292541
0.0292536
0.0292549
0.0292555
0.0292551
0.0298667
0.0292548
0.0292571
0.0292533
0.0298689
0.0292561
0.0292562
0.0292539
0.0292535
0.0294952
0.0292549
0.0294958
0.0292531
0.0294963
0.0292539
0.0294975
0.0298663
0.0294955
0.0292544
0.0292543
0.0292545
0.0292555
0.0294978
0.029255
0.0292553
0.0286673
0.0292541
0.0292547
0.0292553
0.0292552
0.0292562
0.0292565
0.0294975
0.0292547
0.0286674
0.0286677
0.0292563
0.0292554
0.0284404
0.0292511
0.0292553
0.0292548
0.0292551
0.029257
0.0286683
0.0292563
0.0292568
0.0298668
0.0292576
0.0294981
0.0294957
0.0298659
0.029497
0.0298665
0.0292563
0.0292549
0.0292551
0.0292552
0.0292564
0.0292549
0.0292565
0.0294971
0.029254
0.0292554
0.0292547
0.0292544
0.0301196
0.0294982
0.0292534
0.0292538
0.0292533
0.0292548
0.0298677
0.0292552
0.0292561
0.0292547
0.0298666
0.029255
0.029255
0.0298664
0.0292555
0.0292552
0.0298678
0.0292522
0.0292568
0.029255
0.0292549
0.0292559
0.0292534
0.029254
0.0292534
0.0292557
0.0298688
0.0298675
0.0292557
0.0292559
0.0292534
0.0294966
0.0292548
0.0292549
0.0294967
0.0292562
0.0298657
0.0292552
0.0292551
0.0292565
0.0292556
0.0286656
0.0292539
0.0292523
0.0290155
0.0292564
0.0298682
0.0292545
0.0292542
0.0292554
0.0298674
0.0298663
0.0292548
0.0292537
0.0292552
0.029255
0.0294968
0.0292555
0.0292549
0.0292556
0.0298675
0.0294976
0.0292559
0.0292539
0.0292517
0.0298666
0.0294988
0.0292552
0.0292545
0.029496
0.0292548
0.0292544
0.0292525
0.0294956
0.0303755
0.0294966
0.0292557
0.0292544
0.0292556
0.0292548
0.0298678
0.0292553
0.0292554
0.0294971
0.0292567
0.0292551
0.0292552
0.0292569
0.0294978
0.0292539
0.029256
0.0292548
0.0294981
0.0292561
0.0292552
0.0292544
0.0298668
0.0294967
0.0303757
0.029497
0.0292557
0.0294975
0.0298683
0.0294976
0.0292538
0.0292555
0.0292544
0.029866
0.0292572
0.0290169
0.0292564
0.0292565
0.0292567
0.029497
0.029254
0.0292545
0.0298666
0.0307669
0.0298676
0.0292548
0.0292567
0.0292559
0.0298673
0.0298687
0.0292545
0.0286686
0.0292558
0.0298672
0.0292537
0.0292559
0.0292552
0.0292537
0.029253
0.0292546
0.0294955
0.0292554
0.0290151
0.0292558
0.0292553
0.029498
0.0292559
0.0301197
0.0292555
0.0286676
0.0294973
0.0292551
0.0298669
0.0307686
0.0298658
0.0292551
0.0292553
0.0294928
0.0292558
0.0292547
0.0301184
0.0307673
0.0317242
0.0321319
0.0311538
0.0302314
0.0299569
0.0299582
0.0305825
0.0299589
0.0299597
0.0291036
0.0299582
0.0296898
0.0305815
0.0296915
0.0296912
0.0299579
0.0299597
0.0299583
0.0299588
0.030583
0.0299571
0.0302316
0.0299577
0.029959
0.0299564
0.0299562
0.029955
0.0299584
0.0296896
0.0299592
0.0299583
0.0305809
0.0299589
0.0299589
0.0299591
0.0308639
0.0305824
0.0299598
0.0305819
0.0299589
0.0305825
0.0299595
0.0299575
0.0299603
0.0299578
0.0299589
0.0299596
0.0299585
0.0299593
0.0299587
0.0299579
0.0299591
0.0299567
0.0299594
0.0299598
0.0296916
0.0299579
0.0299587
0.0299597
0.0299594
0.0299615
0.0299583
0.0293584
0.0299575
0.0299588
0.0299599
0.0299576
0.0299596
0.0299593
0.0299575
0.0293604
0.0302314
0.029959
0.0291045
0.0299592
0.0299588
0.0299573
0.0299564
0.0305809
0.0299581
0.0293597
0.029958
0.0305816
0.0296889
0.0296912
0.0299591
0.0302297
0.0299575
0.0299609
0.0296909
0.0299577
0.0302316
0.0299579
0.0302307
0.0299596
0.0299577
0.0308646
0.0299574
0.0299582
0.0305828
0.02996
0.0299596
0.0305824
0.029958
0.02996
0.0299596
0.030582
0.0302321
0.0299573
0.0299582
0.0299572
0.0305798
0.0302285
0.0305808
0.0299595
0.0305823
0.0299594
0.0299591
0.029959
0.0299599
0.0305816
0.0299595
0.0299585
0.0299574
0.0305816
0.0299574
0.0299592
0.0299564
0.0299574
0.0305828
0.0299587
0.0296921
0.0299595
0.0299601
0.029691
0.030581
0.0315276
0.0305823
0.0299586
0.0299588
0.0299571
0.0299592
0.0299583
0.0299603
0.0299594
0.0299574
0.0299563
0.0299591
0.0302296
0.0302301
0.0302297
0.0299565
0.0299596
0.0293604
0.0299591
0.0299596
0.0302298
0.0299595
0.0293593
0.0302337
0.0299597
0.0299582
0.0302318
0.029361
0.0299591
0.0299587
0.0296899
0.0299593
0.0299591
0.0299568
0.0305805
0.0299587
0.0299575
0.0299575
0.0299582
0.0302289
0.0299584
0.0299593
0.0299563
0.0299564
0.0308661
0.0305814
0.0299581
0.0299587
0.0299579
0.0299574
0.0305806
0.0296921
0.0305828
0.03023
0.029959
0.0305815
0.0315265
0.0305804
0.0299593
0.0299563
0.0299574
0.0299577
0.0299572
0.0299579
0.0299574
0.0302295
0.0299582
0.0299566
0.0299576
0.0302311
0.0299589
0.0302293
0.0299562
0.0296894
0.0299583
0.0299585
0.0299604
0.0299591
0.0299593
0.0299588
0.0299576
0.0299594
0.0302301
0.0299577
0.0299572
0.0299585
0.0299596
0.0299588
0.0299578
0.0299589
0.0305818
0.0299584
0.0299577
0.0299579
0.029959
0.0299578
0.029959
0.0299578
0.02996
0.0299576
0.0299599
0.0299564
0.0299574
0.0299587
0.0296905
0.0305807
0.0305815
0.0305823
0.029692
0.0299585
0.0299592
0.0299581
0.0299593
0.0305824
0.0299597
0.0299588
0.0299597
0.0305807
0.0299592
0.029959
0.0302312
0.0299582
0.0299594
0.0305815
0.0305804
0.0296911
0.029956
0.0299577
0.0299593
0.0299579
0.0299592
0.0299593
0.0299586
0.0299581
0.0296866
0.0299581
0.0296915
0.0305814
0.0299587
0.0299583
0.0299593
0.0299591
0.0296918
0.0299591
0.0299571
0.0299575
0.0296908
0.0299591
0.0299571
0.0299584
0.0299582
0.0305801
0.0299568
0.0302309
0.0299588
0.0299581
0.0296898
0.0296904
0.029959
0.0302316
0.0299585
0.0299575
0.029958
0.0299592
0.0299602
0.0299593
0.0299576
0.0302278
0.0293584
0.0299595
0.0299579
0.0299585
0.0296908
0.0299587
0.0299588
0.0299589
0.0299572
0.0299576
0.029959
0.0305809
0.0299587
0.02996
0.0305824
0.0299598
0.0299581
0.0305819
0.0296905
0.0299592
0.0299576
0.0299599
0.0299585
0.0299571
0.0296901
0.0305811
0.0299589
0.029958
0.0305806
0.029957
0.0293585
0.0299594
0.0299599
0.0299585
0.0299584
0.0299576
0.0299581
0.0299576
0.0299587
0.029957
0.0299571
0.0302285
0.0299579
0.0299582
0.0299581
0.0299579
0.0299577
0.0302312
0.0302302
0.0299576
0.0299543
0.0305797
0.0299561
0.0299579
0.0302302
0.0311549
0.0302315
0.0302298
0.0305815
0.0296903
0.0299568
0.0299582
0.0299597
0.0299591
0.0299587
0.0299578
0.0299582
0.0299573
0.0299594
0.0299579
0.0299588
0.029958
0.0305811
0.0299561
0.0299569
0.0305819
0.0299581
0.0299556
0.0305793
0.0299582
0.0299568
0.0299555
0.0299571
0.0299578
0.0299583
0.0296906
0.0305834
0.0302318
0.0299579
0.0299573
0.0299574
0.0299581
0.0308655
0.0302309
0.0293609
0.0299582
0.0299595
0.0293582
0.0299556
0.0299594
0.0305809
0.0299597
0.0299585
0.0299591
0.0299597
0.0299586
0.0299598
0.0305816
0.0296906
0.029959
0.0299592
0.0302308
0.0299565
0.0299593
0.0302303
0.0299578
0.0299585
0.0296892
0.0299583
0.0299588
0.0299585
0.0299584
0.0299586
0.0299577
0.0299593
0.0299565
0.0299562
0.0299586
0.0299594
0.0299581
0.030865
0.0299582
0.0302279
0.0299582
0.0302294
0.0299573
0.0299577
0.0302305
0.0293588
0.029959
0.0305825
0.0299581
0.0308657
0.0299592
0.0302303
0.0299575
0.0299564
0.0305815
0.0299592
0.029958
0.0299593
0.0305825
0.0305805
0.0299589
0.029959
0.0299565
0.029958
0.0305812
0.0302314
0.0299593
0.0302289
0.0299578
0.0299591
0.029957
0.0299577
0.0299587
0.030583
0.0302297
0.0305805
0.029959
0.029957
0.0299569
0.0299603
0.0302297
0.0299586
0.0299582
0.0299569
0.0299581
0.0299553
0.0299575
0.0299572
0.0299571
0.0299602
0.029959
0.0296891
0.0299583
0.029958
0.0305805
0.0299592
0.0299594
0.0299594
0.0293594
0.0299592
0.0296916
0.0299591
0.029959
0.029959
0.0305812
0.0302301
0.0299569
0.0299585
0.0299573
0.0299592
0.0305805
0.0305822
0.0302297
0.0305822
0.0299561
0.0302293
0.029958
0.0299585
0.0299598
0.0299572
0.0305817
0.0305808
0.0315277
0.0305805
0.0299583
0.0302294
0.0299595
0.0299589
0.0299584
0.0299574
0.0296914
0.0299572
0.0299583
0.0302302
0.0299582
0.0299592
0.0305818
0.0315268
0.0305817
0.0299574
0.0296915
0.0299583
0.0296928
0.0305816
0.0299571
0.0299588
0.0299572
0.0299593
0.0299581
0.0293587
0.03023
0.0299569
0.0308656
0.0299589
0.0296908
0.0299589
0.0305807
0.0299595
0.0299587
0.0302321
0.0299586
0.0299576
0.0308648
0.0299569
0.0299589
0.0299609
0.0299576
0.0296898
0.0299583
0.029958
0.0299578
0.029958
0.0305803
0.0296904
0.0305819
0.0299588
0.0305824
0.0302322
0.0299576
0.0305824
0.0305821
0.0299589
0.0299585
0.0299586
0.0299592
0.0299592
0.0308651
0.0299583
0.0299575
0.0299581
0.0302239
0.0299584
0.0299549
0.030581
0.0296898
0.0299586
0.0299585
0.0299593
0.0302313
0.0299578
0.0293612
0.0299584
0.0299577
0.0305805
0.0299589
0.0299574
0.0305791
0.0305811
0.0299589
0.0302305
0.0299576
0.0302308
0.0299604
0.0299597
0.0299603
0.0299579
0.0305821
0.0299587
0.0302298
0.0293604
0.0299585
0.0299587
0.0299597
0.0299581
0.0299568
0.0302298
0.0299585
0.0302308
0.0311538
0.0302312
0.0302304
0.0299596
0.0308653
0.0299584
0.0299587
0.0299572
0.0299581
0.0302316
0.029959
0.0299577
0.0305808
0.0299589
0.029958
0.0299578
0.0299581
0.0296916
0.029957
0.0305817
0.030231
0.0305804
0.0302289
0.0299575
0.0305824
0.0299577
0.0299564
0.0296916
0.0305809
0.0299579
0.0299581
0.0299556
0.0293592
0.0296916
0.0299583
0.0305831
0.0296918
0.0293596
0.0299585
0.0299596
0.0299584
0.0299598
0.0299594
0.0299581
0.0299592
0.0299588
0.0299584
0.0296895
0.0305826
0.0299587
0.0299571
0.0299582
0.0299584
0.0302306
0.0299587
0.0302304
0.029959
0.0299585
0.0299597
0.0302311
0.0299579
0.029959
0.0299604
0.0299581
0.0305816
0.0299583
0.0299567
0.0299587
0.0299594
0.0299594
0.0308657
0.031527
0.0305789
0.0305794
0.0299575
0.0299596
0.0291046
0.0299593
0.0299577
0.0299592
0.0302295
0.0299589
0.0299608
0.0299572
0.0302308
0.0299581
0.0299588
0.0299587
0.029959
0.0299579
0.0299582
0.0299596
0.0299598
0.0299598
0.0305807
0.0305821
0.0299592
0.0299583
0.0299597
0.0299595
0.0305823
0.0299592
0.0299591
0.0302278
0.0299571
0.0299571
0.0302286
0.0299585
0.0299586
0.0302303
0.0299583
0.0299602
0.0293592
0.0299591
0.0299588
0.0299585
0.0299595
0.0305813
0.0305821
0.0299565
0.0299578
0.0299574
0.029691
0.0299592
0.0296916
0.0296893
0.0293588
0.0296902
0.0299585
0.0302308
0.0305834
0.0299568
0.0299598
0.0305811
0.0299591
0.0299594
0.0296906
0.0299559
0.0296885
0.0305785
0.0299604
0.0299594
0.0299574
0.0305781
0.0299575
0.03058
0.0299579
0.0299576
0.0305816
0.0296921
0.0305818
0.0299593
0.0308639
0.0318276
0.0308642
0.0299579
0.0299596
0.0299562
0.0299585
0.030228
0.0299605
0.0299584
0.02969
0.0299594
0.0299575
0.0299592
0.0299582
0.0299567
0.0302299
0.0311546
0.0302283
0.0299589
0.0299573
0.0299582
0.0299565
0.0299595
0.0305789
0.0299586
0.0305806
0.0299601
0.0299598
0.0299583
0.029359
0.0299577
0.0308609
0.0315246
0.0305797
0.0299583
0.0299575
0.0299587
0.0302311
0.0299593
0.0299592
0.0296909
0.0299569
0.0299584
0.0299588
0.0296904
0.0299582
0.0302308
0.0299592
0.0305816
0.0302296
0.0299581
0.0299599
0.0299588
0.0302295
0.0299579
0.0296912
0.0296919
0.029959
0.0299571
0.029958
0.0299575
0.0305815
0.0299587
0.0299577
0.0299587
0.0299587
0.0299577
0.0299578
0.0299587
0.0305815
0.0299592
0.0299608
0.0299586
0.0305824
0.0296859
0.0299586
0.029956
0.0299586
0.0305812
0.0308665
0.0299588
0.02996
0.0299604
0.0299592
0.0305831
0.0299588
0.0299565
0.0305834
0.0315274
0.0305805
0.0299593
0.0299582
0.0308645
0.0299592
0.0299592
0.0305816
0.0299587
0.0299577
0.0299581
0.0302283
0.0305814
0.0299573
0.0308648
0.031154
0.0302303
0.0305822
0.0299568
0.0299586
0.0305818
0.0308648
0.030231
0.029958
0.0299586
0.0305801
0.0299599
0.0299581
0.029957
0.0305804
0.0299582
0.0299586
0.0302313
0.0299594
0.0302292
0.030232
0.029959
0.0305819
0.0305788
0.0299586
0.0299585
0.0299576
0.0299597
0.0305812
0.0308636
0.0308609
0.0299587
0.029959
0.0299589
0.0305816
0.0299591
0.0299574
0.0305821
0.0305825
0.0299566
0.029959
0.0299595
0.029959
0.0305811
0.0305803
0.0296901
0.0305817
0.0305813
0.0315271
0.030865
0.029958
0.0296895
0.0293574
0.0299584
0.0299587
0.0296921
0.0296915
0.0305796
0.0299591
0.0299599
0.0305816
0.0299575
0.0299588
0.0299589
0.0299592
0.0299578
0.0302294
0.0299586
0.0299596
0.0305838
0.0305821
0.0299583
0.0299576
0.0296897
0.02996
0.0299587
0.0299579
0.0299581
0.0299583
0.0299577
0.0296903
0.0299586
0.0299582
0.0308658
0.0308645
0.0305824
0.029957
0.0299579
0.0299547
0.029958
0.0305817
0.0305821
0.0299586
0.0299579
0.029959
0.0299565
0.0299573
0.0299585
0.0299592
0.0296902
0.0293605
0.0299592
0.029958
0.0299586
0.0299587
0.0299597
0.0299584
0.0305813
0.0299598
0.0302307
0.0299581
0.030581
0.0296884
0.0299582
0.0296905
0.0299576
0.0299559
0.0299572
0.0299577
0.0296904
0.029959
0.0299585
0.0299591
0.0299568
0.0305829
0.0299582
0.0299586
0.0293612
0.0299579
0.0299581
0.0293605
0.030231
0.029958
0.030864
0.0305803
0.0296905
0.0299571
0.0302299
0.0299573
0.0299581
0.029958
0.0299559
0.0305809
0.0299611
0.0305827
0.0299583
0.0299597
0.0305839
0.0299586
0.0291027
0.0299578
0.0305828
0.0299599
0.029959
0.0299588
0.029958
0.0299586
0.0299576
0.0299595
0.0305828
0.030231
0.029957
0.0299579
0.0302294
0.0302305
0.0299583
0.029959
0.0299583
0.0299604
0.0305815
0.0296911
0.0305798
0.0299562
0.0299555
0.029958
0.0299584
0.0302305
0.0299564
0.0305817
0.0296915
0.0299568
0.0299573
0.0299573
0.0305814
0.0315272
0.0305821
0.03023
0.0305814
0.0305828
0.0299575
0.0299587
0.0305801
0.0299566
0.029959
0.0296906
0.0299591
0.0305821
0.0299575
0.0302312
0.0299593
0.0299587
0.0299581
0.0302309
0.0308646
0.029958
0.0299571
0.0299582
0.0299579
0.0299579
0.0305815
0.029957
0.030581
0.0299587
0.029959
0.0299576
0.0299568
0.0299584
0.0299594
0.0299588
0.0305822
0.0305815
0.0305806
0.0296922
0.0299572
0.0299577
0.029958
0.0302302
0.0299592
0.029958
0.0305821
0.02996
0.03023
0.0299592
0.0299583
0.0305818
0.029959
0.0305819
0.0299578
0.030231
0.0299584
0.0305809
0.031525
0.0305813
0.029961
0.0299593
0.0299587
0.0302304
0.02996
0.029959
0.0299579
0.0305813
0.0299587
0.0302298
0.0299588
0.0299602
0.0299581
0.0302287
0.0299585
0.0305823
0.0299572
0.0302314
0.0302303
0.0299579
0.0299592
0.0302284
0.0299587
0.0302305
0.0299579
0.0299576
0.02996
0.0299595
0.0299593
0.0299588
0.0299603
0.0305818
0.0299586
0.0299581
0.0296911
0.0305803
0.0299579
0.0296919
0.0296913
0.0299591
0.0308639
0.0299588
0.0299588
0.0299583
0.0299588
0.0299593
0.0299583
0.0299599
0.0299593
0.0299587
0.0302292
0.029959
0.029958
0.0296904
0.0299594
0.0299579
0.0299582
0.0299586
0.0299568
0.0299593
0.0299582
0.0299581
0.0299582
0.0299577
0.0296907
0.0299571
0.0299582
0.0299568
0.0299583
0.0305818
0.0299579
0.029359
0.0299582
0.0305817
0.0299593
0.0305813
0.0299582
0.0299589
0.0299577
0.0299589
0.0299593
0.0299606
0.0305789
0.0299571
0.0299587
0.0299587
0.0299584
0.0308656
0.0299579
0.0299594
0.0305829
0.0305813
0.0299558
0.0299559
0.0299584
0.0299584
0.0296904
0.0299563
0.0302302
0.0302311
0.0305792
0.0299594
0.0299579
0.0305823
0.0299582
0.029956
0.0299585
0.0299592
0.0305816
0.0299591
0.0291027
0.0296912
0.0299596
0.0296918
0.0299591
0.0305831
0.0299583
0.0299596
0.0299571
0.0299593
0.0299596
0.0299594
0.0299589
0.0299574
0.0302286
0.0299577
0.030231
0.0299596
0.0299594
0.0299586
0.0302282
0.0293589
0.0299591
0.0299579
0.0299605
0.0299593
0.0296922
0.0299583
0.0305793
0.0302308
0.029958
0.0299582
0.0308652
0.0299607
0.0299581
0.0299568
0.0299579
0.0299579
0.029956
0.0305823
0.0299567
0.0296892
0.0299564
0.0302296
0.0305823
0.0299586
0.0299592
0.0299586
0.0305792
0.0302301
0.0299588
0.0302264
0.0302298
0.0299587
0.0299599
0.029959
0.0296908
0.0299574
0.0296911
0.0299598
0.029959
0.0299594
0.0296907
0.0299572
0.0305822
0.0299577
0.0305814
0.0299565
0.0299579
0.0296896
0.029959
0.0296922
0.029959
0.0302302
0.0299588
0.0302298
0.02936
0.0299595
0.0302316
0.0299587
0.0299589
0.0299577
0.0299588
0.0299577
0.0302309
0.029958
0.0299587
0.0302279
0.0305799
0.0299574
0.0299577
0.029957
0.0302292
0.0299593
0.0299577
0.0299551
0.0299594
0.0299589
0.0299592
0.0299598
0.0299574
0.0305831
0.030583
0.0308664
0.0299598
0.0299572
0.030231
0.0299583
0.0302302
0.0299585
0.0299599
0.0299581
0.0305824
0.0296888
0.0305809
0.0299567
0.0299589
0.0299591
0.0296922
0.0305815
0.0299592
0.0302307
0.029958
0.0299586
0.0305806
0.0305822
0.0299589
0.0299584
0.0299599
0.0299591
0.0299587
0.0308642
0.0299578
0.0299586
0.0299582
0.0299572
0.0299597
0.0299587
0.0299581
0.0299582
0.0305828
0.0299587
0.0299584
0.0299584
0.0299592
0.0302308
0.0305814
0.0299609
0.0299585
0.0299582
0.0299567
0.0299569
0.0305804
0.029958
0.0302287
0.0299596
0.0299578
0.0296916
0.0293595
0.0299598
0.0299575
0.0299591
0.030231
0.0305818
0.0299594
0.0299582
0.0299588
0.0299588
0.0296909
0.0299577
0.0299571
0.0299588
0.0299581
0.0299585
0.0299592
0.0305817
0.0299589
0.0299601
0.0299574
0.0302304
0.0299582
0.0299585
0.0299561
0.0302302
0.0308648
0.0299585
0.0299595
0.0305824
0.0299585
0.0302312
0.0299562
0.0299592
0.0299575
0.029957
0.0302305
0.0299572
0.0299596
0.0299581
0.0302311
0.0299581
0.0299603
0.0299588
0.0299571
0.0305819
0.0305815
0.0299582
0.0299592
0.0296888
0.0299581
0.0299589
0.0299584
0.0299574
0.0299569
0.0302298
0.0302307
0.029957
0.0299589
0.0299588
0.0299602
0.0299592
0.0299589
0.0305818
0.0299561
0.0296904
0.0299577
0.0302297
0.029957
0.0308657
0.0299587
0.0299587
0.0299588
0.0302296
0.0305816
0.029692
0.029103
0.0296919
0.0299582
0.0299574
0.0299598
0.0299591
0.0299592
0.0299587
0.0299586
0.0299589
0.0305814
0.031526
0.0305805
0.0305822
0.030866
0.0311521
0.030227
0.0308668
0.0299578
0.0296883
0.0299584
0.0299595
0.0305818
0.0315283
0.0305787
0.0302304
0.0299592
0.0302297
0.0293593
0.0299593
0.0299599
0.0299585
0.029959
0.0305814
0.0299573
0.0299581
0.0299597
0.0305791
0.0302315
0.0302276
0.0299575
0.0299602
0.0305813
0.0296904
0.0305822
0.0305817
0.0299603
0.0293598
0.0302304
0.0299593
0.0299595
0.0299595
0.0296906
0.0299564
0.0296907
0.0299587
0.0299579
0.0299586
0.0299568
0.0299576
0.0296904
0.0299581
0.0299597
0.0305828
0.0299588
0.0299578
0.0299592
0.0296913
0.0299589
0.0299587
0.0299586
0.0302306
0.0305839
0.0299602
0.0308664
0.0299578
0.0308648
0.0299581
0.029957
0.0299605
0.0305807
0.0299588
0.0305831
0.0299587
0.0296914
0.0299594
0.0299593
0.0299589
0.0299589
0.0299569
0.0299592
0.0305817
0.0299585
0.0299577
0.030582
0.0308644
0.0299587
0.0299574
0.0299575
0.0299591
0.0299582
0.0305818
0.0299595
0.0296867
0.0299585
0.0299586
0.0305806
0.0299577
0.0299585
0.0299578
0.0296921
0.0296918
0.0299569
0.0305806
0.0305819
0.0299595
0.0305819
0.0302286
0.0311536
0.0308663
0.0299577
0.0302315
0.0299593
0.030231
0.0305812
0.0299583
0.0296908
0.0299599
0.0299589
0.0299591
0.0305826
0.0299586
0.0299567
0.030865
0.0305789
0.0315261
0.0305831
0.0299578
0.0302316
0.0299589
0.0299587
0.0299567
0.0299559
0.0296893
0.0299593
0.0293596
0.0299592
0.0299579
0.0299585
0.0299587
0.030581
0.0299593
0.0305829
0.0299599
0.0293602
0.0302301
0.0299582
0.0299582
0.0302305
0.0299589
0.0296893
0.0293594
0.0299578
0.0305816
0.0315263
0.0305822
0.0299592
0.0308657
0.0299577
0.0299579
0.029957
0.0299577
0.0293602
0.0302313
0.029959
0.0296905
0.0299589
0.0305824
0.0296906
0.0299572
0.0299583
0.0299599
0.029959
0.0299581
0.02996
0.0302305
0.0311534
0.030231
0.0305828
0.0299582
0.0299577
0.0299581
0.0299582
0.0302302
0.0299585
0.0305824
0.0299572
0.0299575
0.0299572
0.0299588
0.0299572
0.0299579
0.0308648
0.0299586
0.0296902
0.0299598
0.0299559
0.0305818
0.0302309
0.030864
0.0299586
0.0299602
0.0299592
0.0296916
0.0296889
0.0299566
0.029691
0.0305818
0.0305822
0.0299577
0.0299579
0.0293598
0.0299584
0.0302297
0.0299582
0.0299595
0.0299604
0.0299604
0.0305818
0.0305809
0.0299591
0.0299586
0.0305819
0.0299584
0.0299597
0.0299592
0.029957
0.029958
0.0299589
0.0299586
0.0302298
0.0299578
0.0299579
0.0296917
0.0299592
0.0302296
0.0299587
0.0296917
0.0299582
0.0308648
0.029957
0.0296921
0.0299588
0.0302311
0.0299593
0.0299593
0.0299591
0.0308656
0.0299588
0.029957
0.0299605
0.029959
0.0302327
0.0305826
0.0299602
0.0299594
0.0299582
0.0308657
0.0299576
0.0299584
0.030583
0.0299575
0.0299583
0.0302309
0.0299589
0.0302309
0.0305838
0.0302292
0.0299588
0.03023
0.0299593
0.0299569
0.0299581
0.0293608
0.0293593
0.0302298
0.0299585
0.0299601
0.0299587
0.0302303
0.0302301
0.0299578
0.0299582
0.0299581
0.0299592
0.0299585
0.0296905
0.0296922
0.0296933
0.0299583
0.030229
0.0299587
0.0299592
0.0299589
0.0299582
0.0299594
0.0299586
0.0299575
0.0299589
0.029959
0.0299566
0.0305819
0.0305818
0.0299599
0.0296907
0.0305824
0.0299581
0.0293586
0.0299605
0.0299583
0.0299599
0.0299591
0.0305783
0.0299569
0.0302309
0.0305831
0.0296932
0.0299574
0.0305806
0.0299564
0.0299593
0.0299581
0.0302298
0.0305829
0.0299598
0.0299585
0.0299587
0.0299598
0.029959
0.0299596
0.0296919
0.0299595
0.0299591
0.0299602
0.0305815
0.0308646
0.0299575
0.0299577
0.0299569
0.0302313
0.0299576
0.029957
0.0299587
0.029958
0.0299597
0.0299575
0.030866
0.029957
0.0299587
0.030582
0.0296922
0.0299584
0.0308649
0.0299579
0.0299558
0.0299579
0.0308651
0.031155
0.0302324
0.0302317
0.0311525
0.0302297
0.0299594
0.0305833
0.0299579
0.0299593
0.0299597
0.0299586
0.0302316
0.0299586
0.0299568
0.0299563
0.0299583
0.0302301
0.0299573
0.0299581
0.0299593
0.0299601
0.0296906
0.029958
0.029957
0.0299587
0.0308657
0.0302301
0.0302306
0.0299569
0.0299593
0.0296903
0.0299587
0.0299564
0.0308644
0.0299584
0.0299564
0.0293572
0.0299579
0.0299586
0.0299574
0.0296908
0.029959
0.0308656
0.0299583
0.0305809
0.0296911
0.0299582
0.0299561
0.0305816
0.0299596
0.0299607
0.0299582
0.0299586
0.0299593
0.0296907
0.0293579
0.0299583
0.0299594
0.0299565
0.0299572
0.0302308
0.0302307
0.030229
0.0299583
0.0293584
0.0293593
0.0296885
0.0299574
0.0299563
0.0299587
0.0299575
0.0296905
0.0299588
0.0299571
0.0305775
0.0315267
0.0305826
0.0299585
0.0299569
0.029959
0.0305817
0.0305815
0.0299583
0.029959
0.0299588
0.0305801
0.0299583
0.0293587
0.0299565
0.0305823
0.030581
0.0299588
0.0299594
0.0299588
0.0299596
0.0305815
0.0299577
0.0299574
0.0305793
0.0299578
0.029958
0.0299584
0.0302315
0.029958
0.0299589
0.0299579
0.0299576
0.0302305
0.0302311
0.0299581
0.0299602
0.0302299
0.0305819
0.029957
0.0296912
0.0299573
0.0302283
0.0311513
0.0302298
0.0299579
0.029959
0.0305824
0.0299593
0.0299595
0.0299587
0.0296909
0.0299583
0.03023
0.0293606
0.0299582
0.0296919
0.0299582
0.0299594
0.0299601
0.0299593
0.0299597
0.0296916
0.0299593
0.0302289
0.0299578
0.0299588
0.0296901
0.0299582
0.029958
0.0299569
0.0299588
0.0299603
0.0299603
0.0299583
0.0305811
0.0299586
0.0299594
0.0299585
0.0305817
0.0299587
0.0299583
0.0299586
0.0299589
0.029958
0.0299592
0.0299592
0.0299589
0.0305811
0.0305819
0.0315258
0.032531
0.0329165
0.0318873
0.0315654
0.0306171
0.0306164
0.0306184
0.0312484
0.0306177
0.0306192
0.0306164
0.0306173
0.0306159
0.0309232
0.0300106
0.0309217
0.0312471
0.0306168
0.0306195
0.0312499
0.030618
0.0306165
0.0306169
0.0309208
0.0306158
0.0309219
0.0306169
0.0312473
0.0306182
0.0312503
0.0309204
0.031565
0.0306166
0.0306181
0.0306165
0.0312503
0.0306194
0.0312493
0.0306194
0.0306183
0.0315671
0.0306184
0.0306184
0.0306171
0.0312487
0.0315648
0.0322381
0.031248
0.030619
0.0306188
0.0306179
0.0306175
0.0315658
0.0322369
0.0312496
0.0306183
0.0309218
0.0306185
0.0306155
0.030617
0.0312488
0.0306183
0.0306192
0.0306177
0.0306174
0.0306177
0.0306162
0.0306171
0.0306198
0.030618
0.0306166
0.0306173
0.030618
0.0306192
0.0306186
0.0309215
0.0306174
0.0312502
0.0312493
0.0306193
0.0306166
0.0306159
0.0306166
0.0306184
0.030922
0.0306185
0.0306192
0.0306169
0.0306174
0.0306182
0.0306193
0.0309208
0.0312508
0.0306178
0.0306155
0.0312498
0.0306163
0.0312497
0.0306193
0.0306184
0.0306166
0.0315646
0.0318863
0.0315659
0.0315639
0.0306172
0.0309218
0.0306176
0.0306185
0.0306206
0.03125
0.030616
0.0309211
0.03092
0.0306172
0.0306188
0.0306195
0.0306189
0.0306194
0.0306174
0.0309192
0.0312488
0.0312475
0.0306187
0.0309219
0.0306175
0.0306176
0.03092
0.0306174
0.0306163
0.0306199
0.0312516
0.0306171
0.0312472
0.030618
0.0312501
0.0312481
0.030921
0.0306176
0.0312501
0.0312506
0.0309202
0.030618
0.0309226
0.031564
0.0306162
0.0312499
0.0306183
0.030617
0.0306182
0.0306181
0.0309221
0.0306201
0.0306176
0.0306193
0.0309218
0.0309189
0.0306164
0.0306195
0.0309204
0.0306178
0.0306187
0.0306188
0.0306198
0.0306169
0.0306181
0.0306194
0.0306177
0.0306197
0.0312495
0.03092
0.0306158
0.0306181
0.0306189
0.0312503
0.0306183
0.0312482
0.0306176
0.0306169
0.0309213
0.0306177
0.0306186
0.0306159
0.0309213
0.0318872
0.0309217
0.0306174
0.0312498
0.0306183
0.0312505
0.0312489
0.0306187
0.0306166
0.0306152
0.0306168
0.030614
0.0306136
0.0312497
0.0306171
0.0315647
0.0306181
0.0306167
0.0306188
0.0315673
0.0306179
0.0306183
0.0306164
0.030618
0.0306173
0.0309214
0.0306183
0.0306182
0.030618
0.0306184
0.0306171
0.0312492
0.0306179
0.0309214
0.0312501
0.031568
0.0306186
0.0306183
0.0306177
0.0306169
0.0306161
0.0306189
0.0306183
0.0303206
0.030616
0.0306183
0.0306193
0.0315637
0.0309222
0.030008
0.0306174
0.0306168
0.0306182
0.0306178
0.0306177
0.0306178
0.0306152
0.0312477
0.0306177
0.0306199
0.0306175
0.0306176
0.0306181
0.0309197
0.0309212
0.0306174
0.0306173
0.030922
0.0309201
0.0306179
0.0306192
0.0306188
0.030619
0.0312502
0.0306175
0.0306193
0.0306182
0.0309212
0.0306187
0.0309213
0.0309215
0.0312488
0.0306174
0.0312483
0.0306178
0.0306169
0.0306175
0.0306165
0.0306173
0.0306156
0.0306189
0.0306198
0.0306165
0.0309198
0.0318881
0.0309214
0.0309197
0.0309216
0.0315647
0.0306183
0.0312504
0.030922
0.0306183
0.0306202
0.0312508
0.0306169
0.0312495
0.0306152
0.0309207
0.0309226
0.0306175
0.0306168
0.0300094
0.0306181
0.0312515
0.0306188
0.0309219
0.0306139
0.0306158
0.0306186
0.0306184
0.0309214
0.0306175
0.0312499
0.0306154
0.0306169
0.030011
0.0306171
0.030618
0.0306164
0.0312495
0.0312499
0.0309206
0.0306181
0.0312499
0.0306188
0.0309189
0.0312477
0.0309205
0.0306181
0.0306173
0.030618
0.0309195
0.0306172
0.0306181
0.0306189
0.0306158
0.030619
0.03092
0.0306177
0.0306188
0.0303196
0.0306191
0.0303209
0.0306174
0.031251
0.0306162
0.0306164
0.0306156
0.0309204
0.0306154
0.0309192
0.0306192
0.0306174
0.0312499
0.0322376
0.0312495
0.0306174
0.0306157
0.0312498
0.0306179
0.0306187
0.0306164
0.0306176
0.0309199
0.0306144
0.0312508
0.0309192
0.03001
0.0306165
0.0306169
0.0309215
0.0309213
0.0306176
0.030617
0.0312496
0.0306185
0.0306175
0.0306161
0.0312492
0.0309227
0.0309221
0.0306193
0.0306185
0.0312503
0.0306176
0.0306192
0.0312489
0.0312505
0.0309212
0.0306151
0.0312496
0.0306177
0.0306176
0.030618
0.0312516
0.0309222
0.0306177
0.0306177
0.0306188
0.0312496
0.0306193
0.0312516
0.030922
0.0306175
0.0312483
0.0306182
0.030922
0.0312497
0.0306178
0.0306184
0.0306173
0.030619
0.0315666
0.0312506
0.030617
0.0306162
0.0306189
0.030618
0.0312491
0.0309212
0.0306169
0.0306171
0.0306187
0.0306184
0.0306164
0.0306166
0.0306181
0.0315635
0.0306163
0.0306169
0.0309193
0.0318889
0.0309238
0.0312489
0.0306163
0.0309217
0.0306186
0.0315661
0.0309209
0.0306176
0.0315658
0.0306175
0.0306183
0.0306172
0.031249
0.0315638
0.0322361
0.0315655
0.0306178
0.0309205
0.0306168
0.0312496
0.0312485
0.0306188
0.030619
0.0306171
0.0312478
0.0306192
0.0312476
0.0309213
0.0306175
0.0306185
0.0306176
0.0306202
0.0306191
0.0306188
0.0306172
0.0306179
0.0306167
0.0306174
0.0303193
0.0306186
0.0309214
0.0306183
0.0306184
0.0306192
0.030619
0.0306157
0.0315665
0.0306176
0.0306172
0.0309197
0.0306188
0.0306188
0.0306188
0.0303191
0.0306167
0.0306188
0.0306169
0.0306174
0.0306175
0.0306171
0.0306164
0.0306187
0.031249
0.0312503
0.0306185
0.0309208
0.0315656
0.0309203
0.0312494
0.0306186
0.0306186
0.0306174
0.0306179
0.030618
0.0312484
0.032237
0.0312499
0.0306184
0.0312498
0.0306175
0.0312501
0.0306171
0.0315632
0.0306177
0.0315675
0.0318899
0.0309207
0.0306186
0.0309216
0.03092
0.0318859
0.0315646
0.0306168
0.0309206
0.0306186
0.0306182
0.030618
0.0312505
0.0309199
0.030616
0.0306168
0.0312505
0.0312509
0.0306189
0.0306195
0.0300128
0.0300091
0.0306178
0.0306184
0.030615
0.030921
0.0306188
0.0306191
0.031248
0.0306177
0.030617
0.0306188
0.0306183
0.0306185
0.031566
0.0306192
0.0312498
0.0306194
0.0309222
0.0312497
0.0306194
0.0306165
0.0306166
0.0312497
0.0312491
0.0306161
0.0306189
0.0306176
0.0309234
0.0309224
0.0306194
0.0306183
0.0306193
0.0306184
0.0306164
0.0306146
0.0306161
0.0306183
0.0306176
0.0306179
0.0312476
0.0312494
0.0306185
0.0306195
0.0300094
0.0306187
0.0306182
0.0306194
0.0306182
0.0306184
0.0306153
0.0306181
0.0306168
0.0315664
0.0306184
0.0309222
0.0306202
0.030619
0.0315672
0.0306172
0.0306177
0.0306144
0.030617
0.0306177
0.0306169
0.0312494
0.0306177
0.0306172
0.030618
0.0300092
0.0303192
0.0306148
0.0306171
0.0303191
0.0306161
0.0306186
0.0300112
0.0306169
0.0306172
0.0306187
0.0306165
0.0306187
0.0306177
0.0306185
0.0309195
0.0306176
0.0306196
0.0306193
0.0306174
0.0309187
0.0318884
0.0309202
0.0312497
0.0312504
0.0306188
0.0312483
0.0309193
0.0306169
0.0306191
0.0312488
0.0306174
0.0306176
0.0306196
0.0306176
0.0306165
0.0312471
0.0312504
0.0306178
0.0306173
0.0309225
0.030618
0.0306179
0.0312513
0.0309218
0.0306174
0.0306181
0.0309205
0.030618
0.0303162
0.0303199
0.0312485
0.0322364
0.0312481
0.0309216
0.030619
0.0312501
0.0312494
0.0322367
0.0312489
0.0306153
0.0312496
0.0306145
0.0306178
0.0306183
0.0306165
0.0306172
0.030921
0.0306181
0.0306189
0.0312472
0.0306187
0.0309201
0.0306184
0.030617
0.030919
0.0312483
0.0306178
0.0306183
0.0306186
0.0306168
0.0306167
0.0309207
0.0306179
0.0306192
0.0309222
0.0312486
0.0306154
0.0309203
0.0306169
0.0306178
0.030619
0.0306176
0.031248
0.0312492
0.0306184
0.0306158
0.030619
0.0306181
0.0312486
0.0306159
0.0306173
0.0306183
0.0306164
0.0306181
0.0312491
0.0306161
0.030617
0.0312458
0.0306163
0.0306163
0.0309211
0.0309209
0.0318878
0.0315655
0.0306169
0.0306181
0.0306161
0.0312488
0.0312478
0.0312442
0.0306169
0.0306183
0.0312494
0.0306169
0.0306163
0.0306186
0.0306189
0.0312518
0.0306184
0.0306179
0.0312483
0.0315647
0.0309227
0.0318877
0.0309217
0.030922
0.0306174
0.0306162
0.0306176
0.0306175
0.0306184
0.0306174
0.0309191
0.0306192
0.0306189
0.0306184
0.0309196
0.0306176
0.0306177
0.0309188
0.030617
0.0312492
0.0322377
0.0312482
0.0306203
0.0312495
0.0306181
0.0306186
0.0309199
0.0312482
0.030618
0.0309219
0.0318854
0.0309223
0.0300101
0.0309183
0.0306171
0.0306178
0.0312478
0.0306191
0.0312505
0.0312492
0.0309223
0.0306181
0.0309207
0.0312491
0.0312489
0.0309212
0.0306165
0.0312486
0.0306187
0.030618
0.0306189
0.0306167
0.030618
0.0306188
0.0306181
0.0309214
0.0306173
0.0306172
0.0306166
0.0306179
0.0312506
0.0306184
0.030618
0.0306171
0.0306177
0.0306193
0.0306169
0.0306174
0.0309204
0.0306157
0.0306182
0.0309218
0.0318865
0.0309227
0.0309199
0.0306184
0.0306189
0.0306177
0.0309205
0.0306159
0.031251
0.0309198
0.0306177
0.0306187
0.0306196
0.0306174
0.0306204
0.0312479
0.0306191
0.0306196
0.0312495
0.0315648
0.0309226
0.0309206
0.0306184
0.0306177
0.0306179
0.0306169
0.0306178
0.0306189
0.0306154
0.0315648
0.0306156
0.0306172
0.0306179
0.0312488
0.0312487
0.030617
0.0306171
0.0309231
0.0306174
0.0306195
0.0306171
0.0306168
0.030618
0.0312481
0.0306178
0.0312496
0.0306181
0.030321
0.0306174
0.0300101
0.0306179
0.0306179
0.0306192
0.0306191
0.0306183
0.0306163
0.0312497
0.0306181
0.030617
0.0306187
0.0306169
0.030617
0.0306181
0.030618
0.0306169
0.0306179
0.0306173
0.0306182
0.0306171
0.0312493
0.0306173
0.0309219
0.0306188
0.0306192
0.0306189
0.0309223
0.0306192
0.0306177
0.0306169
0.0306178
0.0306186
0.0306181
0.0306195
0.0306181
0.030614
0.0306176
0.0306166
0.0309216
0.0312503
0.0306161
0.0312482
0.031248
0.030618
0.0306172
0.0306156
0.0312461
0.0303198
0.0306167
0.0306177
0.0306165
0.0309211
0.0306167
0.0306179
0.0306183
0.0306177
0.0306183
0.0306174
0.0306151
0.0315652
0.0322382
0.0312512
0.0306173
0.0312494
0.0306186
0.0306178
0.0306173
0.0306196
0.0306184
0.0306175
0.0306186
0.0306179
0.0312496
0.0306177
0.0306171
0.0306166
0.03125
0.0312478
0.0306169
0.0309219
0.031887
0.0315646
0.0306184
0.0306179
0.031564
0.0306173
0.0309177
0.0306174
0.0312484
0.030617
0.0306184
0.0306167
0.0306201
0.030618
0.0306187
0.0309208
0.030921
0.0306176
0.0306161
0.0306168
0.0306175
0.0312483
0.0306175
0.0306181
0.0315652
0.0322339
0.0312489
0.030618
0.0306165
0.0306177
0.0309191
0.0300111
0.0300102
0.0306154
0.0306178
0.0306163
0.0306183
0.0312473
0.0306168
0.030921
0.0309205
0.0306193
0.0306198
0.0306177
0.0306177
0.031252
0.0306188
0.0303199
0.0306179
0.0306179
0.0306164
0.0312504
0.0309219
0.0318862
0.0309225
0.0309219
0.0315658
0.0306184
0.030618
0.0306178
0.0306182
0.0306193
0.0306193
0.0306165
0.0306189
0.0309215
0.0315673
0.0309205
0.0306192
0.0306175
0.0309206
0.0306154
0.030618
0.0306173
0.0306128
0.0306164
0.0306185
0.0306195
0.030617
0.0306175
0.031247
0.0312494
0.0309225
0.0306187
0.0312494
0.032235
0.0312507
0.03125
0.0315642
0.0306181
0.0309209
0.0306179
0.0312471
0.0306173
0.030617
0.0306182
0.030922
0.0312509
0.0306176
0.0300117
0.0306188
0.0306176
0.0312491
0.0322338
0.0312504
0.0306194
0.0306191
0.0309203
0.0306156
0.0312498
0.0312497
0.030617
0.0306175
0.0306179
0.031249
0.0309197
0.0306174
0.0306178
0.0306184
0.0306157
0.0303201
0.030616
0.0306183
0.0312501
0.0309206
0.0306162
0.0309199
0.0306179
0.03092
0.0312486
0.0309229
0.0306192
0.0306196
0.0312497
0.0306161
0.0309189
0.0306166
0.0306152
0.0312463
0.0306173
0.0306182
0.0309194
0.0306174
0.0306173
0.0309222
0.0315663
0.0306177
0.0306191
0.0306191
0.0306182
0.0312501
0.0309213
0.0306185
0.0306195
0.0306189
0.0312464
0.0312491
0.032238
0.0312509
0.0303171
0.0306177
0.0306184
0.0312507
0.0315669
0.0309197
0.0309196
0.030617
0.0306172
0.030617
0.0306157
0.0309212
0.0306178
0.0306202
0.0309182
0.0306182
0.0306183
0.0309205
0.03092
0.0312494
0.0315648
0.0306168
0.0309206
0.0306175
0.0306192
0.0306184
0.0306185
0.0306167
0.0306177
0.0306163
0.0312496
0.030614
0.030921
0.0306173
0.0303186
0.0306185
0.0306184
0.0309202
0.0306189
0.0306171
0.0306169
0.0306164
0.0306182
0.0309194
0.0306191
0.0309222
0.0306186
0.0306187
0.0306182
0.0306184
0.0306189
0.0312484
0.0306176
0.030921
0.0312495
0.0306195
0.0303198
0.0312506
0.0306179
0.0312509
0.03092
0.0306177
0.030618
0.0309192
0.030616
0.0309206
0.0300089
0.0306159
0.0306189
0.0306172
0.0306185
0.0309216
0.0306176
0.0306181
0.0312497
0.0306173
0.0306178
0.0306189
0.0306168
0.0306193
0.0309223
0.0309205
0.0309205
0.0306181
0.0306182
0.0306186
0.0309209
0.0306158
0.0306182
0.0306181
0.0306183
0.0306189
0.0306181
0.030922
0.030617
0.0309204
0.0315656
0.0306177
0.0306186
0.0306166
0.0306168
0.0306173
0.0306162
0.0312484
0.0309218
0.0312504
0.0312502
0.0306172
0.030619
0.0309212
0.0312493
0.0312509
0.0306186
0.0306199
0.0312507
0.030619
0.0309225
0.0306174
0.0303192
0.0312492
0.031251
0.0306182
0.030618
0.0306171
0.0306176
0.0306203
0.0306169
0.0306171
0.0306179
0.0306162
0.0306182
0.0312488
0.0312516
0.0309217
0.0306178
0.0309195
0.0312489
0.0306177
0.0306186
0.0312483
0.0306168
0.0306163
0.0306156
0.0306166
0.0306178
0.0315634
0.0306196
0.0306201
0.0306186
0.0306174
0.0306183
0.0306163
0.0306157
0.0306144
0.0312494
0.0312499
0.030619
0.0306189
0.0312481
0.0306184
0.0312503
0.030922
0.0306187
0.0306176
0.0306165
0.0309194
0.0309213
0.0306178
0.0312487
0.0322365
0.0312479
0.0306184
0.0306186
0.0306196
0.030616
0.0306178
0.0309197
0.0318881
0.0309214
0.0309206
0.0306168
0.0306138
0.0309182
0.0306197
0.0312503
0.0306185
0.0306157
0.0309195
0.0306169
0.0306151
0.0306151
0.0306167
0.0306188
0.0306166
0.0309213
0.0306196
0.0312496
0.0306175
0.0312513
0.0322386
0.0312482
0.0306153
0.0315658
0.0309207
0.0306175
0.0306141
0.0306177
0.030922
0.0312492
0.0303205
0.0312506
0.0315647
0.0306148
0.0312488
0.0312502
0.0306167
0.0309206
0.0306204
0.0306188
0.0306176
0.0306194
0.0312499
0.0312501
0.0309223
0.0306157
0.0306181
0.0309206
0.0306195
0.0306161
0.0306186
0.031249
0.0306178
0.0306186
0.030618
0.0315652
0.0312497
0.0309201
0.0306173
0.0306176
0.0309217
0.0306174
0.0309175
0.0306171
0.0309211
0.0306179
0.0309211
0.030618
0.0309214
0.0306169
0.0306192
0.0312493
0.0306176
0.0309217
0.0315655
0.0318869
0.0309211
0.0306164
0.0306176
0.0312492
0.0312501
0.0322377
0.0312467
0.0315661
0.0309228
0.0306184
0.0312507
0.0306184
0.0312482
0.03092
0.0312503
0.0306169
0.0306173
0.0306178
0.0306187
0.031249
0.0306168
0.0306171
0.031251
0.0306168
0.0309199
0.0312472
0.030619
0.0306172
0.0309209
0.0306174
0.0309194
0.0306166
0.0306168
0.0312494
0.0306186
0.0312491
0.0309227
0.0306172
0.0300106
0.0306175
0.0306176
0.0306166
0.0306171
0.0306179
0.0312505
0.0309221
0.0306182
0.0309194
0.0306174
0.0306192
0.031249
0.0312501
0.030618
0.0306182
0.0306184
0.0303189
0.0303202
0.0312493
0.0306179
0.0306172
0.0306178
0.0306186
0.0312488
0.0309203
0.0306176
0.0312507
0.0312501
0.0322358
0.0315639
0.0318857
0.0309209
0.0306153
0.0306169
0.0306189
0.0309195
0.0312509
0.0306187
0.0306177
0.0306187
0.0306181
0.0306166
0.0306176
0.0315671
0.0322374
0.0312488
0.0306192
0.0306171
0.0309203
0.0306184
0.0312495
0.0306194
0.0306187
0.0306182
0.0312501
0.0306188
0.0306188
0.030618
0.0306178
0.0309235
0.0306179
0.0312512
0.0306179
0.0306174
0.0309198
0.0306175
0.030009
0.0306135
0.0300092
0.0306185
0.0306184
0.0306179
0.0309204
0.0306171
0.0306183
0.0306192
0.0312501
0.0309222
0.0306164
0.0306178
0.0306174
0.0309238
0.0306161
0.0306161
0.0306181
0.0306191
0.0309207
0.0306187
0.0306179
0.0300101
0.0306174
0.0306188
0.0306158
0.0306187
0.0306182
0.0306174
0.0315665
0.0315672
0.0306186
0.0309214
0.0306187
0.0306184
0.0306196
0.0306178
0.0312487
0.0309203
0.030617
0.0309194
0.0309212
0.0306175
0.0306168
0.0306195
0.0306182
0.031567
0.0315661
0.0306177
0.0306176
0.0306181
0.0306198
0.0306188
0.0315673
0.0312492
0.031249
0.0315666
0.0306178
0.0306172
0.0306165
0.0306168
0.0306183
0.030619
0.0306171
0.0306172
0.0306183
0.0306179
0.0306187
0.0306176
0.0306176
0.030618
0.0306195
0.0306175
0.030922
0.0315676
0.0306174
0.0306175
0.0306183
0.0300097
0.0306187
0.030618
0.0300101
0.0306167
0.0306171
0.0309207
0.0306176
0.0309205
0.0315665
0.0318888
0.0309218
0.0306191
0.0306163
0.0306178
0.0309215
0.0306201
0.0306183
0.0306144
0.0306157
0.0309219
0.0306178
0.0306194
0.031249
0.0306172
0.030619
0.0306161
0.0306174
0.030921
0.0309213
0.0312494
0.0306159
0.0306182
0.0312514
0.0312474
0.0322365
0.0312508
0.030618
0.0309193
0.0306166
0.0306177
0.0306183
0.0300107
0.0306187
0.0306177
0.0306169
0.0309192
0.0306195
0.0309201
0.0309222
0.0306161
0.0306184
0.0312502
0.0312497
0.0306182
0.0306177
0.0306192
0.0306155
0.0309217
0.0306178
0.0306186
0.030617
0.0306177
0.0312482
0.0309198
0.0306191
0.0312509
0.0309221
0.0306195
0.0312505
0.0306177
0.0312501
0.0312514
0.0306178
0.030921
0.0306172
0.0306156
0.030618
0.0309204
0.0309218
0.031566
0.0306181
0.0306189
0.03125
0.0312502
0.0306179
0.0312476
0.0306165
0.030619
0.0306168
0.0306178
0.030921
0.0306176
0.0306176
0.0306181
0.0315665
0.0312492
0.0306198
0.0306171
0.0306169
0.030319
0.0312508
0.0306177
0.0309202
0.0306159
0.0306178
0.0315655
0.0306132
0.0312481
0.0306188
0.0306179
0.0312497
0.0306185
0.0309209
0.0306182
0.0306177
0.0306186
0.0312497
0.0306183
0.0306194
0.0306164
0.0300113
0.0306169
0.0315668
0.0306158
0.0306174
0.030617
0.0300101
0.0306172
0.0312498
0.030618
0.0309182
0.0309214
0.0306175
0.0306184
0.0309208
0.0306154
0.0306173
0.0306184
0.030616
0.0306153
0.030619
0.0306179
0.0312502
0.0306172
0.0306175
0.0306191
0.0306177
0.0306174
0.0306171
0.0309232
0.0312495
0.0306171
0.0306172
0.0315654
0.0306164
0.0306182
0.0312479
0.0306175
0.0306158
0.0312481
0.0306152
0.0306177
0.0306175
0.0309202
0.0306183
0.0309211
0.0306201
0.0306191
0.0309192
0.0309207
0.030619
0.0306177
0.0306185
0.0306172
0.0306168
0.0312505
0.0306182
0.0306165
0.0312502
0.0306171
0.0309181
0.0312474
0.0309203
0.0312503
0.0306184
0.0300106
0.0306193
0.030922
0.0306181
0.0306169
0.0309214
0.0309215
0.0306186
0.0309203
0.0306179
0.0306165
0.0303185
0.0306173
0.0306167
0.0306179
0.0315661
0.0306183
0.0306183
0.0306189
0.0309214
0.0318874
0.0315655
0.0306174
0.031565
0.0306167
0.0306181
0.0309209
0.0309209
0.0306188
0.030616
0.0306168
0.0309224
0.0306166
0.0306154
0.0306171
0.0306185
0.0312503
0.0309208
0.0309187
0.0312508
0.0306174
0.0312509
0.0306169
0.0306187
0.0306173
0.0306181
0.0306185
0.0306176
0.0306156
0.0306162
0.0309198
0.0306184
0.030617
0.0306175
0.0312503
0.030618
0.030618
0.030921
0.0306183
0.0309206
0.0306171
0.0306186
0.0306164
0.0303187
0.0312497
0.0309204
0.030922
0.03125
0.0306179
0.0306179
0.0306189
0.0312494
0.0306183
0.0312486
0.0306174
0.0306177
0.0306173
0.030618
0.030617
0.0306186
0.0312497
0.0309188
0.0306177
0.0306169
0.0306166
0.0306182
0.0306159
0.0312491
0.030618
0.0306196
0.0312492
0.0306171
0.0312499
0.0306134
0.0315662
0.0312497
0.0306175
0.0315655
0.0306175
0.0309216
0.0306168
0.0300103
0.0306186
0.0306182
0.0312504
0.0309217
0.0306174
0.0306166
0.0306179
0.0306188
0.0306177
0.0309185
0.0306175
0.0306187
0.0306169
0.0315656
0.0318883
0.0309201
0.030921
0.0306184
0.0306169
0.0309218
0.0306195
0.0306188
0.030922
0.0312511
0.0306177
0.0306175
0.0306181
0.0312487
0.0312496
0.0306173
0.0312504
0.0322381
0.0315654
0.0306161
0.0306156
0.0306156
0.0309203
0.0306165
0.0306176
0.0315654
0.0306164
0.0306176
0.0309222
0.0312488
0.0322351
0.0315651
0.031249
0.030617
0.0306178
0.0312483
0.0306162
0.0309218
0.0306179
0.0303183
0.0312485
0.0306186
0.0306173
0.0306163
0.0306171
0.0306167
0.0309206
0.0306185
0.0306172
0.030617
0.0306184
0.0306178
0.0306163
0.0306173
0.0312505
0.0306168
0.03125
0.0306175
0.0306184
0.0309205
0.0309187
0.0306161
0.0306168
0.0312493
0.0306186
0.0312494
0.0309214
0.0306173
0.0306183
0.0309211
0.0306179
0.0312494
0.0306177
0.0306181
0.0306201
0.0306154
0.0300106
0.0306192
0.030619
0.0306148
0.0309228
0.030619
0.0309219
0.0309196
0.0306187
0.0306193
0.0315663
0.0306182
0.0306167
0.0300099
0.0306163
0.0300099
0.030619
0.0306191
0.0309225
0.0306181
0.0306172
0.0306187
0.0306179
0.0306169
0.0312479
0.0309195
0.0309215
0.0309217
0.0318884
0.0315641
0.0312513
0.0306172
0.0306185
0.0306169
0.0306175
0.0306183
0.0312502
0.0306187
0.0306193
0.0306184
0.0306182
0.030618
0.0306172
0.0306192
0.0306177
0.0309208
0.0309204
0.0306197
0.030619
0.0315663
0.0306166
0.0306193
0.0306179
0.0306179
0.0309217
0.0312494
0.0312485
0.0306182
0.0309182
0.030619
0.030921
0.0312497
0.0306187
0.0306169
0.030619
0.0306182
0.031249
0.0306194
0.0312469
0.0306154
0.0306145
0.0306171
0.0312494
0.0306171
0.0306174
0.0309225
0.0306191
0.030617
0.030617
0.0306177
0.0306175
0.0315651
0.0306161
0.0306178
0.0306189
0.0306205
0.0309213
0.0312496
0.0322372
0.033289
0.0336475
0.0325744
0.0315663
0.031232
0.031231
0.0312299
0.0309008
0.0312301
0.0308999
0.0318666
0.0318679
0.0315659
0.0312292
0.0312311
0.0312321
0.0312311
0.0312316
0.0312315
0.0312323
0.0312307
0.0312331
0.0312315
0.031867
0.0312313
0.0312307
0.0322167
0.0318674
0.0312295
0.0315672
0.0315687
0.0315659
0.0312302
0.0312318
0.0312306
0.0312293
0.0312301
0.0322175
0.0312301
0.0312304
0.0318697
0.0309026
0.0312291
0.0312298
0.0312283
0.0309025
0.0309006
0.0318686
0.0312316
0.0312321
0.0312297
0.0315658
0.0312314
0.0312309
0.0315668
0.0312298
0.0318671
0.0312323
0.031231
0.0312279
0.0312284
0.03123
0.0312301
0.0312298
0.030901
0.0312304
0.0318684
0.0315655
0.031231
0.0312289
0.0312314
0.0306187
0.0306146
0.0312307
0.0315662
0.031229
0.0312309
0.0312307
0.031563
0.0312301
0.0315655
0.031232
0.0312296
0.0312315
0.0309005
0.0312291
0.0318681
0.0312312
0.0312315
0.0315634
0.031229
0.03123
0.0318673
0.0312297
0.0312305
0.0312297
0.0312304
0.0312304
0.0312302
0.0315662
0.0325742
0.031567
0.0318665
0.0312305
0.0318685
0.0318674
0.0315676
0.0315676
0.0312308
0.0312311
0.0315662
0.0312313
0.0318677
0.0312293
0.0312295
0.0315663
0.0312293
0.031231
0.0312282
0.0312306
0.0312311
0.031867
0.0312295
0.0312305
0.0312255
0.0312295
0.0312312
0.0312281
0.0315681
0.0312314
0.0315652
0.0312296
0.0312317
0.0312301
0.0306182
0.031232
0.031567
0.0312311
0.0312297
0.0318665
0.0312302
0.0312316
0.0312319
0.0312305
0.0318678
0.0318664
0.0318684
0.0312298
0.031232
0.0312312
0.0309019
0.0312301
0.0312302
0.0315659
0.0315673
0.0325736
0.0315655
0.0312305
0.0312308
0.0318681
0.0312291
0.031231
0.0312303
0.0315661
0.0325732
0.0315647
0.0322167
0.0322153
0.0332676
0.032212
0.0312289
0.0312291
0.0312312
0.0312314
0.0312307
0.0312298
0.0315669
0.0312317
0.0312314
0.0318691
0.0315649
0.0312307
0.031229
0.0312319
0.0312313
0.0315673
0.0315662
0.0312304
0.0312303
0.031567
0.0325725
0.0315674
0.0312283
0.0312318
0.031868
0.0312291
0.0322189
0.0312304
0.0312289
0.0312308
0.0312304
0.0312308
0.0315668
0.0318681
0.0312293
0.0312317
0.0312317
0.0312312
0.0312307
0.0315648
0.031228
0.03123
0.0312314
0.0312322
0.0306171
0.0312304
0.0318698
0.031868
0.0312302
0.0312306
0.0322179
0.0315661
0.0318673
0.0312313
0.0318684
0.0312298
0.0312295
0.0312312
0.0312311
0.0312303
0.0312297
0.0315652
0.0312306
0.0312317
0.0312281
0.0312299
0.031232
0.0312303
0.0312312
0.0312301
0.0312317
0.0312316
0.0312326
0.0312302
0.0312319
0.0312305
0.0315669
0.0315645
0.0318673
0.0312306
0.0318679
0.0312288
0.0312309
0.0312305
0.0318645
0.0312308
0.0318695
0.0312293
0.0312307
0.0312297
0.0312294
0.0312311
0.0312298
0.0312301
0.0306186
0.0312295
0.0312309
0.031565
0.0322175
0.0315648
0.0312299
0.031566
0.0312314
0.0318688
0.0318683
0.0328954
0.0318691
0.0312297
0.0306182
0.0312312
0.0318682
0.0312318
0.0312309
0.0312307
0.0312282
0.0312312
0.0318676
0.0312298
0.0318673
0.0315674
0.0312318
0.0312312
0.0312315
0.0312312
0.0312289
0.0312301
0.0318689
0.0312291
0.0318672
0.0312302
0.0312323
0.0312287
0.0318656
0.0328964
0.0318681
0.0312305
0.0312328
0.0312304
0.0318687
0.03123
0.0312312
0.031232
0.0312312
0.0312304
0.0322141
0.0312297
0.0312295
0.0309007
0.0312303
0.031566
0.0312311
0.0312309
0.0315676
0.0325753
0.0315676
0.0315675
0.0312303
0.0318703
0.0312312
0.0318672
0.0312294
0.0315664
0.0312317
0.0312309
0.0312299
0.03123
0.0312288
0.0312311
0.031567
0.0312324
0.0312311
0.0315661
0.0315673
0.031231
0.0312291
0.0315657
0.0312295
0.0312311
0.0312304
0.0312311
0.0312294
0.0322161
0.0312308
0.0312307
0.031566
0.0312318
0.0312291
0.0312282
0.0315672
0.0325735
0.0315649
0.0318671
0.0312311
0.0312299
0.0312293
0.0312299
0.0315652
0.0312285
0.0312298
0.031566
0.0315668
0.0312308
0.0312301
0.0312318
0.031233
0.0312308
0.0312303
0.0315642
0.0325715
0.0315642
0.0312302
0.0318667
0.0315661
0.0318678
0.031229
0.0312303
0.0312323
0.0312289
0.0322166
0.0328953
0.0318688
0.0312306
0.0315651
0.0312308
0.0312316
0.030903
0.0312313
0.0318679
0.0318661
0.0312298
0.0312318
0.0312308
0.0312301
0.0312303
0.031228
0.0312305
0.0312304
0.0312312
0.0303029
0.0312297
0.0312315
0.0312301
0.0312316
0.0312284
0.0312292
0.0318665
0.0322179
0.0312303
0.0312314
0.0312287
0.0312323
0.031868
0.0312312
0.0315631
0.0312305
0.0312323
0.0312306
0.0312305
0.0318689
0.0318689
0.0312304
0.0312308
0.0306167
0.0312316
0.0312314
0.0312326
0.0318686
0.0312313
0.03123
0.0312319
0.03123
0.03123
0.0318665
0.0312314
0.0318662
0.0315673
0.0312296
0.0312311
0.03123
0.0312306
0.0312313
0.0312312
0.0312304
0.0312296
0.0312307
0.0312315
0.0312311
0.0322166
0.0315653
0.0312336
0.0312309
0.031229
0.0315676
0.0312311
0.0312287
0.0315667
0.0312294
0.03123
0.0312315
0.0312298
0.0312313
0.0312314
0.0312328
0.0312309
0.0312297
0.0312301
0.0315661
0.0312328
0.0312309
0.0312303
0.0318672
0.031231
0.0312309
0.0315672
0.0318685
0.0312305
0.0312315
0.0315665
0.031867
0.0312324
0.031231
0.0306168
0.0312314
0.0315663
0.0322162
0.0312315
0.0315675
0.0312305
0.0312295
0.0322185
0.0312307
0.0318682
0.0312301
0.0315654
0.0312306
0.0318669
0.0312318
0.0315662
0.0315667
0.0312299
0.0312306
0.0312309
0.0306171
0.0312326
0.0312294
0.0312285
0.0312308
0.0312302
0.0315631
0.0315654
0.0312296
0.0312297
0.0312297
0.0315657
0.0312313
0.0306189
0.0312327
0.0312293
0.0312304
0.0312304
0.03123
0.0312322
0.0306182
0.0306195
0.0312298
0.0312319
0.0312309
0.0312297
0.0312311
0.031869
0.0312316
0.0318695
0.0312306
0.031868
0.031567
0.0306197
0.0312318
0.0312307
0.0312307
0.0312321
0.0312312
0.0312283
0.0312302
0.0322143
0.0325731
0.0328947
0.032217
0.0315673
0.0325753
0.0328957
0.0318659
0.0318689
0.0312314
0.0312292
0.0312303
0.0312313
0.0322179
0.0318673
0.0318671
0.031231
0.0312292
0.0318691
0.0322169
0.0312317
0.0318705
0.0312304
0.0312305
0.031231
0.0315661
0.0306182
0.031567
0.0312306
0.0312319
0.0318709
0.0312311
0.0312303
0.0312306
0.0312312
0.0306178
0.0312287
0.0312314
0.0312324
0.0315652
0.0312301
0.0312321
0.0312301
0.0312296
0.0312308
0.0318685
0.0312301
0.0312288
0.0312312
0.0315666
0.0312319
0.0312292
0.0312325
0.0312322
0.0312311
0.0312328
0.0318683
0.0318672
0.0312306
0.0312305
0.0315652
0.0312306
0.0318665
0.0318699
0.0318683
0.0312302
0.0312298
0.0318666
0.0312314
0.0312312
0.0312308
0.0312309
0.0312309
0.0315654
0.0312316
0.0312298
0.0322182
0.0312313
0.0312298
0.030612
0.0312289
0.0312302
0.0315631
0.0315648
0.0312316
0.0312304
0.0308998
0.0312311
0.0318686
0.031232
0.0315658
0.0312315
0.0312311
0.0318688
0.0312309
0.0312294
0.0312287
0.031231
0.0309021
0.0312323
0.031233
0.0322183
0.0318683
0.0312295
0.0318679
0.0315656
0.0315667
0.0312299
0.031229
0.0312292
0.0322166
0.0312295
0.0312301
0.0315669
0.0312303
0.0318685
0.0312296
0.0312314
0.030903
0.0312313
0.0312315
0.0312316
0.0312306
0.0315647
0.0312306
0.0322165
0.0312309
0.0312327
0.0318673
0.0318672
0.0312313
0.0322169
0.0312301
0.031232
0.0318684
0.0322183
0.0318688
0.0312311
0.0312283
0.0309014
0.0312287
0.0312289
0.0318675
0.0315648
0.0306188
0.0312318
0.0318667
0.031229
0.0318669
0.0312305
0.0309015
0.0312312
0.0312313
0.0309001
0.0312285
0.0318678
0.0328956
0.0318671
0.0312316
0.0312322
0.0312285
0.0315667
0.0312315
0.0315664
0.0306172
0.0312307
0.03123
0.0312314
0.031231
0.0318682
0.0315659
0.0312303
0.0312294
0.0312318
0.0318678
0.0312318
0.0312301
0.0312294
0.0318672
0.0312306
0.0318688
0.0312305
0.0312313
0.031229
0.0312314
0.0318681
0.0315663
0.0312289
0.031231
0.0312276
0.0312291
0.0309017
0.0306174
0.0312307
0.0312309
0.0312309
0.0312309
0.0312295
0.0312318
0.0312315
0.031233
0.0312302
0.0312305
0.0312309
0.0315665
0.032574
0.0315666
0.0312264
0.0306179
0.0312317
0.0312318
0.0318681
0.0312324
0.0322171
0.0312323
0.0315656
0.03123
0.0312292
0.0318684
0.0315642
0.0312308
0.0312314
0.0318664
0.0312321
0.0312306
0.0315677
0.0312305
0.0312311
0.0312313
0.0312283
0.03123
0.0315651
0.0318665
0.0312304
0.0315661
0.0312297
0.0312292
0.0312315
0.0312303
0.0315669
0.031568
0.0312323
0.0312284
0.0312299
0.0318653
0.0312316
0.031233
0.0312299
0.0306186
0.0306178
0.0312323
0.0309036
0.0312301
0.0315667
0.0312316
0.0312295
0.0315646
0.0315657
0.0318676
0.0315662
0.0325746
0.0322179
0.0318677
0.0315616
0.0312279
0.0312308
0.0312294
0.0322171
0.0312311
0.0312298
0.0315661
0.0315647
0.03123
0.0312305
0.0312327
0.0315657
0.0318674
0.0328948
0.0318668
0.0312313
0.0312306
0.0312308
0.0315668
0.0315663
0.0312313
0.0312303
0.0312288
0.0312308
0.0306195
0.031232
0.031231
0.031566
0.0312298
0.0309007
0.0312306
0.0312301
0.031567
0.0318675
0.0315661
0.0312317
0.031232
0.0306172
0.0312325
0.0312317
0.0306183
0.0312296
0.0312296
0.0312308
0.0312322
0.0312294
0.0312304
0.03123
0.031231
0.0312317
0.0312317
0.0312302
0.0309031
0.0312309
0.0312286
0.0318701
0.0312295
0.0312298
0.031231
0.0312297
0.0312316
0.0312269
0.0315671
0.031567
0.0312286
0.0312304
0.0318685
0.031231
0.0312308
0.031867
0.0315665
0.0306174
0.0312311
0.0312313
0.0312305
0.03123
0.0312293
0.031231
0.0312267
0.0312287
0.0315663
0.0318689
0.0312303
0.0312308
0.0312314
0.0312316
0.0318672
0.0312313
0.0312314
0.0312314
0.0312323
0.0315677
0.0312309
0.0312318
0.0312307
0.0312275
0.0309035
0.0312296
0.03123
0.0312283
0.0312271
0.0312288
0.0312298
0.0312309
0.0312303
0.0312296
0.0318662
0.0312304
0.0312293
0.0312302
0.0318685
0.0312303
0.0312308
0.0318692
0.0315654
0.0312308
0.0312329
0.0306189
0.0315656
0.0322173
0.0312299
0.0312307
0.0312309
0.0312297
0.03123
0.0312316
0.0315664
0.0312295
0.0312305
0.0312326
0.0318688
0.0312321
0.0315664
0.0312288
0.0312306
0.0312305
0.0312307
0.0312311
0.0312323
0.0312325
0.0322156
0.0312305
0.0315645
0.0312292
0.0318664
0.0315652
0.0312314
0.0312288
0.0306178
0.0312294
0.0318671
0.0312307
0.0322176
0.0312298
0.0312316
0.0312309
0.0315661
0.0312291
0.0312313
0.0312312
0.0312296
0.0312311
0.0312303
0.0312296
0.0318686
0.0318677
0.0318656
0.0312321
0.0315663
0.032574
0.0315656
0.0312307
0.0318693
0.0312308
0.0312301
0.0312323
0.0315656
0.0315664
0.0318675
0.031231
0.031565
0.0312296
0.0312325
0.0312322
0.0315664
0.0312269
0.0318655
0.0318667
0.0312301
0.0312311
0.031232
0.0318676
0.0312298
0.0315652
0.0312304
0.0312303
0.032217
0.0312299
0.0315645
0.0312319
0.0312293
0.0312307
0.0318683
0.0309007
0.0312313
0.0312325
0.0312302
0.0318688
0.0312318
0.0312314
0.0312299
0.0312297
0.0312318
0.0312305
0.03123
0.0312304
0.0312309
0.0312319
0.0315662
0.0312312
0.0312302
0.031229
0.0322148
0.0312305
0.0315647
0.0312303
0.0322182
0.0312333
0.0312306
0.0318687
0.0315655
0.0312307
0.0312313
0.0312332
0.0312288
0.0315653
0.0315656
0.0312301
0.0312286
0.0312297
0.0312317
0.0312309
0.0309003
0.0312298
0.0312303
0.0318652
0.0318679
0.0318654
0.0315663
0.0312318
0.0312322
0.0312317
0.0315627
0.0315634
0.0312316
0.0315667
0.0322183
0.0312317
0.0312311
0.0312318
0.0315658
0.0312295
0.0318676
0.0312328
0.0322152
0.0312303
0.031869
0.0312318
0.0312304
0.0312304
0.0312311
0.0312301
0.0312297
0.0306171
0.0312299
0.0312306
0.0306191
0.0308996
0.0312305
0.0318672
0.0312311
0.0312313
0.0312302
0.0312306
0.0306172
0.0312303
0.0309022
0.0312301
0.0312301
0.0306183
0.0312305
0.0318673
0.0328959
0.0318686
0.0315644
0.0312281
0.0315668
0.0312294
0.031565
0.031231
0.0312307
0.0318682
0.0312318
0.0312316
0.0312295
0.0312301
0.0315655
0.0312285
0.031228
0.0312302
0.0315665
0.0312317
0.0312308
0.0312311
0.0315656
0.0318678
0.0315639
0.0312304
0.0322152
0.0312306
0.0312311
0.0312292
0.0312317
0.0318684
0.0308988
0.0312272
0.0315671
0.0322171
0.0312311
0.0318664
0.0312304
0.031566
0.0312293
0.031229
0.031232
0.0315659
0.0318655
0.0312309
0.0312316
0.0312326
0.0315661
0.0315644
0.0318677
0.0312312
0.0312281
0.0318688
0.0312306
0.0312308
0.03187
0.0312324
0.0312283
0.0312308
0.0312286
0.0312296
0.031567
0.0312317
0.0312311
0.0312307
0.0312286
0.0312309
0.031566
0.0312329
0.0309031
0.0309016
0.0312301
0.0312301
0.0312312
0.0312294
0.0312291
0.0312314
0.031568
0.0312319
0.0312302
0.0312268
0.031565
0.0312309
0.0312311
0.0315661
0.0322183
0.0318676
0.031232
0.0312317
0.0312311
0.03123
0.0312291
0.0312313
0.0312312
0.0312302
0.0312303
0.0318676
0.0312306
0.0312296
0.0318681
0.0315648
0.0318663
0.0318675
0.0312304
0.0318683
0.0312323
0.0318696
0.0312315
0.0312291
0.0309046
0.0312277
0.0312314
0.0312308
0.0312312
0.0312304
0.0315672
0.0318681
0.0312304
0.0312319
0.031232
0.0318683
0.0309
0.0312286
0.0322163
0.0328964
0.0318668
0.0312317
0.0312308
0.0318684
0.0312308
0.0312327
0.0312309
0.0312315
0.0312301
0.0318666
0.0315669
0.0315665
0.0315646
0.0312279
0.0312284
0.0312313
0.0315664
0.030618
0.0315659
0.0312295
0.0312311
0.031231
0.031232
0.0312318
0.0312309
0.030618
0.0312285
0.0318658
0.0312309
0.0318684
0.0312277
0.03123
0.0312311
0.0312293
0.0318649
0.031232
0.0312309
0.0315659
0.0312295
0.0322167
0.032574
0.0315666
0.0312315
0.0312306
0.0318678
0.0312279
0.031566
0.0318689
0.0312299
0.0318667
0.0312294
0.0312299
0.0312294
0.0312287
0.0306195
0.0312308
0.0315678
0.0312313
0.0308989
0.0312297
0.0315651
0.031231
0.0318673
0.0312316
0.0312292
0.0315654
0.0312302
0.0315658
0.0312312
0.0312304
0.0312291
0.0318681
0.0312307
0.0312325
0.031869
0.0312299
0.0315657
0.0315667
0.0315651
0.0312316
0.0312308
0.0312298
0.0318689
0.0318698
0.0312318
0.0315646
0.0312297
0.031232
0.0312319
0.0318681
0.0312309
0.0315683
0.03123
0.0318665
0.0312316
0.0312291
0.03123
0.0312294
0.0315678
0.0312313
0.0312316
0.0312309
0.0312314
0.0315656
0.0322184
0.0312287
0.0318681
0.0315646
0.0312304
0.0312311
0.0312306
0.0312304
0.0312291
0.0318665
0.0312329
0.0312297
0.0318683
0.0312312
0.0312314
0.031868
0.0322169
0.0315654
0.0322174
0.031232
0.0312307
0.0322162
0.0312306
0.0315666
0.0312315
0.0312293
0.0322177
0.031231
0.0312291
0.0312314
0.0312313
0.031867
0.0318653
0.0312317
0.0318674
0.0312296
0.0322159
0.0318683
0.0318686
0.0309032
0.0312308
0.0315668
0.0315652
0.0312304
0.0318699
0.0312305
0.0312301
0.0318637
0.0328948
0.0318666
0.031232
0.0318679
0.0312305
0.031231
0.0306174
0.0312286
0.0318682
0.0312319
0.032215
0.0312315
0.0312293
0.0315653
0.0325747
0.0315671
0.0318677
0.0312307
0.0312292
0.0312319
0.0312326
0.0312282
0.0306176
0.0312314
0.0312313
0.0312299
0.0315653
0.0312311
0.0312309
0.0312316
0.0318693
0.0328949
0.0318675
0.0312311
0.032217
0.0312313
0.0312311
0.0306194
0.0312309
0.0309021
0.0312297
0.0312294
0.031231
0.0318647
0.0328933
0.0318677
0.0312288
0.0312308
0.0315629
0.0312323
0.0312306
0.0309012
0.031869
0.0315651
0.0312288
0.0312283
0.0318673
0.0312321
0.0315662
0.0312282
0.0312303
0.0312294
0.0312309
0.0312309
0.0315665
0.0312312
0.0312309
0.0322164
0.0318663
0.0312312
0.0312301
0.0312305
0.0312287
0.0315656
0.0312297
0.0312294
0.0315664
0.0312291
0.0312318
0.03123
0.0315651
0.0312312
0.0318675
0.0312317
0.0312309
0.0312317
0.0312303
0.0312319
0.0312301
0.0312313
0.0312315
0.0312315
0.0318671
0.0322179
0.0318693
0.0312312
0.0312307
0.0312287
0.0318683
0.0312305
0.0318665
0.0322187
0.03123
0.0312316
0.0318661
0.0312297
0.0312281
0.0312309
0.0312295
0.0312293
0.0312308
0.0306168
0.0306188
0.0312296
0.0318695
0.0312311
0.0312313
0.0312299
0.0312283
0.0312307
0.0306168
0.0312299
0.0312293
0.0309015
0.03123
0.0312315
0.0312299
0.0312283
0.0312301
0.0312313
0.0312293
0.0315654
0.0318667
0.0312307
0.0312304
0.0312315
0.0312305
0.0309004
0.0312304
0.0312281
0.0312296
0.0312297
0.0312313
0.0312306
0.0318683
0.0312306
0.0312305
0.0312256
0.0312305
0.0312305
0.0312302
0.0312315
0.0318674
0.03123
0.0312317
0.0312306
0.0315659
0.0312305
0.0312309
0.0312281
0.031565
0.0318672
0.0318688
0.0328939
0.0318679
0.0312295
0.0315662
0.0312306
0.0312305
0.0312332
0.0318685
0.0318667
0.0315659
0.0318669
0.0312305
0.0318654
0.0312304
0.0315665
0.0312291
0.031231
0.0318692
0.032894
0.0318673
0.0315636
0.0312306
0.0312301
0.0312304
0.0312314
0.0312326
0.0312311
0.0312323
0.0312295
0.0312315
0.0312303
0.0312303
0.0312318
0.0306191
0.0312309
0.0309021
0.0318697
0.0315669
0.0315645
0.0315668
0.0312292
0.0312303
0.0312295
0.0315677
0.0312296
0.0312315
0.0312312
0.0309011
0.0312308
0.0312303
0.0312318
0.0312304
0.0312296
0.0312304
0.0306181
0.0312309
0.0318682
0.0312307
0.0315658
0.0312313
0.0312297
0.0312299
0.0312313
0.030618
0.0312303
0.0312308
0.0315641
0.0315656
0.0312313
0.0315666
0.0315634
0.031228
0.0306199
0.031232
0.0312306
0.0315632
0.0312313
0.0312318
0.0312308
0.0312306
0.032215
0.0312316
0.0318688
0.0312314
0.0312313
0.0312296
0.0318676
0.0315656
0.032574
0.0315659
0.0306171
0.0312298
0.0312302
0.0312305
0.0312286
0.031231
0.0312294
0.0318692
0.0312305
0.0312294
0.0312318
0.0315648
0.0312299
0.0315668
0.031229
0.0306156
0.0312323
0.0312306
0.0315648
0.0312311
0.0312302
0.0315647
0.0312287
0.0312314
0.0312307
0.0312304
0.031232
0.0318659
0.0318677
0.0328952
0.0318675
0.0312318
0.0312313
0.0315652
0.0318667
0.0328951
0.031867
0.0318688
0.0312292
0.031231
0.0322175
0.0312313
0.0312304
0.031868
0.0312302
0.0312315
0.0318683
0.0312285
0.0312305
0.0312313
0.0312301
0.0318688
0.0312317
0.0312305
0.0315655
0.0318683
0.0318685
0.0312312
0.0312288
0.0312307
0.0318663
0.0312296
0.0312303
0.031229
0.0312318
0.031231
0.0312321
0.0312315
0.0312278
0.0312288
0.0312282
0.0318661
0.032218
0.0312326
0.0312308
0.031231
0.0312299
0.0312296
0.0312296
0.0315677
0.0312313
0.0312314
0.0312316
0.031232
0.0322177
0.0315645
0.0312293
0.030902
0.0312319
0.0309026
0.031231
0.0312315
0.0315679
0.0312314
0.0312311
0.0312303
0.0312327
0.0312285
0.0312304
0.0315662
0.0312295
0.0318687
0.0312316
0.0312313
0.0315656
0.0312316
0.0312316
0.03123
0.0312322
0.0318665
0.0312307
0.0312298
0.0315672
0.0312311
0.0318666
0.0312315
0.0315656
0.0312302
0.0312303
0.0312316
0.0312288
0.0315659
0.0312319
0.03123
0.0312307
0.0318678
0.0312318
0.0312306
0.0312316
0.0315673
0.0312316
0.0312306
0.0322171
0.0312323
0.0318663
0.0315673
0.0306185
0.0312312
0.0315654
0.0312301
0.0312325
0.0312309
0.03123
0.0318683
0.0312299
0.0312318
0.0312315
0.03123
0.031231
0.0312313
0.0312299
0.0318683
0.0312309
0.0312283
0.0306174
0.031231
0.0312315
0.0318681
0.0315656
0.0315658
0.0312318
0.0312309
0.0312308
0.0312304
0.031228
0.0312304
0.0312293
0.0312326
0.0318673
0.031231
0.0318668
0.0312311
0.0315658
0.0312308
0.0312313
0.0308986
0.0318665
0.0312289
0.0312313
0.0312309
0.0315619
0.0312295
0.0312315
0.0315682
0.0312316
0.03123
0.0312297
0.0318653
0.0312325
0.0312289
0.0315659
0.0312305
0.0318695
0.0312303
0.0312291
0.0318659
0.0312314
0.0318671
0.0318679
0.0312292
0.0318676
0.0312298
0.0312298
0.0312316
0.0312316
0.0312319
0.0318702
0.0315669
0.03123
0.0315666
0.0312292
0.0315685
0.0312309
0.0315669
0.0312301
0.0312313
0.0312294
0.0312323
0.0312306
0.0312307
0.0312298
0.0312301
0.0312304
0.031565
0.0312323
0.03187
0.0315679
0.0312309
0.0312298
0.0312318
0.0312313
0.0312316
0.0312286
0.0312319
0.0312311
0.0312322
0.0312319
0.0315654
0.0312309
0.0312316
0.0312311
0.0306188
0.0312311
0.0312308
0.0312314
0.0318681
0.0312314
0.0312307
0.0318669
0.0318686
0.0312315
0.0315654
0.0312298
0.0322157
0.0318683
0.0312314
0.0308996
0.0312317
0.0312316
0.0312297
0.0318669
0.03123
0.0312322
0.0312322
0.0315657
0.0312305
0.0315655
0.0312295
0.0315673
0.031566
0.0312318
0.0312303
0.0312313
0.031229
0.0315665
0.0312308
0.0312295
0.0315659
0.0325748
0.0315658
0.0312298
0.0312307
0.0312321
0.0315647
0.03123
0.0312319
0.0312325
0.0312307
0.0312293
0.0312301
0.0312302
0.03123
0.0312311
0.0312328
0.031231
0.0312308
0.0312321
0.0312302
0.0312312
0.0312307
0.0312304
0.0315669
0.0312328
0.0315673
0.0312304
0.0312313
0.0312298
0.0315664
0.0312314
0.0315667
0.0312304
0.03123
0.0315664
0.0312299
0.0315654
0.0312303
0.0309014
0.0312305
0.0312317
0.0312301
0.0312313
0.0312318
0.0315676
0.0318677
0.031229
0.0318681
0.0312296
0.0312311
0.0312304
0.0315662
0.0312325
0.0312313
0.0318664
0.0312306
0.0312297
0.0312294
0.0312307
0.0312297
0.0312314
0.0312291
0.031227
0.0315665
0.0312273
0.0312304
0.0312306
0.0315663
0.0312279
0.0312308
0.0312297
0.0315673
0.0312303
0.0312303
0.0312313
0.0312318
0.031566
0.0312316
0.0315656
0.031231
0.0318661
0.0328954
0.0339903
0.0343169
0.0331963
0.0321524
0.0317843
0.0321523
0.0317834
0.032152
0.0317857
0.0321526
0.0317823
0.0317845
0.0317847
0.0321525
0.0317845
0.0324246
0.0317818
0.0317833
0.0317833
0.0324222
0.0317836
0.0324242
0.0317851
0.0317803
0.0321541
0.0317858
0.0317843
0.031785
0.0317819
0.031785
0.0321542
0.0317841
0.0328071
0.031785
0.0317857
0.0328094
0.033489
0.0324259
0.0321525
0.031784
0.0317836
0.0317842
0.0317822
0.0321521
0.031785
0.0324187
0.0317846
0.0321508
0.0317847
0.0317842
0.032425
0.0324238
0.0317823
0.0317859
0.0317828
0.0317848
0.0321545
0.0317872
0.0317846
0.0317853
0.0321523
0.0317829
0.032425
0.0317854
0.0328085
0.0317842
0.0317853
0.0317844
0.0324236
0.0317844
0.0321519
0.0317839
0.0317835
0.032153
0.0331981
0.0321516
0.031784
0.0317857
0.0317836
0.0321515
0.0317838
0.0321519
0.0321505
0.0324243
0.0317866
0.031784
0.0311671
0.0317833
0.0317834
0.0317844
0.0317831
0.0324243
0.0321519
0.0324228
0.0317847
0.032422
0.0317846
0.0321528
0.0321533
0.0317858
0.0317845
0.0321545
0.0317831
0.0317857
0.0324234
0.0324247
0.0324252
0.0317849
0.0321531
0.0317832
0.0317827
0.03215
0.031785
0.0317832
0.0317834
0.0328057
0.0324223
0.0317835
0.0324256
0.031786
0.0317841
0.0317838
0.032154
0.0324213
0.0334877
0.0324244
0.0321518
0.0317844
0.03117
0.0317847
0.0321502
0.0317855
0.031783
0.031783
0.031783
0.0317856
0.0317867
0.031784
0.0317846
0.0317853
0.0317838
0.0324242
0.0321543
0.0321538
0.0317851
0.0317845
0.0317841
0.0317861
0.031786
0.0317846
0.0317842
0.0317841
0.0317867
0.0317851
0.0324203
0.0317856
0.0317854
0.0317843
0.0324241
0.0317854
0.0317846
0.0317843
0.0317853
0.03215
0.0317859
0.0321533
0.0317825
0.0324207
0.0317838
0.0317852
0.0317826
0.031782
0.0321523
0.0317836
0.0317837
0.0317821
0.0317855
0.0321546
0.0324253
0.0317846
0.031785
0.0321521
0.0317811
0.0324244
0.0317843
0.0321533
0.0321509
0.0317838
0.0317844
0.0317844
0.0321523
0.0328068
0.0321524
0.032424
0.0321538
0.0317837
0.0328083
0.0317825
0.0317855
0.0317844
0.0317829
0.0317851
0.0324239
0.031784
0.0324254
0.0317837
0.0317846
0.0317819
0.0317848
0.0311703
0.0314253
0.0317848
0.0321541
0.032152
0.0317838
0.0317842
0.0321538
0.0321522
0.0317854
0.0317852
0.0317844
0.0317833
0.0317852
0.0324229
0.0324234
0.0317867
0.031169
0.0317827
0.0317846
0.0317859
0.0324222
0.0317859
0.0321546
0.0317835
0.0317856
0.0317847
0.0317832
0.0328063
0.0317847
0.0317855
0.0317836
0.0324226
0.0317841
0.0317844
0.0324241
0.0324242
0.0321516
0.0331992
0.0321492
0.0328055
0.0317851
0.0317846
0.0314224
0.0317857
0.0321526
0.0317844
0.0321553
0.0317852
0.0317865
0.0317841
0.0317827
0.0321508
0.0321514
0.0317832
0.0317856
0.0321534
0.0317841
0.0317836
0.0317827
0.0324253
0.0317856
0.0321521
0.0311682
0.032152
0.0317848
0.0317849
0.0321507
0.031785
0.0317856
0.0317847
0.0321509
0.0317848
0.0317858
0.0321536
0.0311701
0.032154
0.0332006
0.0328074
0.0321538
0.0317853
0.0317833
0.0317826
0.0328083
0.0321518
0.0317845
0.0317853
0.0324219
0.0317865
0.0324269
0.0317838
0.0324241
0.0334895
0.0324223
0.031785
0.0317807
0.0317841
0.0317837
0.0317843
0.0324246
0.0317844
0.0317852
0.0317864
0.0317847
0.0317844
0.0321508
0.0317855
0.031785
0.0321545
0.0321542
0.0317844
0.0324238
0.0317846
0.031786
0.0314234
0.0317847
0.0324238
0.0317854
0.0324217
0.0328072
0.0334889
0.0324245
0.0321531
0.0321518
0.0317845
0.0317848
0.0324239
0.0317843
0.0317811
0.0317843
0.0321537
0.0328069
0.0317857
0.0317847
0.0317839
0.0317841
0.0321503
0.0317828
0.0317843
0.0317851
0.0317845
0.0321537
0.0328075
0.0321499
0.0324235
0.0317839
0.0317846
0.0317843
0.0317838
0.0324217
0.0317816
0.0317866
0.032153
0.0311712
0.0317827
0.0317843
0.0317854
0.0317854
0.0324244
0.0317846
0.032152
0.0317847
0.0321531
0.0317858
0.0311686
0.0317847
0.0317834
0.0317838
0.0317846
0.0317847
0.0328092
0.0317863
0.0328093
0.0317861
0.0324227
0.0317847
0.0317851
0.0324237
0.0317856
0.0321513
0.0317862
0.0328067
0.0332001
0.0321538
0.0317829
0.0321525
0.0321527
0.032807
0.0321525
0.031785
0.0328083
0.0317853
0.0321526
0.0317834
0.0324233
0.0317852
0.031784
0.0317829
0.0317847
0.0321532
0.0317842
0.0317843
0.0317851
0.0311703
0.0317861
0.0317856
0.031785
0.0317848
0.0317848
0.0317838
0.0324229
0.0317848
0.031784
0.0324241
0.0324253
0.032806
0.0324244
0.0324236
0.0317866
0.0317824
0.0324206
0.0317822
0.0317836
0.0321518
0.0321525
0.0321513
0.0324224
0.0317856
0.0317852
0.0317867
0.0317852
0.0317855
0.0317836
0.0317821
0.0324227
0.0321526
0.0331981
0.0321516
0.0317863
0.0317855
0.0317864
0.0317855
0.032153
0.0324233
0.0334878
0.0328078
0.0317835
0.0317856
0.031783
0.0317855
0.0324221
0.0324225
0.0317837
0.0317836
0.03215
0.0321532
0.0331995
0.0321531
0.0324236
0.0321542
0.0332004
0.0321537
0.0317849
0.0317841
0.0314208
0.0317852
0.0317846
0.0324251
0.0324238
0.0317849
0.0317846
0.0317846
0.0317838
0.0317849
0.0317848
0.0317825
0.0317838
0.031784
0.0317837
0.0317824
0.0321532
0.0317834
0.031785
0.032153
0.0317862
0.0321534
0.0321512
0.0321514
0.0331995
0.0321527
0.0321535
0.0324235
0.0317868
0.0324251
0.0324223
0.0317825
0.0328053
0.0317861
0.0317836
0.0321515
0.0321538
0.0317854
0.0317845
0.0321546
0.0317842
0.0317861
0.032808
0.0317852
0.0317853
0.0317844
0.0317862
0.0328073
0.0321524
0.0317855
0.0317855
0.0317849
0.0317851
0.0317838
0.032153
0.032424
0.0317846
0.031782
0.0317811
0.032153
0.0311697
0.0317841
0.0317848
0.0324231
0.0317855
0.0317831
0.0324236
0.031785
0.0317844
0.0324229
0.0317837
0.0314216
0.0324233
0.0317808
0.0317854
0.0317852
0.0317852
0.0317848
0.0324234
0.0321514
0.0317844
0.0317836
0.0317865
0.0317857
0.0314236
0.0317834
0.0317848
0.0324218
0.0317856
0.0317854
0.0317828
0.0317854
0.031783
0.032807
0.0317837
0.031784
0.0317829
0.0317865
0.0321523
0.0317858
0.0321493
0.0317831
0.0317841
0.031785
0.0317857
0.0321534
0.0321534
0.0317835
0.0317867
0.0317863
0.0317837
0.0317856
0.0311698
0.0317849
0.0317855
0.0324246
0.0317852
0.0317832
0.0317843
0.0317855
0.0321548
0.0332008
0.0321507
0.032151
0.0331982
0.0321543
0.0321517
0.0321518
0.0328081
0.0317867
0.031784
0.0324258
0.0324246
0.032423
0.0317841
0.0324232
0.031784
0.031785
0.0321545
0.0317855
0.0321535
0.0317823
0.0321521
0.0317822
0.0314225
0.031785
0.0317864
0.0317838
0.0321521
0.0324245
0.031423
0.0317861
0.0317851
0.0317849
0.0317842
0.0317848
0.0317847
0.0317841
0.0324235
0.0321541
0.0328066
0.0331986
0.0321539
0.0321524
0.0321527
0.0317849
0.0321522
0.032154
0.0324237
0.031784
0.0317858
0.0317841
0.0321525
0.0317833
0.0321514
0.031782
0.0328078
0.0334883
0.0328072
0.0321529
0.0331999
0.0321541
0.0317842
0.031786
0.0317861
0.0321523
0.0317842
0.0321531
0.0321515
0.0321516
0.0321515
0.0317845
0.0324244
0.0321481
0.0311675
0.0317821
0.031784
0.0321519
0.0321519
0.0328071
0.0334874
0.0328051
0.0317861
0.0328082
0.0317824
0.0328078
0.0317852
0.0317842
0.0317849
0.0324234
0.0324237
0.0317845
0.0321515
0.0324236
0.0317833
0.0317866
0.0317848
0.0317842
0.0321519
0.0317849
0.0317855
0.0324224
0.0317824
0.0324248
0.0324237
0.0317837
0.0317843
0.0317851
0.0321528
0.0317843
0.0317851
0.0324241
0.0317841
0.0324252
0.0317849
0.0321527
0.0317856
0.0317844
0.0324223
0.0317841
0.0324251
0.0317861
0.0321525
0.0317846
0.0321523
0.0317858
0.031785
0.0317861
0.0317849
0.032154
0.0317861
0.0321523
0.0321521
0.0317843
0.0328063
0.0317854
0.0317851
0.0317838
0.0317849
0.0317856
0.0317843
0.032425
0.0324238
0.0317834
0.0317837
0.0317854
0.0328076
0.0317848
0.0317855
0.0324244
0.0321535
0.0324258
0.0317845
0.0324234
0.0317858
0.0317827
0.0317796
0.0317821
0.0321529
0.0321515
0.0317846
0.0321522
0.032424
0.031785
0.0317856
0.0317849
0.0317852
0.031783
0.0324224
0.0334879
0.0331984
0.0321513
0.0321503
0.0317837
0.0317846
0.0328074
0.0317857
0.0321524
0.0317835
0.0317844
0.0317862
0.0317857
0.0317843
0.0317833
0.0321536
0.0317847
0.0317847
0.0317846
0.0324249
0.0317846
0.0321529
0.0317831
0.0321523
0.0317838
0.0311693
0.0317848
0.0328058
0.0317848
0.0317825
0.0317814
0.0317857
0.0317849
0.0317843
0.0317842
0.032425
0.0321546
0.0311705
0.0317865
0.0317844
0.0317849
0.0317848
0.0317828
0.0324218
0.0321522
0.0317853
0.0324214
0.0324238
0.0328076
0.0317843
0.0317846
0.0317849
0.0317851
0.0317843
0.0317834
0.0317848
0.0321524
0.0321528
0.0317858
0.0317833
0.0317833
0.0317848
0.0317851
0.0317844
0.0317837
0.0317851
0.0317866
0.0317842
0.0317844
0.032153
0.0317836
0.0317853
0.0321531
0.0317861
0.0317841
0.0317824
0.0317857
0.0321533
0.032807
0.0317828
0.032424
0.0317847
0.0321534
0.0321515
0.0317831
0.0317844
0.0317847
0.0317833
0.0317852
0.0321516
0.0317833
0.0324219
0.0321521
0.0331994
0.0321516
0.0317853
0.0317846
0.0317851
0.0317857
0.0328071
0.0317855
0.0317799
0.0317862
0.0328081
0.0324243
0.0317844
0.0324241
0.0317848
0.0321533
0.0321551
0.0321529
0.0321523
0.0324249
0.0321539
0.031786
0.0317826
0.0317832
0.0317827
0.0321514
0.0331989
0.0321517
0.0317843
0.0317846
0.0324246
0.031785
0.0317848
0.0317847
0.0317852
0.0317833
0.0321542
0.0332
0.0328068
0.0317851
0.0317821
0.0317851
0.031784
0.0324247
0.0334896
0.0324231
0.0317851
0.0317857
0.0317862
0.0317856
0.0324235
0.0321534
0.0317867
0.0321533
0.0317846
0.0317833
0.0317816
0.0328066
0.0317841
0.0317839
0.031785
0.0317837
0.0321493
0.0331978
0.0321546
0.0321504
0.0317839
0.0317846
0.0317836
0.0321519
0.031783
0.032425
0.0317845
0.031783
0.0317858
0.0317852
0.0324238
0.0317833
0.0317844
0.0317848
0.0324256
0.0317832
0.0317853
0.0324253
0.0321531
0.0324236
0.0317841
0.0317836
0.0324251
0.0324235
0.0317812
0.0321551
0.0321518
0.0321527
0.0324222
0.0321535
0.0317828
0.0321512
0.0321548
0.031785
0.0321513
0.0321536
0.0317843
0.0317848
0.0324247
0.0317858
0.0317861
0.0317842
0.0324234
0.0317861
0.032154
0.0324249
0.0334882
0.0328072
0.0321541
0.0317842
0.0321534
0.0321524
0.0332004
0.0321527
0.0317855
0.0328077
0.0317842
0.0321475
0.0321531
0.0317847
0.031785
0.032425
0.0317862
0.0317842
0.031169
0.0317854
0.0321529
0.0311692
0.0317863
0.0317846
0.0317839
0.0324226
0.0317828
0.0317857
0.0321547
0.0321549
0.0321523
0.032424
0.0317853
0.0317837
0.031783
0.0317837
0.0311666
0.0317841
0.0317849
0.0317869
0.0317857
0.0317841
0.032807
0.0317841
0.0317842
0.0317837
0.0317826
0.0317849
0.0317834
0.0317857
0.0317859
0.0317852
0.0317832
0.0321522
0.0317839
0.0324257
0.0317827
0.0317844
0.0321512
0.0317824
0.0317847
0.0324218
0.0321526
0.0317835
0.0324246
0.0334894
0.032425
0.031785
0.0317859
0.0324247
0.031785
0.0324242
0.0321497
0.0317858
0.0317851
0.0317836
0.0328069
0.0317838
0.0317854
0.0317833
0.0317836
0.032151
0.0317864
0.0321524
0.0317849
0.0317847
0.0328077
0.0328079
0.0321529
0.0321511
0.0324235
0.0317846
0.0324233
0.0317843
0.0317834
0.031784
0.0321525
0.0317827
0.0317847
0.0317871
0.0324253
0.0324232
0.0317837
0.0328073
0.0317857
0.0321544
0.0324234
0.0321511
0.0317847
0.0317856
0.0317843
0.0317819
0.0317859
0.0321527
0.0321524
0.0317841
0.0321521
0.0324232
0.0317832
0.0317846
0.0317844
0.0324255
0.032153
0.0317845
0.0321532
0.0317829
0.0324233
0.0321526
0.0317856
0.0317856
0.0317859
0.0317851
0.0311672
0.0317841
0.0317834
0.0317843
0.0317863
0.0317851
0.0317849
0.0324257
0.0321527
0.0317834
0.0321508
0.0317861
0.0317849
0.0317843
0.0317856
0.0317833
0.0321522
0.0324225
0.0324232
0.0321519
0.0317845
0.0317845
0.0317835
0.0324243
0.032426
0.0317845
0.0317853
0.0317847
0.0317852
0.0321525
0.031783
0.0317847
0.0324249
0.0321526
0.0317838
0.0324253
0.0317837
0.0328055
0.0317828
0.0321508
0.031782
0.0321521
0.031782
0.0328048
0.0321525
0.031785
0.0317846
0.0321516
0.0317845
0.031784
0.0324235
0.0324236
0.0328067
0.0324229
0.0317843
0.0317845
0.0321528
0.0317852
0.0317849
0.0317842
0.0317812
0.0324245
0.0317853
0.0321533
0.0317853
0.0324223
0.0324238
0.0324246
0.0321525
0.0317853
0.031785
0.0317831
0.0317846
0.0317847
0.0321522
0.0317803
0.0317851
0.032425
0.031786
0.0324238
0.0334851
0.0324201
0.0317846
0.0324244
0.0324243
0.0317862
0.0317834
0.0317843
0.0328075
0.0324244
0.0321521
0.0317833
0.0317845
0.0317848
0.0324228
0.0317871
0.0321538
0.0317866
0.0317845
0.0317843
0.0317857
0.0317835
0.031785
0.0317848
0.0317858
0.0317845
0.0311673
0.0317841
0.0321526
0.0317879
0.032423
0.032425
0.031785
0.0317859
0.0324208
0.0317849
0.0314232
0.0317855
0.0321511
0.0311711
0.0317827
0.0321539
0.0317839
0.0324233
0.0317829
0.0321533
0.0321538
0.031785
0.0321528
0.0317839
0.0321545
0.032423
0.0321543
0.0317826
0.0317854
0.0317848
0.0321532
0.0317847
0.0317854
0.0317866
0.0317855
0.0321527
0.0331996
0.0321526
0.0324231
0.031786
0.0324252
0.0317863
0.0317846
0.0324243
0.0317858
0.0321529
0.0324249
0.0317855
0.0328052
0.0317842
0.0317857
0.0317858
0.0317842
0.031784
0.0324254
0.0324226
0.0328071
0.032424
0.032423
0.0321521
0.0331994
0.0328074
0.0317848
0.0317833
0.0321532
0.0317842
0.0317844
0.031784
0.0317847
0.031783
0.0317855
0.0324235
0.0321508
0.0324232
0.0334883
0.0324237
0.031784
0.0324231
0.0317847
0.032808
0.0317843
0.0328062
0.031783
0.0321542
0.0321527
0.0324232
0.0324241
0.0321516
0.0317821
0.0317826
0.0328062
0.0317835
0.0317832
0.0324243
0.031785
0.03178
0.0317818
0.0321518
0.0317843
0.0317838
0.0317829
0.0317834
0.0321542
0.0317853
0.0317853
0.0324194
0.0321525
0.0317841
0.0317851
0.0317855
0.0317855
0.032424
0.0317835
0.0317851
0.0317862
0.0317834
0.0317846
0.0317845
0.0317843
0.0321518
0.031785
0.0317838
0.0317842
0.0324233
0.0317851
0.0321526
0.0317857
0.0317857
0.0317843
0.0317848
0.0317851
0.032154
0.0317858
0.0317844
0.031785
0.032426
0.0324244
0.0321547
0.031786
0.0317859
0.0317828
0.0317851
0.0317846
0.0317847
0.031785
0.031785
0.0317829
0.0317846
0.0317839
0.0317847
0.0317856
0.0317846
0.0317831
0.0324231
0.032424
0.0321546
0.0317856
0.032425
0.0317828
0.0328077
0.032151
0.0317846
0.032422
0.0317839
0.0317853
0.0324254
0.0334875
0.0328063
0.0317845
0.0317861
0.0317832
0.0317849
0.0317847
0.0317841
0.0317853
0.0317854
0.0317854
0.0324233
0.032152
0.0321531
0.0321521
0.0311687
0.0317848
0.0317845
0.0317843
0.0324222
0.031786
0.0317847
0.0317834
0.0317842
0.0321534
0.0321522
0.0317842
0.0328046
0.0321509
0.031786
0.0317835
0.0328065
0.032805
0.0317851
0.0321523
0.0317847
0.0321518
0.0324254
0.031786
0.0317843
0.0317838
0.0317848
0.0317829
0.0324252
0.0334883
0.0324234
0.0317847
0.0317843
0.0311681
0.0317838
0.0317848
0.0321525
0.0321528
0.0317852
0.0317841
0.031784
0.0317848
0.031785
0.032154
0.0317843
0.0317849
0.0321488
0.0321534
0.0324245
0.0324237
0.0317823
0.0317835
0.0321542
0.0317834
0.0317843
0.0317845
0.0317838
0.0321507
0.0317843
0.0317845
0.0317856
0.0317865
0.0324241
0.0317868
0.0317866
0.0321533
0.0317839
0.0317813
0.0317844
0.0317822
0.0317849
0.0317839
0.0321521
0.031784
0.0317835
0.0317836
0.0317851
0.0317847
0.0317853
0.0317858
0.0317852
0.0317847
0.0324249
0.0317852
0.0317833
0.031784
0.0317849
0.0328078
0.0334879
0.0324219
0.0317853
0.0324248
0.0317834
0.0317833
0.0317853
0.0328063
0.0317843
0.0317853
0.032423
0.0317868
0.0317845
0.0324241
0.0317838
0.0324241
0.0317851
0.0321516
0.0317857
0.0317855
0.0317852
0.0321526
0.0317846
0.0317846
0.0317847
0.031786
0.0317824
0.031783
0.0317846
0.0317856
0.0321532
0.0317843
0.0328077
0.0317853
0.0317841
0.0311697
0.0317849
0.0321528
0.0317857
0.0321509
0.0317846
0.0321535
0.0317835
0.0317846
0.0321531
0.0317827
0.0314229
0.031784
0.0321533
0.0321532
0.0324224
0.0317836
0.031785
0.0317855
0.0317848
0.0317845
0.0317839
0.0324252
0.0317842
0.0324236
0.0314249
0.0317861
0.031785
0.0321517
0.032154
0.0324249
0.0317836
0.0317846
0.0317844
0.0328075
0.0317849
0.0317849
0.0317822
0.0324209
0.0314227
0.0317839
0.0317851
0.0317842
0.031784
0.0317836
0.0317854
0.0317829
0.0317845
0.032153
0.0317849
0.0321534
0.0317858
0.031784
0.031782
0.032152
0.0317833
0.0317863
0.0324242
0.0328085
0.031786
0.0317822
0.0317843
0.0321521
0.0332007
0.0321516
0.0317855
0.031786
0.0317846
0.0328088
0.0317837
0.0317845
0.0328074
0.0321539
0.0317837
0.0317853
0.0328067
0.0331951
0.0321537
0.0317833
0.0324241
0.0317854
0.0317854
0.0317837
0.0321539
0.0317842
0.0321512
0.0321514
0.0317836
0.0317858
0.0317834
0.031785
0.0317833
0.0321487
0.0321536
0.0317844
0.0324229
0.0321523
0.0317841
0.0317843
0.0317843
0.0317837
0.0317851
0.0321532
0.0317828
0.0317855
0.031785
0.0317845
0.0317853
0.0314241
0.0317847
0.032154
0.0311701
0.0317853
0.0317861
0.0317819
0.0317854
0.0317862
0.0317842
0.0328064
0.0324231
0.0317832
0.0317862
0.0317852
0.031787
0.0317822
0.032425
0.032808
0.0324244
0.0317864
0.0317843
0.032154
0.0317829
0.0317834
0.0317832
0.0321514
0.0332009
0.0328069
0.0317849
0.0321512
0.0317848
0.0317859
0.0317869
0.0324247
0.0317848
0.0321522
0.0324242
0.0317847
0.0328072
0.0321536
0.0324236
0.0324249
0.0324236
0.0317843
0.0317838
0.0321531
0.0328067
0.032806
0.0317862
0.0317848
0.0317852
0.0311675
0.0321527
0.0317834
0.0317843
0.031787
0.0317837
0.0317848
0.0317832
0.0324196
0.0317836
0.0317834
0.0321527
0.0324253
0.0317842
0.0324254
0.0317836
0.0324239
0.031784
0.0324206
0.0317858
0.0321513
0.0317855
0.0321509
0.0324235
0.0317831
0.0321551
0.0321527
0.0317842
0.0321528
0.0317836
0.0317825
0.0317842
0.0317844
0.0317852
0.0324249
0.0321527
0.0317837
0.0317849
0.0317854
0.0317852
0.0317824
0.0321517
0.0317848
0.0317854
0.0317836
0.0317849
0.0317843
0.0324253
0.0324242
0.0317855
0.0317807
0.0321509
0.0317834
0.0317842
0.0324255
0.0321524
0.0317858
0.0321527
0.0321509
0.0317858
0.0321501
0.0317837
0.0324244
0.0324234
0.0317851
0.0317816
0.0317852
0.0317834
0.0317855
0.0321518
0.0324227
0.0321517
0.0317838
0.0317853
0.0317836
0.0317854
0.0317857
0.0317866
0.031785
0.0324247
0.0324253
0.0334866
0.0328094
0.0317851
0.0317845
0.0317832
0.0317842
0.0321517
0.0321503
0.0321526
0.0324235
0.0317847
0.0328071
0.0321531
0.0331982
0.0328058
0.032422
0.0317841
0.031782
0.0317851
0.0317834
0.0317844
0.0317844
0.0317856
0.0317831
0.031785
0.0317851
0.0321513
0.0317847
0.0321524
0.0317854
0.0317844
0.0317828
0.0317853
0.0321532
0.0317854
0.0317852
0.0324236
0.0321533
0.0317837
0.0317831
0.032424
0.0321525
0.0317858
0.0324257
0.0324235
0.0324236
0.0317834
0.0324229
0.0317858
0.0317857
0.031423
0.0317843
0.0324237
0.0317842
0.0317857
0.0317828
0.0317846
0.0321539
0.0317845
0.0328075
0.0324241
0.0317831
0.0317841
0.0317859
0.0324247
0.0321541
0.0321507
0.0317847
0.0317848
0.0324235
0.0317839
0.0317845
0.0317849
0.0324238
0.0317855
0.0317838
0.0317851
0.0317857
0.0317834
0.031782
0.031784
0.032152
0.0317854
0.032421
0.0324241
0.0317856
0.0321536
0.0317854
0.0324239
0.0317845
0.0317849
0.0317859
0.0317826
0.0317841
0.0321526
0.0317839
0.0317834
0.0317843
0.0324247
0.0324259
0.0334876
0.0324235
0.0317829
0.0321536
0.032424
0.0317864
0.0317856
0.0324224
0.0324238
0.0321526
0.0321514
0.0328074
0.0317833
0.0321541
0.0324237
0.0321537
0.0321527
0.0317841
0.0317817
0.0317843
0.0317847
0.0317843
0.0317861
0.0317854
0.0317854
0.0321539
0.0317851
0.0324227
0.0324243
0.0334897
0.0328067
0.0317851
0.0317847
0.0317834
0.0328074
0.0317851
0.0321521
0.0328057
0.031784
0.0317846
0.0317825
0.0324245
0.031784
0.0317856
0.0317843
0.0321513
0.0324259
0.032153
0.0324236
0.0324239
0.0321522
0.0317845
0.0317842
0.0324242
0.032424
0.0317856
0.0317842
0.0317845
0.0314218
0.0317838
0.0317832
0.0321527
0.0317842
0.0317848
0.0324215
0.0321516
0.0324251
0.0317847
0.0321526
0.0324229
0.0324231
0.0317851
0.0324237
0.0321533
0.0317857
0.0317842
0.0324247
0.0317831
0.0321543
0.0311677
0.0317853
0.0317834
0.0317853
0.0317845
0.0317845
0.0317845
0.0317859
0.0321534
0.0317847
0.0317849
0.0317858
0.0317846
0.0321527
0.031785
0.0317854
0.0321526
0.0317852
0.032154
0.0317832
0.0317848
0.0321532
0.0317845
0.0317849
0.0317842
0.0317844
0.0317852
0.0317839
0.0317858
0.0317855
0.0328074
0.0324217
0.0317822
0.0317845
0.0324244
0.0317827
0.0321527
0.0317823
0.032152
0.0317828
0.0317842
0.0324222
0.0317846
0.0324234
0.0317859
0.0317842
0.031786
0.0324253
0.0317847
0.0324224
0.0324235
0.0317825
0.0311696
0.0321527
0.0317847
0.0321514
0.0324241
0.0317855
0.0317841
0.032153
0.0317847
0.032154
0.0324227
0.0317858
0.0317851
0.031785
0.0317844
0.0317843
0.032424
0.0334861
0.0334871
0.0346247
0.0349149
0.0337588
0.0326771
0.0322759
0.0326766
0.0316627
0.0322751
0.0322757
0.0322772
0.0322761
0.0329125
0.0322775
0.0326765
0.0329138
0.032275
0.0326788
0.0333321
0.0322768
0.032276
0.0326759
0.0322771
0.0329147
0.0322759
0.0322748
0.0322758
0.0322734
0.0329148
0.0333301
0.0326779
0.0326773
0.0333327
0.0340122
0.0329118
0.0329132
0.0329149
0.0326758
0.0322781
0.032276
0.0322765
0.0329141
0.0326764
0.0322759
0.0322764
0.0326763
0.0326774
0.0322756
0.0322766
0.0322761
0.0329158
0.034013
0.0329147
0.032275
0.0322766
0.0322756
0.0322749
0.0322763
0.0329137
0.0333304
0.0329141
0.0329145
0.0322783
0.0322773
0.0333313
0.0322754
0.0322777
0.0322758
0.0322772
0.0322764
0.0322784
0.0318835
0.0322761
0.0322774
0.032276
0.0326768
0.0322791
0.0329145
0.032277
0.0322778
0.0329113
0.0322788
0.0326753
0.0322763
0.0322765
0.0322747
0.0322766
0.0329118
0.0322774
0.0322737
0.0322735
0.0322765
0.0322753
0.0326784
0.0322772
0.0322772
0.0326773
0.0333317
0.0322777
0.0333319
0.0322771
0.0322777
0.0326759
0.0322769
0.032275
0.0329133
0.0322758
0.0329166
0.0322769
0.0322773
0.0329143
0.0322753
0.0329149
0.0322782
0.0322766
0.0326764
0.0337582
0.0326768
0.0329153
0.032276
0.0322754
0.0322751
0.0326749
0.0326796
0.0326791
0.0322757
0.0322722
0.0322753
0.0322769
0.0322753
0.0322771
0.0322757
0.0322744
0.032912
0.0326771
0.0337577
0.0326775
0.0322768
0.0322751
0.0322764
0.0322774
0.0322736
0.0322779
0.0326772
0.0329153
0.0326771
0.0322775
0.0322761
0.0322778
0.0333305
0.0326763
0.032276
0.0322752
0.0322775
0.031662
0.032275
0.0322778
0.0322742
0.0322759
0.0322754
0.032673
0.0322778
0.0322778
0.032275
0.0329139
0.0340126
0.0329129
0.0333305
0.0326777
0.0329149
0.0329121
0.0326787
0.0329149
0.0326783
0.0322764
0.0333316
0.0322761
0.0322747
0.0329112
0.0322771
0.0326772
0.0329144
0.0326767
0.0322768
0.0322779
0.0322765
0.032275
0.0322765
0.0322775
0.0322764
0.0322757
0.032915
0.0340116
0.032914
0.0322757
0.0329124
0.0322762
0.0322768
0.032677
0.0322777
0.0329146
0.0322767
0.0333281
0.0329157
0.0322775
0.0329147
0.0329152
0.032278
0.0322765
0.0322755
0.0333315
0.0322742
0.0322768
0.032279
0.0326765
0.032276
0.0322779
0.0316646
0.0322753
0.0322767
0.0329148
0.0322763
0.0329136
0.033331
0.0322756
0.0322764
0.0326751
0.0322773
0.0333323
0.0322773
0.0329134
0.032277
0.0322765
0.0322755
0.0322778
0.0322763
0.032275
0.0322761
0.032675
0.0316631
0.0322751
0.0326787
0.0329136
0.0326774
0.0322775
0.033334
0.0329147
0.0326777
0.0326779
0.0322767
0.0322768
0.0326775
0.0322761
0.0322772
0.0322755
0.032916
0.0329104
0.0322752
0.0326782
0.0322705
0.0322761
0.0326761
0.0322764
0.032272
0.0322759
0.0333294
0.0337587
0.0326785
0.0322752
0.0322762
0.032678
0.0322768
0.0322776
0.0322779
0.0322773
0.0322769
0.032914
0.0326785
0.0326765
0.0322777
0.0322767
0.0326754
0.0322767
0.0322774
0.0326761
0.0333308
0.0326785
0.033759
0.0326785
0.0322777
0.0322768
0.0322758
0.0322753
0.0322786
0.033332
0.0322769
0.0322745
0.0322779
0.0322782
0.0329157
0.0333302
0.0326785
0.0322763
0.0322772
0.0322743
0.032677
0.0322777
0.0322734
0.0322761
0.032676
0.0322767
0.0322789
0.0322767
0.0318844
0.0322755
0.0329139
0.0329119
0.0329134
0.0326756
0.0333315
0.0329166
0.0326796
0.0322769
0.032276
0.0322749
0.0322766
0.0322778
0.0322755
0.0322757
0.0322782
0.0316635
0.0322772
0.0326779
0.0322768
0.0322784
0.0326767
0.0322761
0.0322772
0.0329157
0.0322762
0.0322727
0.0322768
0.0322773
0.0322769
0.0329146
0.0326791
0.0322769
0.0322789
0.033333
0.0322732
0.0322753
0.0333305
0.0337579
0.0326776
0.0329151
0.0322781
0.0329147
0.0340117
0.0329132
0.0322773
0.0322759
0.0333318
0.0322774
0.0322773
0.0322778
0.032277
0.0326783
0.033756
0.0326774
0.0322757
0.0322781
0.0326778
0.0329126
0.032276
0.0326776
0.0322779
0.0333289
0.0326767
0.0322775
0.0326783
0.0322748
0.0329151
0.0322744
0.0326786
0.033331
0.0326763
0.0329139
0.0322757
0.0322758
0.0322773
0.0322762
0.0322764
0.0322782
0.0322784
0.0322768
0.0322761
0.0326789
0.0322784
0.0322768
0.0322747
0.032276
0.0329155
0.0322775
0.0322771
0.0316633
0.0322763
0.032278
0.0322759
0.0322758
0.0322751
0.0326773
0.032276
0.0322771
0.0329151
0.0322765
0.0322766
0.0322755
0.0322787
0.0326767
0.0316628
0.0322779
0.0316611
0.0322718
0.0322774
0.0322703
0.0322769
0.0322771
0.032276
0.0322757
0.032278
0.0322757
0.0322763
0.0322766
0.0326774
0.0329158
0.0326775
0.03376
0.0326783
0.0322762
0.0329147
0.0322756
0.0322774
0.0322776
0.0326769
0.0322743
0.0322753
0.0322752
0.0322762
0.0326784
0.033329
0.0329147
0.0329122
0.0329154
0.0333296
0.0322757
0.0322763
0.0326757
0.0322772
0.0318857
0.0322744
0.032274
0.0326782
0.0322749
0.0322761
0.0326785
0.0322792
0.0322781
0.0326754
0.0322764
0.0318841
0.0322757
0.0322773
0.0322752
0.0322768
0.0318852
0.0329146
0.0329137
0.0322779
0.0322755
0.0322781
0.0333293
0.0322743
0.0326779
0.0326785
0.0322775
0.0322778
0.0322755
0.0322757
0.032277
0.0329151
0.0322753
0.0322764
0.0322757
0.0333317
0.0322744
0.0329151
0.0322762
0.0322769
0.0322773
0.0322754
0.0329129
0.0329135
0.0322768
0.0322749
0.0322751
0.0316623
0.0322759
0.0322768
0.0322755
0.0322766
0.0329124
0.0322767
0.0326801
0.0322764
0.032277
0.0322754
0.032913
0.0322776
0.0326781
0.0326756
0.0337597
0.0333314
0.0326734
0.0322746
0.0322761
0.032277
0.0322763
0.0333306
0.0322773
0.032277
0.0322777
0.0326759
0.0333321
0.0326782
0.0329166
0.0322787
0.0329154
0.0322736
0.032275
0.0329143
0.0322745
0.0322745
0.032915
0.0340122
0.0329118
0.032277
0.0322774
0.0322763
0.032277
0.0329136
0.032275
0.0322776
0.0322767
0.0322775
0.0322768
0.0329165
0.0329131
0.0322769
0.0322781
0.0329111
0.0322754
0.0322742
0.032273
0.0333291
0.0333287
0.0326756
0.0322751
0.0322771
0.0326785
0.0322724
0.0322753
0.0322761
0.0322763
0.0322766
0.0322758
0.032915
0.0322757
0.0322758
0.0322764
0.0322769
0.0322764
0.0322771
0.0326767
0.0322767
0.0322768
0.0322766
0.0329141
0.0318805
0.0322753
0.0322774
0.0322767
0.0322778
0.0322758
0.0322777
0.0326762
0.0337584
0.0326747
0.0329128
0.0322753
0.0326786
0.0322759
0.0322739
0.0329147
0.0322761
0.0322768
0.0329165
0.0322762
0.0333286
0.0322759
0.0322772
0.0322749
0.0329141
0.0329137
0.0322762
0.0329146
0.0340125
0.0333313
0.0322763
0.0326774
0.032678
0.0322748
0.0326774
0.032277
0.0333298
0.0333293
0.0322775
0.0329138
0.032272
0.0322768
0.0322737
0.0326786
0.0326787
0.0337602
0.0326783
0.032276
0.0322761
0.0329156
0.0322767
0.032277
0.0326774
0.0322765
0.031885
0.0322767
0.0326743
0.0329138
0.0340139
0.0329125
0.0322755
0.0322777
0.0322766
0.0322766
0.0329153
0.0326781
0.0322736
0.0326777
0.0322739
0.032276
0.0322756
0.0329145
0.0326782
0.0322769
0.0326778
0.0322774
0.033329
0.0329132
0.0318869
0.0318859
0.0322781
0.0322777
0.0329141
0.0322758
0.0329125
0.032277
0.032275
0.032275
0.0322758
0.0329158
0.032912
0.0329134
0.0322768
0.0322749
0.0322766
0.0326745
0.032275
0.032914
0.0322755
0.0322746
0.0322762
0.0326773
0.0326748
0.032276
0.0322763
0.0326772
0.0326782
0.0326776
0.0322766
0.0322765
0.0322738
0.032277
0.0329146
0.0326773
0.0333315
0.0326792
0.0329149
0.0333311
0.0326779
0.032678
0.0326773
0.0322771
0.0326781
0.0322755
0.032916
0.0326782
0.0326772
0.0329141
0.0329132
0.0322756
0.0322762
0.032277
0.0322756
0.0329113
0.0333305
0.0322766
0.0322765
0.0326778
0.0333313
0.033757
0.0326784
0.0329157
0.0322769
0.0333318
0.0322781
0.0322756
0.0322745
0.0326771
0.0322776
0.0326762
0.0322768
0.032277
0.0326767
0.0322774
0.0322764
0.0318833
0.0322773
0.0316627
0.0322766
0.0322772
0.032276
0.0326778
0.0326778
0.0322751
0.0326778
0.0322765
0.032914
0.0322778
0.0322745
0.0333305
0.0322778
0.0322771
0.0326743
0.0329119
0.0322775
0.0322773
0.0326782
0.0329148
0.0322783
0.0322764
0.0326788
0.0322761
0.0322782
0.0318853
0.0322765
0.0326776
0.0326764
0.0322774
0.0326764
0.0326774
0.032276
0.032276
0.0326774
0.0322779
0.0322765
0.0322734
0.0326742
0.0329148
0.0322756
0.0329137
0.0326768
0.0322758
0.032274
0.0329142
0.0322775
0.0322764
0.0322771
0.0322755
0.032276
0.0326715
0.0322785
0.0322754
0.0329133
0.0340126
0.0329133
0.0326772
0.0322772
0.0322742
0.0322775
0.0322766
0.0333321
0.0322753
0.0333318
0.0322736
0.0322758
0.0322766
0.0322769
0.0326774
0.032274
0.0322774
0.0333317
0.0329153
0.0322764
0.0322741
0.0326748
0.0322763
0.0326798
0.0326771
0.0329139
0.0322766
0.0322768
0.0316605
0.0318844
0.032277
0.0322747
0.032277
0.0322763
0.0322749
0.0322771
0.032278
0.0322779
0.0322788
0.032915
0.0322776
0.0326779
0.0322782
0.0322752
0.0322773
0.032677
0.0322765
0.0329161
0.032275
0.0322762
0.0322761
0.0322742
0.0326764
0.0316598
0.0322778
0.0329132
0.0322764
0.0326791
0.032278
0.0322765
0.0322777
0.0326782
0.0322755
0.0329134
0.0322767
0.0329142
0.0329138
0.0326768
0.0322763
0.0322773
0.032275
0.032276
0.0322741
0.0322762
0.0322761
0.0326777
0.0329145
0.0322765
0.0322768
0.0322763
0.0322735
0.0322762
0.032277
0.0322759
0.0322713
0.0329134
0.0326767
0.0326779
0.0326757
0.0322766
0.0322769
0.0322753
0.0326749
0.0322765
0.0326776
0.0337591
0.0333275
0.032277
0.0322757
0.0322751
0.0322763
0.0326799
0.032914
0.0322756
0.032678
0.0337559
0.0333317
0.0322776
0.0322772
0.0322778
0.032277
0.0316626
0.0322774
0.0322771
0.0326768
0.0322758
0.0322776
0.0322777
0.0322769
0.0322787
0.0322786
0.0322784
0.0329159
0.0322762
0.032278
0.032915
0.0322757
0.0326752
0.0326765
0.0322778
0.0326767
0.0333298
0.0340099
0.0329136
0.0322755
0.031885
0.032276
0.0322761
0.0326775
0.0333292
0.0326786
0.0322749
0.032277
0.0322751
0.0322778
0.032276
0.0322741
0.0322772
0.0322743
0.0329125
0.0322774
0.0333305
0.0322762
0.0322764
0.0322781
0.0322773
0.0329141
0.0318781
0.0322746
0.0333312
0.032914
0.0326779
0.0329112
0.031882
0.0322772
0.0322767
0.032279
0.0322779
0.0322771
0.0326782
0.0322772
0.0326776
0.0322767
0.0322772
0.0329146
0.0322783
0.032278
0.0326779
0.0322775
0.0326796
0.0322744
0.0326762
0.0322772
0.0322772
0.0322752
0.0322777
0.032913
0.032278
0.0322765
0.0322742
0.0322774
0.0322773
0.0322778
0.0322783
0.0322765
0.0333316
0.0322729
0.0322757
0.032274
0.0322755
0.0322755
0.0322743
0.0326765
0.0316615
0.0322752
0.0322771
0.0322747
0.0322745
0.0322759
0.0329142
0.0322751
0.0322782
0.0322768
0.032276
0.0322749
0.0322764
0.0322775
0.0322769
0.0322769
0.0316587
0.0322776
0.032677
0.0322776
0.032274
0.0326773
0.0322785
0.0322776
0.0322767
0.0322758
0.0322767
0.0322761
0.0322751
0.0322771
0.0333318
0.0322764
0.0322763
0.0326777
0.0322752
0.0318858
0.0322759
0.0333315
0.0322773
0.0329138
0.0326768
0.0322762
0.0326803
0.0326768
0.0326782
0.032277
0.0322759
0.0322751
0.0322753
0.0329149
0.0322758
0.0322774
0.0322771
0.0322767
0.0322765
0.0322754
0.0326774
0.032277
0.0322767
0.0329125
0.0326768
0.0322777
0.0329155
0.0326773
0.0322767
0.0316632
0.0322756
0.0322756
0.0326763
0.0329142
0.0322778
0.0322775
0.0326792
0.0329153
0.0322754
0.0322791
0.0322759
0.0322764
0.0322773
0.0322771
0.0322735
0.0322757
0.0329154
0.0322757
0.0322775
0.0322753
0.0322746
0.032275
0.0322748
0.0326749
0.0322725
0.0322766
0.0322761
0.0322761
0.0326776
0.0337585
0.0326763
0.0322724
0.0333318
0.0322759
0.0326796
0.032277
0.0326768
0.0322766
0.0326776
0.033332
0.0329146
0.0322758
0.0322752
0.0326767
0.0322756
0.0329144
0.0322776
0.0322772
0.0316637
0.0322765
0.0322771
0.0322792
0.0322767
0.0322757
0.0329112
0.0326778
0.032277
0.0322751
0.03291
0.0340128
0.0329109
0.032276
0.0322777
0.0326793
0.0326791
0.0322765
0.0329164
0.032679
0.0322773
0.0326784
0.0322777
0.0322724
0.0322775
0.0326761
0.0326764
0.0322755
0.0322758
0.0322753
0.032277
0.0322753
0.0322767
0.0322773
0.0322761
0.0322747
0.032277
0.0322752
0.0322714
0.0326764
0.0322745
0.0326778
0.0326771
0.0326788
0.0322751
0.0322758
0.0322741
0.032276
0.0322763
0.03333
0.0322755
0.0333333
0.0322789
0.0329146
0.0326786
0.0322752
0.0329126
0.0329135
0.0326771
0.0326764
0.0322782
0.0322764
0.0333315
0.0322766
0.0322751
0.0322768
0.0318835
0.0322768
0.0322758
0.0322745
0.0329146
0.0326747
0.0322771
0.0322767
0.0329152
0.0322756
0.0316635
0.0322769
0.0326776
0.0322767
0.032277
0.0322754
0.0329148
0.0322769
0.0326753
0.0322782
0.0322784
0.0322772
0.0322774
0.032677
0.0322779
0.0322776
0.0322746
0.0322764
0.0322737
0.0322762
0.0322771
0.0322775
0.0322758
0.0322764
0.0322754
0.0329152
0.0318837
0.0322759
0.032914
0.032914
0.0326766
0.0322736
0.0316626
0.0326746
0.032277
0.0322758
0.0322744
0.0326754
0.0322759
0.0326769
0.0329141
0.032278
0.0322773
0.0329127
0.0318825
0.032276
0.0322768
0.0329142
0.0322742
0.0322732
0.0326772
0.0322769
0.0322748
0.0322768
0.0322753
0.032915
0.0326785
0.0322772
0.0326782
0.0329145
0.0329151
0.0322779
0.0322765
0.032278
0.032275
0.0322757
0.0322759
0.0329134
0.0333321
0.0344573
0.0333304
0.0322766
0.0322772
0.0329146
0.0326761
0.0316594
0.0322763
0.0322778
0.0326785
0.0326778
0.0322756
0.0322789
0.0322763
0.0329128
0.0329139
0.0333326
0.0337564
0.0326782
0.0329129
0.032277
0.0322744
0.03268
0.032915
0.0322773
0.0322749
0.0322778
0.0326778
0.0326772
0.0322764
0.032276
0.0322758
0.0329153
0.0340113
0.0329149
0.032276
0.0322754
0.0322766
0.0333315
0.0326756
0.0326768
0.0326777
0.032276
0.0326788
0.0322762
0.0322766
0.0329136
0.0329146
0.0322787
0.0326769
0.0329171
0.0322751
0.0322763
0.0322768
0.0322726
0.0322761
0.032275
0.0322778
0.0312827
0.0322763
0.0329133
0.032917
0.0326774
0.0322767
0.0326794
0.0329135
0.0322738
0.0322766
0.0329136
0.0322722
0.0326785
0.0322763
0.0322752
0.0322787
0.0322746
0.0322766
0.0329142
0.03401
0.0329132
0.0326767
0.032679
0.0333308
0.0329125
0.0322744
0.032276
0.0326762
0.0322754
0.0329138
0.0322764
0.032279
0.0322764
0.0326779
0.0329137
0.0322778
0.0333326
0.0322763
0.0326771
0.0329152
0.0322747
0.0322785
0.0322764
0.0322734
0.0322748
0.0322755
0.0322756
0.0322762
0.0318834
0.0322755
0.0329129
0.0329151
0.0322752
0.0322754
0.0329125
0.032275
0.0322771
0.0326766
0.0333329
0.0322774
0.0322765
0.0322761
0.0329152
0.0322764
0.0326781
0.0322766
0.0329131
0.0326783
0.0322792
0.032278
0.032276
0.0318856
0.0322758
0.0322746
0.0322751
0.0318858
0.0322776
0.0322763
0.0329159
0.0322766
0.0322764
0.0322766
0.0322758
0.0322762
0.0333319
0.0322767
0.0322775
0.0322765
0.032913
0.0329138
0.0322778
0.0322758
0.0322765
0.0329138
0.0322758
0.0326753
0.0322764
0.0329152
0.0322758
0.0322778
0.0326758
0.0326764
0.0326768
0.0329143
0.0322768
0.0333326
0.032277
0.0326763
0.0322759
0.0326767
0.0337572
0.0326772
0.0322761
0.032276
0.0326766
0.0322767
0.0329135
0.0326779
0.0322757
0.03268
0.0322736
0.0322758
0.0322763
0.0322775
0.0322757
0.032915
0.0322769
0.0322771
0.0322743
0.0312824
0.0322765
0.0322767
0.0322771
0.0322756
0.0322778
0.0316605
0.0326781
0.0333312
0.0322753
0.0322779
0.032914
0.032277
0.0326767
0.0322758
0.032277
0.0322761
0.0322753
0.0322756
0.0322759
0.0322762
0.0322766
0.0322767
0.0329143
0.0333294
0.0329124
0.0333319
0.0333308
0.0326773
0.0322765
0.032277
0.03333
0.0322752
0.0322737
0.0318827
0.0322762
0.0322775
0.0322761
0.0329147
0.0322772
0.0322765
0.032276
0.032277
0.0329142
0.0322758
0.0333291
0.032275
0.0329141
0.0329137
0.0326776
0.0322768
0.032276
0.0316621
0.0322773
0.0322757
0.0322764
0.0322772
0.0316623
0.0322758
0.032675
0.0329128
0.0326776
0.0337576
0.0326764
0.0322763
0.0322756
0.0322765
0.0322757
0.0322782
0.0322758
0.0322745
0.0322759
0.0322758
0.0322764
0.0329142
0.0322777
0.0329147
0.0322762
0.0322752
0.0333286
0.0322739
0.0329165
0.032915
0.0326786
0.0322738
0.0322752
0.0322775
0.0322769
0.0326773
0.0322769
0.0322759
0.0322774
0.0322754
0.0329144
0.0322763
0.0322766
0.032278
0.0329144
0.0322771
0.0322761
0.0329144
0.032275
0.0322778
0.0322774
0.0322745
0.0322757
0.0326786
0.0322727
0.0329119
0.0326783
0.0322746
0.0322765
0.032275
0.0322756
0.0322759
0.0322774
0.0326767
0.0322751
0.0329141
0.0326776
0.032675
0.0322751
0.032274
0.032275
0.032276
0.0322758
0.032275
0.0322762
0.0322734
0.0322752
0.032277
0.0322772
0.032277
0.0322748
0.0322767
0.0316627
0.0322742
0.0322763
0.0322761
0.0322779
0.0322762
0.0322762
0.0322768
0.0329139
0.0322769
0.0326783
0.0322775
0.0326768
0.0322767
0.0322757
0.0329132
0.0322751
0.0333307
0.032277
0.032278
0.0322781
0.0322747
0.0322753
0.0326781
0.0326766
0.0337603
0.0326783
0.0322779
0.0329139
0.0340136
0.032914
0.0333321
0.0322778
0.0329135
0.032276
0.0322747
0.0326777
0.0322772
0.0329141
0.0322744
0.0322752
0.0322769
0.0322769
0.0329136
0.0322784
0.0322754
0.0329146
0.0322774
0.032278
0.0322756
0.0322753
0.0322737
0.0322764
0.0329134
0.0329156
0.0322763
0.0326774
0.0326785
0.0322768
0.0322786
0.0322765
0.0329128
0.0322772
0.0329137
0.0326774
0.0322757
0.0322764
0.032273
0.0322753
0.0322772
0.0333309
0.0322762
0.0326777
0.0316629
0.0326783
0.032676
0.0322764
0.0322744
0.0322752
0.032278
0.0326784
0.03333
0.0322733
0.0322792
0.0322773
0.0322753
0.0329124
0.0322764
0.0326791
0.0337596
0.0326751
0.0322762
0.0322751
0.0326783
0.0322751
0.0322783
0.0322767
0.0322759
0.032276
0.0322765
0.0322762
0.0322764
0.0322759
0.0329161
0.0326775
0.0329156
0.0329126
0.0322761
0.0333316
0.0329145
0.0322755
0.0322756
0.0326773
0.0322751
0.0322751
0.0326777
0.0322788
0.0329156
0.0322764
0.032275
0.0322759
0.0326785
0.0326798
0.0329157
0.0326777
0.0322771
0.0322779
0.0329153
0.0326771
0.0326757
0.0322761
0.0322752
0.0322748
0.0326744
0.0322757
0.032276
0.0329128
0.0326759
0.0337586
0.0326782
0.0322766
0.0326778
0.0322768
0.0329147
0.0322755
0.032277
0.032276
0.032277
0.0322759
0.0329138
0.032276
0.0322749
0.0322746
0.0326776
0.0322775
0.0322756
0.032276
0.0322774
0.0322762
0.0322765
0.0329146
0.0322791
0.0333325
0.0322771
0.0322752
0.0322782
0.0329157
0.0322783
0.0326784
0.0322764
0.0322782
0.0322769
0.0329155
0.0322782
0.032275
0.0322776
0.0322775
0.0322753
0.0329116
0.032277
0.0322773
0.0322767
0.0322761
0.0322765
0.0322771
0.0322758
0.0322782
0.0322729
0.032677
0.0322766
0.0322769
0.0329145
0.0329153
0.032278
0.0322771
0.0322767
0.0322762
0.0322767
0.0316595
0.0318843
0.0322778
0.0322741
0.0329139
0.0329153
0.0322752
0.0322749
0.0326768
0.0333317
0.032276
0.0322763
0.0333307
0.0322754
0.0322734
0.032276
0.0326782
0.0329155
0.032276
0.0322776
0.0322772
0.0322741
0.0329131
0.0322778
0.0322759
0.0329156
0.0322767
0.0329145
0.0322758
0.0322755
0.0322757
0.0326751
0.0322759
0.032277
0.0326755
0.0329131
0.0340133
0.0329155
0.0329116
0.0326781
0.0316622
0.0322766
0.0322753
0.0322762
0.0322772
0.0326773
0.0326752
0.03376
0.0326754
0.0329121
0.0322776
0.0322771
0.0322766
0.0322762
0.0322776
0.0326768
0.0322762
0.0322763
0.0329146
0.0326783
0.0322734
0.033333
0.0322774
0.0322773
0.0322773
0.0326764
0.0322763
0.0322774
0.0329137
0.032277
0.032912
0.0322742
0.0322759
0.0322727
0.0318837
0.0322768
0.0322761
0.0322775
0.0329144
0.0322769
0.0322718
0.0322755
0.0322757
0.0322769
0.0326789
0.0322763
0.0322758
0.0329145
0.0322764
0.0316617
0.0322771
0.032676
0.0329139
0.0322762
0.0322751
0.032915
0.0340111
0.0329145
0.0322787
0.0322731
0.0322751
0.0322744
0.0322778
0.0322775
0.0322757
0.0333339
0.0322755
0.0322765
0.0322765
0.032277
0.032912
0.0322762
0.0322746
0.0329143
0.0322766
0.0322777
0.0322763
0.0322749
0.032916
0.0333322
0.0333322
0.032275
0.0322749
0.0322758
0.0329141
0.0322772
0.0326774
0.0322762
0.0322779
0.0322755
0.0322755
0.0326753
0.0337591
0.0333323
0.0322739
0.0322766
0.0333319
0.0322779
0.0322778
0.0322783
0.0322775
0.032277
0.032276
0.0322764
0.0322771
0.0326763
0.0322782
0.0322748
0.0322767
0.0322761
0.0329125
0.0329152
0.0326774
0.0326771
0.0326776
0.0333316
0.0322786
0.0322762
0.0329141
0.0329153
0.032279
0.0329152
0.0326778
0.0329143
0.0322775
0.0322766
0.0322774
0.032678
0.0329144
0.0340124
0.0329125
0.0322753
0.0326783
0.0326749
0.0322775
0.0322761
0.0322766
0.0322775
0.0322752
0.0322751
0.0322735
0.0322751
0.0322755
0.0329125
0.032277
0.0322773
0.0326786
0.032915
0.0322775
0.0322766
0.032276
0.0322748
0.0322756
0.0322756
0.0322771
0.0322765
0.0322779
0.0322762
0.032275
0.0322751
0.0326788
0.0326775
0.0316626
0.032277
0.0322767
0.0322756
0.0318859
0.0322728
0.0329149
0.0333309
0.0326757
0.0322754
0.0322749
0.0326753
0.0322766
0.0322771
0.0322761
0.0329124
0.0340116
0.0351845
0.0354339
0.0342428
0.0331325
0.0326979
0.0331323
0.0333292
0.0326983
0.0326959
0.0326972
0.0337791
0.0331329
0.0331299
0.0326974
0.0326953
0.0326981
0.0331325
0.0326994
0.0331326
0.0326975
0.0326983
0.0326998
0.03333
0.0326994
0.03333
0.0326979
0.0326982
0.0326983
0.0337829
0.0331333
0.0326978
0.0326979
0.0326964
0.0333286
0.0326988
0.0333296
0.0333275
0.0326958
0.0333282
0.0326975
0.0337818
0.0326974
0.0326926
0.0326974
0.0326973
0.0331321
0.0333306
0.0326978
0.0326983
0.0326999
0.032699
0.0326986
0.0326977
0.0326965
0.0333322
0.032696
0.0326988
0.0326967
0.0326973
0.0326967
0.032698
0.0331322
0.0333288
0.032698
0.0326977
0.0326979
0.0326976
0.0333291
0.0326994
0.0326962
0.0327003
0.033132
0.032698
0.0333295
0.0326973
0.0331304
0.0331302
0.0326978
0.0326978
0.0326987
0.0326976
0.0327001
0.0326983
0.033131
0.032697
0.0326984
0.0333319
0.0344559
0.0333266
0.0326957
0.0326979
0.0326986
0.0326988
0.0326973
0.0327003
0.0326983
0.0326963
0.032698
0.0333342
0.0333313
0.0333303
0.0331335
0.032698
0.0326963
0.0327006
0.0326972
0.0326979
0.0326975
0.0326975
0.032696
0.0326956
0.0326995
0.0326988
0.0326986
0.0326972
0.0331319
0.0326985
0.0331321
0.0333294
0.0331309
0.0326976
0.0326976
0.0326975
0.0326976
0.0326966
0.0326981
0.032086
0.0326991
0.0326992
0.0326978
0.0326977
0.0333309
0.0331309
0.0326976
0.0320868
0.0326979
0.0326982
0.03333
0.0326987
0.0333303
0.032699
0.0326967
0.0333306
0.0333312
0.0326986
0.0331297
0.0326973
0.0333281
0.032697
0.0326967
0.0326985
0.0326987
0.0333289
0.0333294
0.0331322
0.0326958
0.0331285
0.0342453
0.0331314
0.03333
0.0331316
0.0326979
0.0333306
0.033327
0.0326986
0.0331322
0.0326978
0.0333272
0.0326963
0.0331317
0.0326994
0.033331
0.0331309
0.0342437
0.0331343
0.0326977
0.0326979
0.0337802
0.0326978
0.0331324
0.0326964
0.03313
0.0333291
0.0331312
0.0331319
0.0326966
0.0326987
0.0326968
0.0326938
0.0326972
0.0331317
0.0326933
0.0333299
0.0326981
0.0331327
0.0326978
0.0331311
0.0326987
0.0331306
0.0326997
0.0326983
0.0326983
0.0331289
0.0326967
0.0326997
0.0326985
0.0326993
0.0326991
0.0337812
0.0333306
0.0326966
0.0326977
0.033132
0.0327005
0.0326981
0.0326971
0.0326996
0.0337806
0.0326974
0.0333294
0.0337803
0.0331323
0.0331302
0.0331302
0.0331329
0.0326989
0.0326979
0.0326956
0.0327003
0.0333312
0.0326978
0.033131
0.0326971
0.0326964
0.0326966
0.0320858
0.0326975
0.0326965
0.0326978
0.0337818
0.0326967
0.0326968
0.032699
0.0326969
0.0331299
0.0326975
0.0333298
0.0337809
0.0326979
0.032696
0.0326979
0.0326987
0.0326983
0.0326991
0.0326989
0.0333273
0.0326977
0.0333313
0.0327003
0.0326993
0.0333295
0.0326986
0.0326951
0.0326975
0.0333313
0.0331315
0.0326988
0.0326988
0.0337819
0.0326979
0.0326971
0.0326971
0.0326992
0.0331311
0.0326987
0.0326987
0.0326991
0.032699
0.0331299
0.0326976
0.0333321
0.0326969
0.0337809
0.0326964
0.0331315
0.0326985
0.0326976
0.0326984
0.0331318
0.0331323
0.0326988
0.033132
0.0333295
0.032698
0.0326982
0.0326993
0.0326971
0.0326988
0.0331317
0.03313
0.0326997
0.032698
0.0333291
0.0326983
0.0333318
0.0326951
0.0331317
0.0326978
0.0331304
0.0326981
0.0333305
0.0326981
0.0326966
0.0331321
0.0327005
0.0326995
0.0326971
0.0326978
0.0331329
0.0331286
0.0342436
0.0337794
0.0326964
0.0333248
0.0326965
0.0326983
0.0326977
0.0326988
0.0326969
0.0326928
0.0333263
0.0326963
0.0331317
0.0333311
0.0331319
0.0326974
0.0333293
0.0326966
0.0331323
0.032697
0.0326957
0.0337793
0.0326976
0.0331325
0.0326975
0.0326989
0.0326979
0.033781
0.0326987
0.0326984
0.0331317
0.0326986
0.0326997
0.0326981
0.0326978
0.0331308
0.0333289
0.0333308
0.0333311
0.0326968
0.0326967
0.0326991
0.0326977
0.0333291
0.0331329
0.0326969
0.032699
0.03333
0.0326976
0.0326964
0.0331313
0.0326935
0.0326986
0.0326942
0.0331332
0.0326986
0.0331313
0.0326975
0.0326972
0.0326964
0.032697
0.0326978
0.0326984
0.0326987
0.0333305
0.0333278
0.0331298
0.032698
0.0326978
0.0331311
0.0326963
0.0337822
0.0326975
0.0333299
0.0326969
0.0326988
0.0326979
0.0331315
0.032089
0.0326948
0.0326972
0.0326992
0.0322734
0.0333304
0.0326977
0.0326988
0.0333308
0.0326969
0.0326987
0.0326956
0.0333318
0.0333307
0.0322746
0.032698
0.0331324
0.0333306
0.0344547
0.0333294
0.0333273
0.0331322
0.0333311
0.033331
0.0326968
0.0333303
0.0333306
0.033329
0.0326949
0.0333297
0.0326991
0.0333294
0.0326961
0.0320896
0.0326968
0.0331279
0.03333
0.0333301
0.0326981
0.0326991
0.033329
0.0333304
0.0326983
0.0333327
0.0337821
0.0326987
0.0333299
0.0326979
0.0326983
0.032697
0.0333298
0.0327003
0.0333295
0.0326995
0.032272
0.0326965
0.0326995
0.0331318
0.033781
0.0331303
0.0333309
0.0326974
0.0333312
0.0326971
0.0326978
0.0326983
0.0326985
0.0333322
0.0331335
0.0326993
0.0337818
0.0333315
0.0326994
0.0333298
0.0326994
0.0326988
0.0326989
0.0337803
0.0342431
0.0331325
0.0326945
0.0326986
0.0326975
0.032699
0.0326984
0.0326984
0.0326935
0.0326981
0.0326956
0.0333299
0.032697
0.0331319
0.0326979
0.0326992
0.0326973
0.0331316
0.0326962
0.0333304
0.0326984
0.033129
0.0326979
0.0326981
0.0337809
0.0333311
0.0326982
0.0326984
0.0333291
0.0326976
0.0326994
0.0331322
0.0326984
0.0326969
0.0326988
0.0326953
0.032696
0.0333318
0.0326981
0.0331308
0.0333308
0.032275
0.0326989
0.0326945
0.0326975
0.0337815
0.0333299
0.0327001
0.0326968
0.0326975
0.0326974
0.0326976
0.0326963
0.0326989
0.0326968
0.0331327
0.0326972
0.033131
0.0342445
0.0331304
0.0326976
0.0333309
0.0327008
0.0333299
0.03313
0.0326971
0.0331288
0.0326991
0.0331324
0.032699
0.0326987
0.0331311
0.0333284
0.0344535
0.0333294
0.0326986
0.0337822
0.0333282
0.0326967
0.0326983
0.0333282
0.0333276
0.0331312
0.0333281
0.0326978
0.0326969
0.0331292
0.0326954
0.0326953
0.0326992
0.0333289
0.0333307
0.0326967
0.0337801
0.0344574
0.0333292
0.0326991
0.0326983
0.0326978
0.0333306
0.0331318
0.0342414
0.0331322
0.0326981
0.0326946
0.0326994
0.0326975
0.0326979
0.032697
0.0331331
0.0331323
0.0326979
0.0326993
0.0331308
0.0326988
0.0326975
0.0326979
0.0333304
0.032699
0.0326985
0.0327001
0.0326992
0.0326971
0.033329
0.0331283
0.0326972
0.0326986
0.0326988
0.0326986
0.0326981
0.0326985
0.0326963
0.0331329
0.032699
0.0337816
0.0326985
0.0326974
0.0326999
0.0326983
0.0326974
0.0326986
0.0326987
0.0333292
0.033131
0.0337813
0.032698
0.0333315
0.0326973
0.0326989
0.0326977
0.0326968
0.0326963
0.0337807
0.0326986
0.0326984
0.0333304
0.0326992
0.0326971
0.0326992
0.032697
0.0333292
0.0326976
0.0326982
0.0333307
0.0331322
0.0342415
0.033133
0.0326984
0.033129
0.032698
0.0326981
0.0326985
0.0326975
0.0333317
0.0326976
0.0331329
0.0326974
0.0333311
0.0326973
0.0326988
0.0320893
0.0326991
0.0326984
0.0331331
0.0326962
0.033329
0.0326966
0.0326975
0.0333308
0.0333313
0.0326997
0.0326993
0.0331329
0.032699
0.0331311
0.0326974
0.032698
0.0326959
0.032698
0.0333291
0.0326978
0.0326983
0.0326972
0.0326994
0.0337794
0.0326991
0.0326982
0.0331307
0.0326967
0.032698
0.0333307
0.0326983
0.0326978
0.0331322
0.0326989
0.0326996
0.032693
0.0326938
0.03378
0.0344568
0.0333289
0.0337816
0.0326968
0.0326969
0.0333295
0.0326986
0.0326983
0.0331316
0.0326971
0.0326988
0.0333307
0.0331324
0.0326971
0.0333284
0.0326972
0.0326991
0.0326969
0.0326998
0.0337806
0.0326982
0.0331303
0.0337798
0.033132
0.0326976
0.0322749
0.0326967
0.0326969
0.0326949
0.0331334
0.032696
0.0326971
0.0331324
0.033132
0.0326997
0.032698
0.033329
0.0326957
0.032699
0.0331315
0.0333295
0.0327005
0.0326982
0.0333308
0.0326983
0.032698
0.0331309
0.0326974
0.0326977
0.0331328
0.0337807
0.0333312
0.0326971
0.0326974
0.0326985
0.0333299
0.0326982
0.0331328
0.0331319
0.0326997
0.033132
0.032699
0.0326973
0.0326963
0.0326958
0.0326985
0.032697
0.0333302
0.0326973
0.0326942
0.033133
0.033331
0.0331304
0.0331307
0.0326946
0.0331315
0.0326969
0.032699
0.0333294
0.0326985
0.0326985
0.0326978
0.0326987
0.0331317
0.0342431
0.0331329
0.0337816
0.0331321
0.0326976
0.0331293
0.032699
0.032275
0.0322731
0.0326971
0.0326971
0.0331317
0.0326951
0.0327005
0.0337823
0.0326977
0.032699
0.0326954
0.0337813
0.0326977
0.0326975
0.0326974
0.0333303
0.0327001
0.0333299
0.0326989
0.0331318
0.0326961
0.0326961
0.0326993
0.032696
0.0337819
0.0333299
0.0326963
0.0326992
0.0326981
0.0326992
0.0333315
0.0326974
0.0326983
0.0326977
0.0326953
0.0337816
0.0326976
0.0320888
0.0326994
0.0333316
0.0333311
0.0326998
0.0326974
0.032276
0.0333299
0.0326979
0.0326979
0.03313
0.0326964
0.0326982
0.0331306
0.0326965
0.0326971
0.0333318
0.0331311
0.0333273
0.0326984
0.0331313
0.0331304
0.0326961
0.032698
0.0326981
0.0326972
0.0333318
0.0326966
0.0333297
0.0333299
0.0326964
0.0333267
0.0333309
0.0326978
0.0333294
0.0326985
0.0326965
0.0326995
0.0326982
0.0331309
0.0326995
0.0326989
0.0331311
0.0326984
0.0326962
0.0331336
0.0337812
0.0326954
0.0326977
0.032698
0.0333292
0.0331302
0.0333297
0.0337774
0.0326977
0.0326976
0.032698
0.0333322
0.0326982
0.03378
0.032698
0.033331
0.032699
0.0326968
0.0326965
0.032699
0.0331315
0.0333294
0.0326982
0.0331312
0.0333274
0.032697
0.033329
0.033132
0.0337789
0.0326985
0.0333296
0.0331261
0.0342452
0.0331318
0.0326998
0.0337802
0.0344574
0.0333301
0.0326992
0.0331309
0.0331316
0.033132
0.0326966
0.0326965
0.0333298
0.0326991
0.0337822
0.0326975
0.0326986
0.0337827
0.0331299
0.0326996
0.0337803
0.0333312
0.0326976
0.0331303
0.0326974
0.0326989
0.0337804
0.0326918
0.0326968
0.0331308
0.0326968
0.0326946
0.0333286
0.033329
0.0326982
0.0326957
0.0326982
0.0326983
0.0326977
0.0326949
0.0326988
0.0333305
0.0344565
0.0333295
0.0331314
0.0333294
0.0344556
0.0333304
0.0331333
0.0326997
0.0333305
0.0331327
0.0326981
0.0326966
0.0326984
0.0331316
0.0326974
0.0326992
0.0326974
0.0326967
0.0331309
0.0326961
0.0326979
0.0326981
0.0326996
0.0326987
0.0326975
0.0337805
0.0326987
0.0326993
0.0333293
0.0326962
0.0337825
0.0337819
0.0333298
0.0326967
0.0326979
0.0326958
0.0331308
0.0326949
0.0326988
0.0326977
0.0326996
0.032698
0.0326958
0.0331316
0.0333282
0.0327
0.0331332
0.0326972
0.0326975
0.0331326
0.0333319
0.0344561
0.0333311
0.0327002
0.0331308
0.0326983
0.0331308
0.0326978
0.0326981
0.032698
0.0326978
0.0331296
0.0333319
0.0326984
0.0326992
0.0327009
0.0326991
0.0331328
0.0326975
0.0326972
0.0331316
0.0331316
0.0326991
0.0326991
0.0326969
0.0326988
0.0326972
0.0331313
0.0326995
0.0331332
0.0333321
0.033131
0.0326987
0.0326995
0.0326943
0.0326988
0.0333274
0.0333303
0.0333313
0.0327004
0.0327
0.032697
0.0326954
0.0337806
0.0344555
0.0333304
0.0337814
0.0333301
0.0326983
0.0326983
0.0326981
0.0326961
0.0326968
0.0326982
0.0326983
0.0326979
0.032698
0.0326987
0.0326989
0.0331318
0.0326996
0.033781
0.0326974
0.0333284
0.0326958
0.0326992
0.0326962
0.0333306
0.0326977
0.0320896
0.0331303
0.0326987
0.0326977
0.0326984
0.032698
0.0326982
0.0322744
0.0326992
0.0326978
0.0331329
0.0331335
0.0326978
0.0337818
0.0344572
0.0333291
0.0326986
0.0326985
0.0326996
0.0326979
0.0327006
0.0326987
0.0326976
0.0331318
0.0326981
0.0326993
0.0333315
0.0326998
0.0331318
0.0326965
0.0333302
0.0326972
0.0326992
0.033332
0.0326968
0.0326973
0.0327003
0.0326966
0.0326988
0.0333294
0.0333294
0.0326956
0.0326959
0.0326961
0.0326971
0.0333317
0.0326967
0.032696
0.0331301
0.0331318
0.0333309
0.0326989
0.0337821
0.0326991
0.0326943
0.0331327
0.0333271
0.0326979
0.0326985
0.0337804
0.0337812
0.0326976
0.033779
0.0326986
0.0326964
0.0326978
0.0331312
0.0326968
0.0326962
0.0333322
0.0344574
0.0333277
0.0326938
0.0333293
0.0326985
0.0326952
0.0326972
0.0333312
0.0326975
0.0326975
0.0326978
0.0326979
0.0326977
0.0326971
0.0331331
0.033131
0.0326986
0.0326969
0.0326983
0.0333302
0.0344548
0.0333298
0.033328
0.0331317
0.0333296
0.0333305
0.0326985
0.0326984
0.0326974
0.0331318
0.03313
0.0342443
0.0331303
0.0333292
0.0326985
0.0326978
0.0327006
0.032697
0.0327003
0.0326997
0.0326994
0.0326983
0.0331307
0.0326985
0.0337814
0.0326982
0.0326962
0.0320875
0.0326963
0.0326958
0.0337788
0.0342415
0.0337816
0.0333313
0.032696
0.0331302
0.0331306
0.0326973
0.0326974
0.0326997
0.0326961
0.0337801
0.0326972
0.0326971
0.0326983
0.0333321
0.0331311
0.0326983
0.0326979
0.0337781
0.0342425
0.0337797
0.0333316
0.0333283
0.0344559
0.0337816
0.0333308
0.0331304
0.0326969
0.0333305
0.0326986
0.0333315
0.0333307
0.032699
0.0326973
0.0326971
0.0327004
0.0326959
0.0326972
0.0337811
0.0333304
0.0326985
0.0333311
0.032698
0.0326979
0.0326984
0.0333305
0.0344578
0.0337788
0.0326977
0.0326971
0.0326976
0.033133
0.0326984
0.0331305
0.0326995
0.0326976
0.0326984
0.033132
0.03333
0.0326989
0.0326973
0.0322744
0.032697
0.0331321
0.0337829
0.0333293
0.0326981
0.0326996
0.0326961
0.0326982
0.0331278
0.0342453
0.0331304
0.0326981
0.0326989
0.033132
0.0342426
0.0331306
0.0326977
0.0331316
0.0333317
0.0333305
0.0331306
0.0326967
0.0333299
0.0326985
0.0326975
0.0326985
0.0326987
0.0337808
0.0326984
0.032699
0.0333301
0.0331317
0.0331288
0.032699
0.0326961
0.0331323
0.0326935
0.0326961
0.0326959
0.0326988
0.0326958
0.033331
0.0322741
0.0326969
0.032696
0.0326974
0.0326984
0.0326996
0.0326966
0.0333302
0.0326986
0.0326971
0.0326993
0.0337783
0.0342427
0.0331297
0.0326983
0.0326987
0.032698
0.032698
0.0326974
0.0326992
0.0326975
0.032698
0.032699
0.0327
0.0331314
0.0342413
0.0337823
0.0331304
0.0326976
0.0331325
0.0326979
0.0326974
0.0326992
0.0331315
0.0326961
0.0326988
0.0333314
0.0326991
0.0331304
0.0327005
0.0326963
0.0326968
0.0333287
0.0333311
0.0326974
0.0326982
0.0337814
0.0331336
0.032697
0.032696
0.0326995
0.0326961
0.0326944
0.0326982
0.0326983
0.0326984
0.0333313
0.0326991
0.0333297
0.0326985
0.0333294
0.0326997
0.0331315
0.0320887
0.0331313
0.0326991
0.0326976
0.0326976
0.0333301
0.0326975
0.0331317
0.0337784
0.0326964
0.0322751
0.0326988
0.0326979
0.0331301
0.0337826
0.0326988
0.0326973
0.0331311
0.0326978
0.0326983
0.033132
0.0326976
0.032699
0.0326974
0.0326953
0.0331305
0.0326988
0.0326954
0.0333294
0.0331309
0.0326995
0.033131
0.0326978
0.0326972
0.0326995
0.0326976
0.0326977
0.0326975
0.0326969
0.0326979
0.0326989
0.0331319
0.0333313
0.0326976
0.0326975
0.0333312
0.0326988
0.0337805
0.034457
0.033782
0.0331325
0.0326977
0.0331309
0.0342443
0.0331331
0.033332
0.0326949
0.0333308
0.0326982
0.0326971
0.0326974
0.0326979
0.0331287
0.0331297
0.0326977
0.0327003
0.0326992
0.0333296
0.0333317
0.0331324
0.0331325
0.0331327
0.0333285
0.0331319
0.0342425
0.0337817
0.0337802
0.0326981
0.0326968
0.032696
0.0333293
0.0326986
0.0326989
0.0333293
0.0326977
0.0326974
0.0331314
0.0327003
0.0331326
0.0331333
0.0333312
0.0326987
0.0326966
0.0331328
0.0326964
0.032696
0.0326965
0.0326993
0.0331312
0.0326986
0.0326982
0.0331303
0.0331332
0.0326967
0.0326968
0.0326965
0.0326964
0.0333314
0.0333301
0.0331304
0.0326968
0.0326955
0.0331318
0.0326974
0.0331313
0.032698
0.0331321
0.0326989
0.0326977
0.0337799
0.0326981
0.0326966
0.0326966
0.0331313
0.0333301
0.032699
0.0331321
0.0326989
0.0337787
0.0326959
0.0331326
0.0326974
0.0333305
0.0326973
0.0326969
0.0331321
0.0326984
0.0337809
0.0333293
0.0326948
0.0326988
0.0326992
0.032698
0.0326985
0.0326958
0.0326979
0.0326987
0.0326971
0.0331296
0.0337809
0.0331323
0.0342447
0.0331287
0.0326958
0.0326982
0.0333296
0.0333293
0.0326958
0.0326991
0.0326994
0.0333297
0.0326996
0.0326983
0.0333312
0.0337833
0.0331313
0.0326979
0.0331316
0.0326971
0.0333295
0.0326983
0.0326978
0.0326954
0.0333317
0.0326985
0.0337818
0.0326981
0.0333313
0.0326994
0.0333317
0.0322711
0.0326965
0.0331324
0.0326984
0.0326987
0.0333311
0.0344563
0.0333289
0.0331317
0.0331294
0.0342444
0.0331316
0.0333298
0.0326981
0.03378
0.0326976
0.0326954
0.0326958
0.0333292
0.0326976
0.0331312
0.0331316
0.0333305
0.0326987
0.0333299
0.033131
0.0333318
0.0333283
0.0326975
0.0326983
0.0326972
0.0333299
0.0333298
0.0331303
0.0326978
0.0326971
0.0326966
0.0326965
0.0337799
0.0326971
0.0326981
0.0326989
0.0327006
0.0333279
0.0331289
0.033131
0.0326971
0.0326985
0.0326956
0.033329
0.032697
0.0326962
0.0326978
0.0337819
0.0326989
0.0326996
0.0326983
0.0326958
0.0333298
0.0344567
0.0333282
0.0333302
0.032698
0.0333297
0.0326988
0.0333313
0.0326967
0.032699
0.0331316
0.0333305
0.0326972
0.0331337
0.033132
0.0342442
0.0331329
0.0331311
0.0326983
0.0326987
0.0333297
0.0344568
0.0333316
0.0326981
0.0326985
0.0326996
0.0326988
0.0337812
0.0326977
0.0331302
0.0333297
0.0326978
0.0331308
0.0333301
0.0326992
0.0331338
0.0326967
0.0326947
0.0331321
0.0333311
0.0326962
0.0333282
0.032697
0.0326951
0.0326978
0.0326968
0.0333308
0.0326973
0.0326952
0.0326993
0.0326954
0.0333316
0.0331325
0.0326961
0.0326975
0.0331306
0.0326982
0.0326956
0.0331325
0.0326995
0.0320875
0.032694
0.03313
0.0331333
0.0333299
0.0333317
0.0326986
0.0331303
0.0331301
0.0326965
0.0322712
0.032272
0.0333303
0.0326983
0.0326986
0.0337799
0.0326984
0.0326991
0.0326983
0.0326971
0.0326984
0.0326996
0.0331315
0.0326969
0.0333288
0.0331307
0.0333302
0.0326978
0.0326995
0.032698
0.0326972
0.0326986
0.0326975
0.0326984
0.032698
0.0331323
0.0326976
0.0326964
0.033782
0.0344559
0.0333319
0.0326974
0.0331319
0.0326979
0.0326972
0.0326979
0.0326998
0.0331315
0.0326993
0.0326981
0.0326975
0.0326946
0.0331297
0.0333308
0.0331319
0.0326981
0.0326994
0.0331316
0.033131
0.0326988
0.0326988
0.0326978
0.0326991
0.0326951
0.0333296
0.033132
0.0333315
0.0326965
0.032696
0.0326986
0.0326973
0.0326987
0.0326971
0.0326985
0.0333315
0.032699
0.0326969
0.0326974
0.0326992
0.0333311
0.0333306
0.0326983
0.0326986
0.0333307
0.0326981
0.0326976
0.0331325
0.0326971
0.0331326
0.0326983
0.0326962
0.0326963
0.0333312
0.0331336
0.0326986
0.0333309
0.0326956
0.033331
0.0326964
0.0326971
0.0337768
0.032697
0.0333319
0.0326974
0.0326986
0.0333315
0.0333293
0.0326949
0.0322744
0.0326974
0.0326992
0.0337822
0.0326973
0.0326998
0.0326984
0.0331283
0.0331297
0.033331
0.0326982
0.0326976
0.0326989
0.0333298
0.0331313
0.0326979
0.03313
0.0331294
0.0331315
0.0331322
0.0342421
0.0331315
0.0331337
0.0326975
0.0331319
0.0326974
0.0333308
0.0331331
0.0342445
0.0331273
0.032697
0.0331313
0.0342441
0.0331317
0.0326972
0.0333306
0.0326995
0.0331294
0.0326965
0.0326966
0.0326967
0.0326989
0.0322752
0.0326972
0.0326987
0.0333305
0.0333306
0.0344559
0.0333295
0.0337792
0.0344568
0.0333328
0.0326973
0.0326972
0.0326987
0.0322727
0.0322731
0.0326981
0.0333314
0.03333
0.0326974
0.0333293
0.0326986
0.0326979
0.0326954
0.0326981
0.032699
0.0326977
0.0333302
0.0333301
0.0326977
0.0331316
0.0326963
0.0326954
0.032695
0.0326969
0.0337799
0.032697
0.0333326
0.0333315
0.0326985
0.0326984
0.0326989
0.0333296
0.0337814
0.0326984
0.0333316
0.0331318
0.0326979
0.0333286
0.0326984
0.0326991
0.0326986
0.032697
0.0326987
0.0331297
0.0326993
0.0331329
0.0333308
0.0326978
0.0333302
0.0326967
0.0337804
0.0326965
0.0326978
0.03333
0.0326978
0.0326965
0.0333297
0.0326992
0.0333321
0.0331314
0.0326913
0.0326981
0.0326981
0.0326989
0.0333298
0.0344577
0.033781
0.0326963
0.0333317
0.0331323
0.0326954
0.032699
0.0326974
0.0326981
0.0326987
0.0326962
0.0333293
0.0326983
0.0326982
0.0326969
0.0331291
0.0326972
0.0331311
0.0326985
0.0326964
0.0326965
0.0331325
0.0326981
0.0337818
0.0333294
0.0326971
0.0333302
0.0333307
0.0326983
0.0333299
0.0326953
0.0326973
0.0326986
0.0331321
0.0333288
0.0326972
0.0333292
0.0326975
0.032698
0.0326988
0.0326987
0.0333311
0.0326988
0.0337804
0.0326959
0.0326991
0.0326973
0.0326997
0.033133
0.0333306
0.0333312
0.0326974
0.0326989
0.0326986
0.0331311
0.0333301
0.0327009
0.033331
0.0331316
0.0333305
0.0333313
0.0326985
0.0326995
0.0333285
0.0331281
0.0326955
0.0326981
0.0331333
0.0326987
0.0326992
0.0326979
0.0327001
0.0333312
0.0333276
0.0331297
0.0333295
0.0327
0.0326983
0.0326988
0.0326973
0.0326964
0.0322743
0.0326987
0.0326994
0.0333297
0.0326983
0.0337812
0.0333299
0.0333303
0.0333308
0.0326991
0.033331
0.032696
0.0326924
0.0326983
0.0326992
0.0326978
0.0333319
0.0326982
0.0326985
0.0320894
0.0331321
0.0333313
0.033782
0.0326973
0.0337806
0.033133
0.0326965
0.0326993
0.0333306
0.0333309
0.0333288
0.0326984
0.0326994
0.0326973
0.0326964
0.0326989
0.0326958
0.0326979
0.0331343
0.0331316
0.0331305
0.0326982
0.0326987
0.0326991
0.0337792
0.0344552
0.0356617
0.0358663
0.0346509
0.0335124
0.0335123
0.0330492
0.0330483
0.0336695
0.0330459
0.0330466
0.0341534
0.0341534
0.0330471
0.033048
0.0330474
0.0330456
0.0325933
0.0330461
0.0330478
0.0341523
0.0330472
0.0336705
0.033045
0.0330477
0.0336704
0.0335147
0.0330466
0.033671
0.0348211
0.0336724
0.0336684
0.0336679
0.033512
0.033049
0.0330483
0.0330483
0.0325929
0.033048
0.0330467
0.0325938
0.0330465
0.0330474
0.0336693
0.0330469
0.0330466
0.033047
0.0335132
0.0336707
0.0330462
0.0335114
0.0335112
0.033671
0.0335126
0.0330465
0.0330462
0.0330485
0.0335118
0.0330467
0.0335129
0.0330473
0.0330467
0.0330487
0.033047
0.033044
0.0336721
0.0330481
0.0330479
0.0336696
0.033669
0.0325941
0.0330476
0.0330464
0.033047
0.0330484
0.0325954
0.0330456
0.0330469
0.0330473
0.0330475
0.0330465
0.0325903
0.0330436
0.0336702
0.0330475
0.033048
0.0325956
0.0330448
0.0330476
0.0330477
0.0330489
0.0335129
0.0330458
0.032595
0.0330444
0.0330465
0.0330458
0.0341537
0.0348204
0.0336712
0.0336706
0.033048
0.0336692
0.0330474
0.0330488
0.0330469
0.0341532
0.0336699
0.0330475
0.0330469
0.0336723
0.0335097
0.0330467
0.0330482
0.0335128
0.0330456
0.0335117
0.0330469
0.0330457
0.0330479
0.0330443
0.0330473
0.0336723
0.0335137
0.0330465
0.0335126
0.0330468
0.0335112
0.0330486
0.0336701
0.0336702
0.0330441
0.0341518
0.0330488
0.0336703
0.0330489
0.0330443
0.0325938
0.0330406
0.0330485
0.033044
0.0336681
0.0330484
0.0336703
0.0330449
0.0324445
0.0330476
0.0341558
0.0335168
0.033048
0.033047
0.0330459
0.033671
0.0330467
0.0330465
0.0330451
0.0335129
0.0330432
0.0336698
0.0330451
0.0336694
0.0330471
0.0336713
0.0330452
0.0330464
0.0336697
0.0336698
0.033514
0.0330474
0.0341543
0.0330474
0.0330416
0.0335118
0.0330444
0.0325931
0.0330481
0.0330464
0.0330483
0.0330483
0.0330466
0.0330469
0.0330486
0.0336708
0.0330454
0.0330459
0.0330464
0.0330485
0.0336718
0.033513
0.0330468
0.0330452
0.0336709
0.033047
0.0330475
0.0330487
0.033513
0.0330467
0.033048
0.0336707
0.0330475
0.033671
0.0336677
0.0330478
0.0336715
0.0330489
0.0330464
0.033048
0.0330451
0.033046
0.0335124
0.0330462
0.0330439
0.0330482
0.0330467
0.0330453
0.0336725
0.033512
0.0336702
0.0330463
0.0330458
0.0330479
0.0330488
0.03367
0.033047
0.0330477
0.0330477
0.0336697
0.0336697
0.0348193
0.0336719
0.0330472
0.0330483
0.0336666
0.0330482
0.0341508
0.0336698
0.0330472
0.032594
0.0330474
0.0325952
0.0330461
0.0330488
0.0330473
0.0330459
0.0330467
0.0330468
0.0330466
0.0325937
0.0330468
0.0330469
0.0335133
0.0336708
0.0325936
0.0330463
0.0325932
0.0330451
0.0335105
0.0330468
0.0330481
0.0336716
0.0330491
0.0330455
0.0330454
0.0330446
0.0330467
0.0336701
0.0330452
0.0330476
0.0330493
0.0325943
0.0330452
0.0330472
0.0330471
0.0330467
0.0336685
0.0330482
0.0336711
0.0330456
0.0336681
0.0330466
0.0330464
0.0335128
0.0335125
0.0335121
0.0330468
0.0325892
0.033672
0.0330433
0.0325908
0.0330457
0.0325918
0.0330454
0.033048
0.0330462
0.0330458
0.0336683
0.0330462
0.0330468
0.0330478
0.0325939
0.0330474
0.0336684
0.0335117
0.0330484
0.0336691
0.032588
0.0330469
0.0330481
0.0336706
0.0330461
0.0325936
0.033048
0.0330464
0.0330471
0.033047
0.0336698
0.0330485
0.0325908
0.0336709
0.0336709
0.0330472
0.0330473
0.0335139
0.0330465
0.0330484
0.033048
0.0341529
0.0348199
0.0336706
0.0330455
0.0330491
0.0330473
0.0325945
0.0330481
0.0336695
0.0330469
0.0330458
0.0330461
0.0336683
0.0325945
0.0336708
0.0325912
0.0325894
0.0336696
0.0330475
0.0330452
0.0330471
0.0336689
0.0330471
0.0330482
0.0330458
0.0336706
0.0330459
0.033672
0.0335106
0.0335143
0.0330489
0.033046
0.0336676
0.0336709
0.0330466
0.0336715
0.0325954
0.0330453
0.0330418
0.033046
0.033047
0.0325915
0.033671
0.0330465
0.0330476
0.0335103
0.033509
0.0346501
0.0335121
0.0330457
0.0330452
0.0335108
0.0346494
0.0335124
0.0330467
0.0330454
0.0335126
0.0330497
0.0330484
0.0336689
0.0325918
0.0325929
0.0330476
0.0336701
0.0330474
0.0330453
0.0330472
0.0330477
0.033048
0.0330466
0.0324462
0.0325941
0.0336706
0.0335133
0.0330449
0.033047
0.0330479
0.033047
0.0330484
0.0335131
0.0330483
0.033048
0.0335126
0.0330435
0.0330465
0.0330475
0.0330455
0.0330443
0.0330487
0.0330462
0.0336707
0.0330438
0.0330486
0.0330474
0.0330478
0.0324452
0.0325945
0.0330452
0.0330442
0.0341543
0.0336695
0.0330466
0.0330467
0.0330475
0.0330479
0.033045
0.0330465
0.0330481
0.033671
0.0330473
0.0330475
0.0330464
0.0330472
0.0330485
0.0341549
0.0336712
0.0330468
0.0330472
0.0341528
0.0330467
0.0336694
0.0330437
0.0330473
0.0336697
0.0330482
0.0330462
0.0336664
0.0330487
0.033048
0.0336715
0.0330473
0.0330469
0.0330478
0.0341544
0.0330469
0.0330474
0.0330463
0.0341545
0.0330476
0.03367
0.0330471
0.0330471
0.033048
0.0336703
0.0330467
0.0336708
0.0336701
0.0336687
0.0330442
0.0330452
0.0330467
0.0330487
0.0325953
0.033046
0.033047
0.033671
0.0330492
0.03367
0.0336721
0.033514
0.0330467
0.033048
0.0330493
0.0336711
0.0336704
0.0348185
0.0336701
0.0335137
0.0330475
0.0325874
0.033047
0.0330452
0.0336704
0.0348205
0.0336705
0.0330479
0.0330477
0.033045
0.0336708
0.0330466
0.032595
0.0330473
0.0335111
0.0330467
0.0330467
0.0330462
0.0335118
0.0330467
0.0335134
0.0330485
0.0335112
0.033047
0.033048
0.0330461
0.0330474
0.0330468
0.0336706
0.0335107
0.0330469
0.03367
0.0330479
0.032589
0.0330452
0.033046
0.0336701
0.0341524
0.0336704
0.0348194
0.0336698
0.0336718
0.033513
0.0330469
0.0336696
0.0330456
0.0330464
0.0335113
0.0330459
0.0336685
0.0330465
0.0330437
0.033046
0.0330473
0.0330459
0.0341519
0.0330469
0.0330468
0.0336697
0.0336703
0.03305
0.033047
0.0330454
0.0335135
0.0346486
0.0341541
0.033045
0.0330475
0.0330477
0.0325933
0.033672
0.0330469
0.0330475
0.0336705
0.0336699
0.0335114
0.0330454
0.0336707
0.0336694
0.0330476
0.0330475
0.0330458
0.0336701
0.0330453
0.0336689
0.0330464
0.0330473
0.0330472
0.0341547
0.0330461
0.0330452
0.0330483
0.0330439
0.0341532
0.0330468
0.033046
0.0330473
0.0330448
0.033047
0.034155
0.03465
0.0335122
0.0336686
0.0330471
0.0330474
0.0336692
0.0335138
0.0335131
0.0330466
0.03367
0.0330472
0.0336704
0.0348181
0.0336692
0.0330471
0.0330464
0.0330468
0.0330479
0.0330454
0.0330476
0.0336696
0.0330455
0.0335114
0.0336689
0.0336705
0.0330482
0.0330461
0.0330461
0.0330474
0.0336708
0.0330468
0.0330462
0.0330463
0.0330449
0.033047
0.0330484
0.033672
0.0330485
0.033048
0.0330467
0.0335141
0.033046
0.0330468
0.0330458
0.0330476
0.0330479
0.0336717
0.0336719
0.0335118
0.0330473
0.0330459
0.033512
0.0330475
0.0325938
0.0330461
0.0330449
0.0330479
0.0324455
0.032594
0.0336705
0.0335131
0.0336718
0.0330479
0.0336716
0.0330456
0.0325939
0.0330469
0.0330466
0.0336697
0.03482
0.0336693
0.0330473
0.033049
0.0336707
0.0330471
0.0330466
0.033049
0.0330473
0.0325911
0.0336701
0.0330475
0.0330474
0.0335138
0.0335145
0.0335131
0.0330459
0.033047
0.0336693
0.0330477
0.0330468
0.0336716
0.0330461
0.0330478
0.0336696
0.0336714
0.0336708
0.0336714
0.0325912
0.033049
0.0330491
0.0336688
0.0330486
0.0336714
0.0335119
0.0346518
0.0335116
0.0330499
0.0330458
0.033512
0.0330478
0.0330464
0.0335105
0.033514
0.0336697
0.0335132
0.0330481
0.0336716
0.0330464
0.0341522
0.0330445
0.0330465
0.0330461
0.0330483
0.0330479
0.0336708
0.0330478
0.0330485
0.0330449
0.0330475
0.0341533
0.0330465
0.0330476
0.0325906
0.0330483
0.0330425
0.0341531
0.0330455
0.0325926
0.0325944
0.033047
0.0335123
0.0330477
0.0330471
0.0335131
0.0330462
0.0336717
0.033669
0.033047
0.0330425
0.0330462
0.0335131
0.0330484
0.0336721
0.0330449
0.0336691
0.0335124
0.034155
0.0330458
0.0335125
0.0330467
0.0330463
0.0341535
0.0341556
0.0330464
0.0335109
0.0330466
0.0335123
0.0330465
0.0325947
0.0330458
0.033049
0.0336714
0.0330462
0.0336708
0.0335096
0.0336692
0.0330483
0.0330448
0.0335126
0.0330472
0.0330459
0.0330469
0.0330449
0.033046
0.0330474
0.033047
0.0336706
0.0330487
0.0330457
0.0330462
0.0336686
0.0330485
0.0330472
0.0330491
0.0335132
0.0330474
0.0330493
0.0335127
0.0330463
0.0330448
0.0336704
0.0348209
0.0336703
0.0335133
0.0330475
0.033048
0.0325946
0.0330468
0.0330489
0.0330457
0.0336708
0.0330451
0.0335118
0.033671
0.033047
0.0335126
0.0336698
0.0330469
0.0330477
0.033673
0.0330473
0.0330442
0.0325901
0.0330473
0.0330471
0.0330469
0.0330459
0.0330477
0.0336687
0.0330482
0.0341539
0.0330463
0.0336697
0.0330467
0.0330463
0.0330474
0.0330457
0.0335115
0.0330476
0.033047
0.034156
0.0336716
0.0336702
0.0330493
0.0336684
0.0330466
0.0330465
0.0336694
0.0330482
0.0330459
0.0330474
0.0330481
0.0330461
0.0335133
0.0330473
0.0330472
0.0330463
0.0330491
0.0330467
0.0325936
0.0330484
0.0330467
0.033048
0.033047
0.0330468
0.0330495
0.0330463
0.0330472
0.0330465
0.0330478
0.0336708
0.0330465
0.0325949
0.0336688
0.0335102
0.0336701
0.033043
0.0341536
0.0330468
0.0330471
0.0330461
0.0330469
0.0325925
0.0330463
0.0336708
0.0336725
0.0330477
0.0335136
0.033671
0.0336716
0.0335112
0.0330454
0.0335123
0.0330478
0.0336695
0.0330448
0.0325924
0.0330474
0.0330464
0.0336711
0.0330481
0.0330472
0.03351
0.0330456
0.0341546
0.0348208
0.0336715
0.0336708
0.0330468
0.0330466
0.0330462
0.0330466
0.0335127
0.0330456
0.0330476
0.0335108
0.0330468
0.033672
0.0336707
0.0336689
0.0330471
0.0335122
0.0330484
0.0336707
0.0335143
0.0330477
0.0330464
0.0330461
0.0335129
0.0336712
0.03367
0.0335117
0.033047
0.0330466
0.0330479
0.0330473
0.033047
0.0330466
0.0330461
0.0330477
0.0330479
0.0330463
0.0325951
0.0325944
0.0330469
0.0330464
0.0336714
0.0330466
0.033669
0.0348219
0.0348202
0.0341535
0.0341547
0.0336697
0.0330461
0.0336704
0.0335122
0.0330466
0.0336706
0.0330466
0.0330476
0.0330471
0.0330466
0.0330462
0.0336693
0.0335125
0.0335142
0.0330474
0.0336711
0.0330479
0.0325954
0.033048
0.0335091
0.0335133
0.0330475
0.0325905
0.0330431
0.0330466
0.0330487
0.033672
0.0330468
0.0325918
0.0330461
0.0330456
0.0330494
0.0335119
0.0330464
0.0330481
0.0330482
0.0330493
0.0330481
0.0330469
0.0330479
0.0325955
0.0330499
0.0336718
0.0335112
0.0346492
0.0341499
0.0330478
0.0336685
0.0335113
0.0330467
0.0330442
0.0330484
0.0335128
0.0335149
0.0330473
0.0330467
0.0325922
0.0330477
0.0330477
0.0336711
0.033047
0.0325935
0.0330455
0.0330475
0.0336705
0.0330482
0.0330481
0.0330482
0.0330471
0.0336719
0.0330484
0.0330467
0.0330451
0.0330483
0.0330454
0.0330451
0.0330476
0.0330444
0.0330465
0.0330467
0.0336721
0.0335109
0.0330482
0.0324437
0.0330463
0.0325942
0.0324443
0.0330455
0.0336726
0.0330478
0.0330467
0.0330475
0.0330491
0.0330476
0.0330469
0.0330471
0.0330461
0.0336694
0.0336677
0.0335125
0.0330476
0.0336707
0.0330461
0.0330466
0.0335139
0.0330439
0.0325913
0.0330444
0.033048
0.0335103
0.0346508
0.0335123
0.0330469
0.0325926
0.0330488
0.0330466
0.0330463
0.0325947
0.0330469
0.0330464
0.0330478
0.0330455
0.0336708
0.0330461
0.0336718
0.0335122
0.0336717
0.0341538
0.0330466
0.0330493
0.0335132
0.0336707
0.0325945
0.0330456
0.0330475
0.0330486
0.0330481
0.0330469
0.0336689
0.0330487
0.0330478
0.0330489
0.0330464
0.0330487
0.0336727
0.033048
0.033047
0.0330486
0.0330479
0.0330486
0.033672
0.0336732
0.0330487
0.0330488
0.0336711
0.0330475
0.0336703
0.033513
0.0330471
0.0330468
0.0335111
0.033044
0.0330472
0.0335139
0.0346508
0.0341498
0.0330468
0.0336686
0.0330477
0.0330468
0.0330473
0.0330464
0.0330454
0.0330445
0.0336691
0.0325931
0.0330467
0.0330463
0.0336691
0.0330461
0.033049
0.0335134
0.0346518
0.0335112
0.0330457
0.0336677
0.0336712
0.0330438
0.0330472
0.0330472
0.0330474
0.0330467
0.0330444
0.0336711
0.0330478
0.0330478
0.0330487
0.0330464
0.0330451
0.0330458
0.0330477
0.0335096
0.0330455
0.0335144
0.0330475
0.0335122
0.0336708
0.0336718
0.0325939
0.0336675
0.0348189
0.0341559
0.0330471
0.032445
0.0335116
0.0330469
0.0330464
0.033513
0.0330473
0.0330486
0.0336704
0.033047
0.0336696
0.0330467
0.033048
0.0336697
0.0336693
0.0330464
0.0336698
0.0325933
0.0330465
0.0341551
0.0330468
0.0336705
0.0330474
0.0330472
0.0330474
0.0330463
0.0330463
0.0330465
0.033044
0.0336716
0.0330474
0.033048
0.0330412
0.0336683
0.0336685
0.0330474
0.0325947
0.0336684
0.0341527
0.0336699
0.0330473
0.0336703
0.0348197
0.0336681
0.0330449
0.0330462
0.0336704
0.0325936
0.0330463
0.0330465
0.0324471
0.0330474
0.0330458
0.0335134
0.0336715
0.0336683
0.0341516
0.0346512
0.0335122
0.0336724
0.0341522
0.0330471
0.033047
0.034154
0.0330467
0.0330469
0.0330462
0.0330444
0.0335127
0.0330474
0.0335116
0.0330478
0.0335129
0.0341547
0.0330478
0.0336717
0.0336706
0.0335131
0.0346501
0.033513
0.033048
0.0341536
0.0330453
0.0335109
0.0330493
0.0330476
0.033048
0.0325907
0.0336701
0.0330439
0.0330443
0.0330455
0.0330456
0.0335088
0.0330441
0.0330482
0.0330463
0.0336718
0.0330433
0.0330458
0.0336724
0.0330475
0.0336692
0.0330463
0.0330454
0.0325958
0.0330472
0.0336702
0.0336695
0.0348214
0.0336718
0.0325932
0.0336701
0.0335128
0.0330443
0.0330468
0.0325934
0.0325932
0.0330491
0.0330446
0.0330447
0.0336704
0.0330489
0.0330463
0.0330475
0.0330467
0.0330501
0.0330476
0.0330441
0.0330466
0.0330473
0.0330449
0.0330485
0.0330475
0.0330482
0.0336723
0.0335119
0.0330484
0.0336706
0.0330456
0.0330462
0.0330472
0.0330495
0.0330484
0.0330483
0.0330457
0.0330434
0.0330471
0.033513
0.0330453
0.0330486
0.0336722
0.0336704
0.0330468
0.0330461
0.0336691
0.033045
0.0330464
0.0336711
0.034153
0.0330482
0.0336711
0.0330467
0.0335113
0.033048
0.033048
0.0330477
0.0330453
0.0341546
0.0330481
0.0330472
0.0330475
0.0335128
0.0330467
0.0330486
0.0335126
0.0330449
0.0336729
0.0336713
0.0330463
0.0325957
0.0330471
0.0330419
0.033046
0.0335093
0.0330441
0.0330479
0.0330443
0.0330452
0.0330475
0.0330481
0.03367
0.0336688
0.0330445
0.0336716
0.0330449
0.0330419
0.0330484
0.0336714
0.0330466
0.0330492
0.0336695
0.0330463
0.0341536
0.0336677
0.0336697
0.033046
0.0324457
0.0330454
0.0330456
0.0336688
0.0330462
0.0336706
0.0330464
0.033512
0.0341542
0.0330463
0.0335123
0.0335122
0.0336712
0.0330452
0.033048
0.0330444
0.033047
0.0325955
0.0336695
0.03351
0.0330469
0.0330452
0.0335118
0.0330481
0.0336695
0.0330466
0.0325941
0.0330465
0.0330478
0.0336704
0.0330439
0.0330474
0.0330461
0.0330477
0.0330466
0.0330473
0.0330462
0.0330451
0.0330471
0.0330453
0.0330436
0.0336686
0.0330481
0.0335126
0.0330487
0.0335114
0.0330463
0.0330463
0.0330482
0.0330473
0.0336709
0.0336686
0.0335122
0.0336692
0.0348201
0.0336718
0.0330479
0.0336695
0.0330435
0.0336707
0.0330432
0.0330472
0.0330478
0.032594
0.0330469
0.0330481
0.0330455
0.0336701
0.0325945
0.0336702
0.0336725
0.0336718
0.0325925
0.0336697
0.0330457
0.0341546
0.0330473
0.0330482
0.0336714
0.0330463
0.0330476
0.0336694
0.0330446
0.0330467
0.0330453
0.0335114
0.0330467
0.0330469
0.0336695
0.0335117
0.0330456
0.033511
0.0330452
0.0335115
0.0330466
0.0330472
0.033671
0.0330471
0.03367
0.0330473
0.0330456
0.0330429
0.0335115
0.0330476
0.0325915
0.0330439
0.0330454
0.0330459
0.0336671
0.0330471
0.033046
0.0330476
0.0330466
0.0330472
0.0336677
0.0330466
0.0335123
0.0330455
0.0330495
0.0336704
0.0325938
0.0325962
0.0325947
0.0330479
0.0330466
0.0336693
0.0330491
0.0330483
0.03367
0.0330475
0.0325938
0.0330473
0.0330483
0.0330447
0.0335116
0.0330477
0.0336695
0.0330465
0.0320032
0.0330454
0.0330487
0.0330452
0.0330448
0.0341552
0.0330461
0.0330465
0.0336708
0.0330475
0.0330482
0.0335139
0.0330461
0.0330485
0.0330479
0.0335141
0.0330463
0.033046
0.0330483
0.033048
0.0330437
0.0335109
0.0330458
0.0330441
0.0341549
0.0348201
0.0336694
0.0330464
0.033046
0.0336699
0.0330489
0.0330478
0.0341532
0.0330468
0.0325913
0.0325933
0.0330479
0.0330469
0.0336709
0.0330461
0.0330477
0.0330469
0.0336681
0.0336682
0.0330457
0.033046
0.0336735
0.0330451
0.0330439
0.0330466
0.0330475
0.0330471
0.0335116
0.033047
0.0330456
0.0330453
0.033048
0.0330468
0.0330467
0.0330471
0.0330451
0.0335108
0.0335144
0.033048
0.0336686
0.0325918
0.033048
0.0335128
0.0335109
0.0330461
0.0335116
0.0330462
0.0330485
0.0335134
0.0330472
0.0335136
0.0330473
0.0336697
0.0330474
0.0330455
0.0336705
0.0336706
0.03351
0.033045
0.0336685
0.0336681
0.0330475
0.0330488
0.0330468
0.0330479
0.0330476
0.0330463
0.0325914
0.0336693
0.0330476
0.033048
0.0330473
0.0330458
0.0330454
0.0330466
0.0325942
0.0330466
0.0324463
0.0330454
0.0330474
0.033511
0.0330476
0.0330451
0.0330475
0.0330454
0.0336706
0.033047
0.0336706
0.0330476
0.033671
0.0330429
0.033046
0.0330458
0.0330467
0.03367
0.0330464
0.033513
0.0330478
0.0336697
0.0348189
0.0341535
0.033046
0.0330481
0.0330463
0.0336688
0.0330473
0.0336712
0.0325944
0.0330466
0.0330472
0.0325946
0.0330448
0.0336719
0.0330477
0.0330473
0.0336684
0.0336705
0.0330466
0.0330451
0.0330477
0.0330469
0.0341549
0.0330479
0.0330472
0.0330469
0.0330481
0.0330488
0.0330451
0.0330465
0.0330449
0.0330482
0.0325939
0.0330472
0.0330475
0.0330458
0.0325939
0.0330452
0.0336674
0.0330468
0.0325942
0.0330472
0.0336715
0.0330474
0.0325946
0.0336677
0.0330472
0.0325926
0.0330483
0.0330445
0.0330459
0.0330445
0.0330458
0.0335132
0.0330476
0.0330459
0.0330485
0.033048
0.0330454
0.033047
0.0330474
0.0336709
0.0336691
0.0348181
0.0336711
0.0330471
0.033047
0.0330477
0.0330479
0.0330477
0.0330463
0.033513
0.0330479
0.0336714
0.0330478
0.0336695
0.0330491
0.033513
0.033048
0.0325962
0.0336698
0.0336714
0.0330448
0.0330459
0.0330449
0.0330472
0.0336696
0.0336707
0.0325936
0.0330467
0.0330489
0.0330466
0.033047
0.0325954
0.0330448
0.0330468
0.0330478
0.0330449
0.0336698
0.0330461
0.032595
0.0330471
0.0335129
0.0330448
0.0330474
0.0330469
0.0330465
0.0330469
0.0336707
0.0348213
0.0336708
0.0330489
0.033048
0.0330468
0.0336715
0.0336694
0.0330476
0.0341541
0.033511
0.0330455
0.0330475
0.0336676
0.0336718
0.0348198
0.0336671
0.0336698
0.0330453
0.0330454
0.033049
0.0330477
0.0336714
0.0330475
0.0330457
0.0330483
0.0330452
0.033047
0.0330469
0.0335118
0.0330419
0.0335126
0.0336702
0.0330446
0.0330461
0.0335131
0.0330455
0.0330479
0.0336701
0.0330483
0.0330476
0.0330451
0.0330451
0.0336693
0.0335128
0.033045
0.0325935
0.0330455
0.0336719
0.0330478
0.0336705
0.0330472
0.0330474
0.0330463
0.0324442
0.0335113
0.0336696
0.033671
0.0336701
0.0330455
0.0330473
0.0330458
0.0336729
0.0330473
0.0341538
0.0330465
0.0330462
0.0325946
0.0330485
0.0330468
0.0330466
0.0335111
0.0330467
0.0330465
0.0330466
0.0330451
0.0330468
0.032595
0.0325943
0.0330457
0.0335111
0.0346521
0.0335128
0.0330483
0.0336698
0.0336723
0.0330481
0.0330448
0.0336698
0.0330476
0.0330466
0.0330482
0.0330471
0.0335125
0.0330462
0.0325945
0.0336691
0.0330459
0.0330476
0.0330463
0.0336692
0.0330459
0.0336696
0.0330456
0.0330459
0.0330464
0.033669
0.0330474
0.0330461
0.0330466
0.0325947
0.0336705
0.0335138
0.0341535
0.0330452
0.0330485
0.0330472
0.0330476
0.033048
0.0330487
0.0330454
0.0330453
0.0336688
0.0330489
0.0330479
0.0336707
0.033511
0.0341524
0.0330452
0.0330467
0.0336714
0.0330465
0.033048
0.0336708
0.0348196
0.0336714
0.033047
0.0330474
0.0330479
0.0335111
0.033046
0.0330465
0.0330468
0.0330471
0.0330469
0.0330463
0.0336693
0.033049
0.0341536
0.0335111
0.0336724
0.0330461
0.0330463
0.0330477
0.033511
0.0335124
0.0330474
0.0330436
0.033045
0.0330463
0.0330486
0.0330459
0.0336707
0.033672
0.033672
0.033045
0.0330459
0.0341504
0.0336715
0.0341542
0.033669
0.033047
0.0330459
0.0330485
0.0336711
0.0335125
0.0335125
0.0330473
0.0330463
0.0330484
0.0330484
0.0330474
0.0330479
0.0330473
0.0325928
0.0330477
0.0330467
0.0330451
0.0330468
0.0330476
0.0330479
0.0330465
0.033047
0.0330475
0.0324479
0.033047
0.0330475
0.0336663
0.0325929
0.0330468
0.0336689
0.0336691
0.0330477
0.0330492
0.0330446
0.0330472
0.0330473
0.0330493
0.0330477
0.0330489
0.0330463
0.0330466
0.0335127
0.034649
0.0341518
0.0330484
0.0330463
0.0336689
0.0336713
0.0335115
0.0336725
0.0330479
0.0325946
0.033047
0.0325938
0.0336667
0.0336693
0.033044
0.0330475
0.0335122
0.033672
0.0330462
0.0330465
0.033047
0.033512
0.0336713
0.0336697
0.033512
0.0330468
0.0330473
0.0330473
0.033046
0.0330465
0.0325934
0.0330467
0.0330481
0.0325942
0.0330472
0.0330457
0.0330486
0.0330483
0.0336701
0.0330469
0.0341533
0.0336708
0.0330444
0.032594
0.033049
0.0324462
0.0330474
0.0330462
0.0330471
0.0330489
0.0336702
0.0348207
0.0360512
0.0362079
0.0349662
0.033807
0.0333126
0.0339224
0.0338082
0.0333124
0.0338074
0.0338064
0.0333091
0.033313
0.0333121
0.0333139
0.0339203
0.0333122
0.0333137
0.0339212
0.033311
0.0333119
0.033312
0.0333101
0.0333107
0.033802
0.0344358
0.0350885
0.033921
0.0333118
0.0339211
0.0333117
0.0333107
0.0333112
0.0333124
0.0333122
0.0333133
0.0333112
0.0339225
0.0333123
0.0333112
0.0338077
0.0333131
0.0338101
0.0333102
0.0333128
0.0344369
0.0333123
0.0333097
0.033806
0.0333124
0.0333124
0.033313
0.033809
0.0333142
0.0344336
0.0333093
0.0333132
0.0333122
0.0333104
0.0339226
0.0333134
0.033313
0.0333116
0.0333146
0.0338069
0.032723
0.0333096
0.0327222
0.0333135
0.0327231
0.0333116
0.0327238
0.0333133
0.0333123
0.0333114
0.033312
0.032827
0.0333134
0.0339226
0.0333129
0.0333122
0.0333124
0.0338095
0.0333099
0.033312
0.0338087
0.0333122
0.0333114
0.0333127
0.0333132
0.0333116
0.0333122
0.0344371
0.0333137
0.033809
0.0333141
0.0344377
0.0333109
0.0333122
0.0333144
0.0333137
0.0339232
0.0333091
0.0338074
0.0333147
0.0338078
0.0338089
0.0333132
0.0333122
0.0333104
0.0333125
0.0338086
0.0333106
0.0338073
0.0333131
0.0333125
0.0338069
0.0333119
0.0333128
0.0333123
0.0333112
0.0333072
0.0333096
0.033312
0.0333112
0.0333116
0.0333141
0.0333095
0.0333103
0.0333126
0.0333122
0.0339215
0.033311
0.0333119
0.0333106
0.0333103
0.0339196
0.0339206
0.033808
0.0333121
0.0333092
0.0338077
0.0333101
0.0339198
0.0333119
0.0344366
0.0333115
0.0338075
0.03331
0.0338084
0.0333139
0.0333118
0.0333126
0.0333085
0.0333128
0.0344373
0.0338079
0.0333131
0.0338075
0.0333134
0.0333129
0.0333136
0.0333131
0.0333112
0.0333137
0.0333071
0.033808
0.0333111
0.0333112
0.0333118
0.0333128
0.0333139
0.0333123
0.0333127
0.0333131
0.0333114
0.0333122
0.0333133
0.0333137
0.0333138
0.0333092
0.0338079
0.0333129
0.0333127
0.0338084
0.0333117
0.0333118
0.0333091
0.0333121
0.0333114
0.0339236
0.0333122
0.0333126
0.0333128
0.0333111
0.032723
0.0333108
0.0333125
0.0333125
0.0333126
0.0333101
0.0338061
0.0333128
0.0333131
0.0333091
0.0327238
0.0333114
0.0333121
0.0338089
0.0333124
0.0333136
0.0333131
0.0338085
0.0333129
0.033806
0.0333095
0.0328223
0.0333099
0.0333111
0.0339227
0.0333127
0.0333113
0.0333118
0.0338029
0.0339229
0.0333106
0.0333103
0.0333123
0.033313
0.0333136
0.0339243
0.0333125
0.0339239
0.0333124
0.0339221
0.033808
0.0333118
0.0328315
0.0333128
0.0333131
0.0338066
0.0327233
0.0333115
0.033311
0.0328301
0.0327237
0.0333088
0.033313
0.0333133
0.0338069
0.03381
0.0349665
0.0338056
0.0338086
0.0333094
0.033807
0.033313
0.0333151
0.0338078
0.033313
0.0327231
0.0327233
0.0333138
0.0339229
0.0333123
0.0327208
0.0333122
0.0333114
0.0333118
0.0333117
0.0333094
0.0333114
0.0327245
0.0333101
0.033312
0.0333124
0.0339235
0.0333118
0.0333099
0.0339256
0.0338064
0.0338084
0.0333118
0.0338072
0.033311
0.0333127
0.0333121
0.0327224
0.0338091
0.033807
0.0339232
0.0333106
0.0338059
0.0338068
0.0333137
0.0344359
0.0333151
0.0333118
0.0339225
0.0333121
0.0333132
0.0338088
0.0333113
0.0338063
0.0333096
0.0339195
0.033314
0.0333107
0.0333103
0.0333119
0.0338061
0.0349648
0.0338078
0.0333118
0.033807
0.0333102
0.0333117
0.0339224
0.0338085
0.033312
0.033311
0.034437
0.0333071
0.0333121
0.0338059
0.033311
0.0333123
0.0333128
0.0333131
0.0333099
0.0339234
0.0333118
0.0338088
0.0338067
0.0333106
0.0333117
0.0333135
0.033313
0.0338096
0.0333123
0.0327212
0.0333129
0.0333127
0.0333128
0.0327214
0.0333125
0.033312
0.0333118
0.033312
0.0339226
0.0338089
0.0333127
0.033312
0.0333126
0.0333118
0.0333119
0.033809
0.0333124
0.0333087
0.0333104
0.0333128
0.0333109
0.0339226
0.0333093
0.0344377
0.034967
0.0338073
0.0333112
0.0339223
0.0339228
0.0333134
0.0333129
0.0333132
0.0333118
0.0339235
0.033309
0.0333121
0.0333103
0.0333117
0.0339225
0.0333132
0.032724
0.0333133
0.0327215
0.0333129
0.0333111
0.0333124
0.0333094
0.0333099
0.0338066
0.0333102
0.0333111
0.0333097
0.0333132
0.0338068
0.0333114
0.0344333
0.0349656
0.0344356
0.0338072
0.0333105
0.0333127
0.033808
0.0333116
0.0333119
0.0339206
0.0339232
0.0338093
0.0333123
0.0333124
0.0333104
0.0338061
0.0333106
0.0333123
0.0333116
0.0338088
0.0338087
0.0333106
0.0327228
0.03272
0.0338052
0.0333104
0.0333148
0.0339213
0.0333123
0.0333108
0.0333135
0.0333122
0.0344367
0.0338089
0.033312
0.0333118
0.0333135
0.0327218
0.0338075
0.0333135
0.0338069
0.0338066
0.0349648
0.0350878
0.034436
0.0333131
0.033312
0.0333128
0.0333115
0.032724
0.0333117
0.033808
0.0327211
0.0333122
0.0333112
0.0333128
0.0333074
0.0333106
0.0333134
0.0333139
0.0344352
0.033807
0.0333146
0.0338068
0.0333127
0.0339188
0.0333105
0.0333125
0.0333118
0.0333115
0.0339238
0.0333122
0.0333123
0.0333124
0.0339227
0.0333135
0.0338073
0.0333124
0.0333121
0.0338076
0.0338085
0.0333123
0.033314
0.0339242
0.0333137
0.0338075
0.0327213
0.0333108
0.0333107
0.0333134
0.0339221
0.0338055
0.0327176
0.0333116
0.0333121
0.0338093
0.0339237
0.0333115
0.0333128
0.0338066
0.0333117
0.0338065
0.0333126
0.0338086
0.0333126
0.0333113
0.0333116
0.0333119
0.0339202
0.0333106
0.0328283
0.0333127
0.0333096
0.0333121
0.0338063
0.0333103
0.0339225
0.0333139
0.0333117
0.0333113
0.033313
0.0333135
0.0333122
0.0338076
0.0333129
0.0333117
0.0328315
0.0339213
0.0339206
0.0333121
0.0338058
0.0333113
0.0333124
0.0333111
0.0333125
0.033312
0.0339231
0.0333141
0.0333122
0.0333126
0.0338066
0.0333125
0.0333124
0.0339187
0.0333122
0.0333136
0.033311
0.0338075
0.0327207
0.0333138
0.0333127
0.0333124
0.033314
0.032723
0.0338066
0.0333121
0.0333128
0.033312
0.033807
0.0333118
0.0339228
0.0333106
0.0333118
0.0338087
0.0333109
0.0333117
0.0333104
0.0333138
0.0333115
0.0327227
0.0338079
0.0333125
0.0338097
0.033313
0.0338074
0.032722
0.0333129
0.0333119
0.0333124
0.0328291
0.0333122
0.0339243
0.033311
0.0344366
0.0338065
0.0333105
0.0339232
0.0333144
0.0327205
0.0338059
0.0333123
0.0333116
0.0333121
0.0333139
0.0333124
0.0338093
0.0333118
0.033312
0.0333114
0.0344374
0.0333105
0.0327218
0.0333127
0.0339249
0.0350906
0.0339203
0.033803
0.033311
0.0333076
0.0333117
0.0333133
0.0333099
0.0338072
0.0333109
0.0333107
0.0333124
0.0338081
0.0333119
0.0333133
0.0339238
0.0333134
0.0333088
0.0338068
0.0338069
0.0333127
0.0344368
0.0333107
0.0327234
0.0333133
0.0333133
0.03444
0.0333129
0.0333119
0.0333088
0.0339217
0.0338073
0.0333113
0.0333137
0.0338091
0.0327224
0.0338078
0.0333119
0.0338065
0.0333121
0.0333129
0.0333107
0.0333098
0.0338062
0.0333118
0.0328287
0.0333118
0.0333119
0.0333119
0.0339219
0.0338041
0.0349659
0.0344381
0.0333135
0.0338036
0.0327208
0.033311
0.0333135
0.0333117
0.033313
0.033315
0.0338067
0.0333124
0.03331
0.0338074
0.0339232
0.0333109
0.0333101
0.0339213
0.0333112
0.0327183
0.0338066
0.0333125
0.0333122
0.0333111
0.0327213
0.033313
0.0333104
0.0333137
0.0338074
0.0333116
0.0327232
0.0338081
0.0333125
0.0333131
0.0333132
0.0327231
0.0333132
0.0333121
0.0327198
0.0333121
0.0339229
0.0333122
0.0333118
0.0333098
0.0328315
0.0339208
0.0333146
0.0333124
0.0338044
0.0333134
0.0339187
0.0333124
0.0333111
0.033311
0.0338091
0.0333129
0.0338067
0.0333119
0.0333084
0.0339229
0.0333116
0.0333117
0.0333112
0.0339211
0.0338076
0.0327235
0.0338077
0.0349672
0.0338073
0.0338074
0.0339238
0.0333108
0.0328269
0.0333117
0.0339227
0.0328306
0.0333117
0.0333111
0.0333117
0.03331
0.0339207
0.0333124
0.0333122
0.0333133
0.0333114
0.0333112
0.0333102
0.033313
0.0338088
0.0344352
0.0333114
0.0333128
0.0338063
0.0333119
0.0333135
0.0339233
0.0350901
0.0339233
0.0333109
0.0333124
0.0338044
0.0327207
0.0333128
0.0327212
0.0333119
0.0333114
0.0338074
0.0338072
0.033313
0.0339239
0.0333112
0.0333121
0.0333124
0.0333118
0.0333128
0.0328289
0.0339247
0.0333116
0.0333129
0.0333124
0.0333126
0.033313
0.0339233
0.033807
0.033313
0.0333127
0.0333114
0.0333107
0.033923
0.033313
0.0333144
0.0327247
0.0338099
0.0338082
0.033922
0.0339207
0.0333117
0.0333119
0.0333132
0.0333113
0.0333101
0.033312
0.0333131
0.0333141
0.0333135
0.0333115
0.0333116
0.0333148
0.0327227
0.033809
0.0333117
0.0333137
0.033809
0.0333093
0.0339236
0.0339211
0.0338074
0.0333114
0.0338089
0.0339216
0.0338061
0.0333125
0.0333113
0.0339234
0.0333127
0.0333135
0.0333093
0.0339224
0.0350867
0.0339217
0.0333117
0.0333131
0.0338092
0.0333112
0.0333123
0.0333112
0.0333109
0.0333123
0.0338063
0.0333112
0.0333131
0.0333146
0.0333118
0.0333112
0.0333089
0.0333125
0.0339236
0.0333126
0.033314
0.0338078
0.0339227
0.0350892
0.0339234
0.0333132
0.0333108
0.0333128
0.0333129
0.0338069
0.033316
0.0333128
0.0333109
0.0333121
0.0339225
0.0333126
0.0333124
0.0333105
0.0338096
0.033807
0.0333135
0.0333113
0.0333132
0.0333131
0.033807
0.0333141
0.0333127
0.0333126
0.0338093
0.0338067
0.0327219
0.0333124
0.0333127
0.0339219
0.0333133
0.0333148
0.0327229
0.033806
0.0333128
0.0333108
0.0339232
0.0333097
0.0339237
0.0333118
0.0333114
0.0333132
0.033314
0.0338065
0.0333108
0.0338101
0.033312
0.0338081
0.0333138
0.0333133
0.0333106
0.0327212
0.0327232
0.0333132
0.0333111
0.0333093
0.0328272
0.0333126
0.0327209
0.0333102
0.0338088
0.0338074
0.0338073
0.0333134
0.0338095
0.0333089
0.0338054
0.0333141
0.0333109
0.033313
0.033312
0.0333124
0.0333118
0.0338076
0.0333136
0.0333139
0.0333128
0.0333117
0.0338097
0.0338069
0.0333122
0.0338068
0.0333126
0.033314
0.0339213
0.0333128
0.0333126
0.033807
0.0333137
0.0333112
0.0344351
0.0333117
0.0327238
0.0333109
0.0333137
0.0333128
0.0333112
0.0338076
0.0338085
0.0333139
0.0333134
0.0339216
0.0333133
0.0338049
0.0349639
0.0338067
0.0327242
0.0338074
0.0349669
0.033808
0.0333121
0.0338081
0.0327231
0.0338039
0.0333101
0.0333113
0.034434
0.0333128
0.033311
0.0338081
0.0333117
0.0333123
0.0333135
0.0327223
0.0333138
0.0333109
0.0338042
0.033313
0.0333147
0.0338073
0.0333098
0.0333092
0.03331
0.0333122
0.0344352
0.033313
0.0338078
0.0333133
0.0339238
0.0338082
0.0333103
0.033312
0.0333131
0.0333099
0.0333115
0.0333115
0.0338075
0.033922
0.0333102
0.0328275
0.0339214
0.0328291
0.0333117
0.0333133
0.033313
0.033311
0.0344355
0.0333105
0.0333109
0.0338085
0.0333125
0.0333114
0.0339233
0.0333131
0.0333121
0.0333114
0.0338087
0.0333137
0.0333116
0.0338077
0.0339219
0.0339238
0.0338081
0.0338104
0.0333101
0.0327218
0.0333133
0.0333144
0.0338087
0.0338068
0.0333118
0.0338098
0.0333136
0.0333142
0.033314
0.0339232
0.0333117
0.0333104
0.03331
0.0333128
0.0333104
0.0333123
0.0333125
0.0333114
0.0339233
0.0339237
0.0333112
0.0333119
0.0333145
0.0338102
0.0349661
0.0338077
0.0339239
0.0333122
0.0333135
0.0327222
0.0338083
0.0338087
0.0333102
0.0333122
0.0338083
0.0333126
0.0339213
0.0333072
0.0333113
0.0327216
0.0338081
0.0333117
0.0333128
0.0333117
0.0338092
0.0333125
0.033308
0.0333116
0.0327228
0.0333126
0.0339231
0.0333118
0.0333138
0.0333136
0.0339232
0.0350909
0.0339224
0.033312
0.033922
0.0333119
0.0338088
0.033923
0.0333128
0.0327228
0.0333115
0.0333124
0.0333138
0.033924
0.0333136
0.0333092
0.0338082
0.0349675
0.033808
0.0338065
0.0333095
0.0338072
0.033923
0.0333117
0.0338079
0.0333111
0.0333121
0.0333122
0.0339233
0.0333106
0.0333127
0.0333119
0.0333121
0.0333114
0.0333109
0.0338049
0.0333123
0.0333121
0.0333113
0.0327231
0.0333109
0.0333107
0.0338086
0.0338067
0.03331
0.0333113
0.0333116
0.0339242
0.0339207
0.034436
0.0333107
0.0333101
0.0333105
0.0327224
0.0333124
0.0338076
0.0333122
0.0338099
0.0333126
0.0344387
0.033312
0.0328317
0.0339219
0.0328297
0.0333132
0.0333124
0.0338072
0.0333133
0.0333133
0.0333117
0.0333132
0.0333116
0.0338077
0.033809
0.0333119
0.0338089
0.0349654
0.0338082
0.0333138
0.0333119
0.0339225
0.0350908
0.0344368
0.0338051
0.0333096
0.033313
0.033924
0.0338088
0.0338084
0.0333143
0.0339221
0.0333137
0.0333112
0.0333106
0.0333123
0.0333091
0.0333122
0.0333113
0.0338046
0.0333123
0.0322539
0.0333122
0.0333094
0.0338074
0.0333136
0.0333106
0.0322575
0.033314
0.0333118
0.0333115
0.0333135
0.0333103
0.0328284
0.0327178
0.0333125
0.0333096
0.0339223
0.033923
0.0339208
0.033921
0.0333117
0.0339243
0.0338071
0.0338097
0.0339241
0.0339227
0.0333105
0.0333119
0.0338079
0.0333127
0.033313
0.0333124
0.0338069
0.0333087
0.033311
0.0333092
0.0333094
0.0338078
0.0333124
0.0338081
0.03331
0.0339227
0.0333123
0.033312
0.0333118
0.0333125
0.0333116
0.0333129
0.0333095
0.0338083
0.0333128
0.0333105
0.0333102
0.0338067
0.0327237
0.0333134
0.0333123
0.0338073
0.0333134
0.033808
0.0333132
0.033311
0.0333123
0.0327243
0.03331
0.0333118
0.0333137
0.0338056
0.0333117
0.0333133
0.0328298
0.0333114
0.0333108
0.0333114
0.0333123
0.0339224
0.033311
0.033922
0.0344371
0.0333123
0.0344371
0.033314
0.0333122
0.0333113
0.0333095
0.0333122
0.0333142
0.033809
0.0333122
0.0344365
0.0333141
0.0338079
0.0338079
0.0327238
0.0333129
0.0333123
0.0339231
0.0333135
0.0339212
0.0338087
0.033307
0.0333116
0.0339227
0.0333126
0.0333109
0.033312
0.0333123
0.0333121
0.033807
0.0333122
0.0333113
0.0333126
0.0333138
0.0333122
0.0339213
0.0333097
0.0333131
0.0333111
0.0327229
0.0333147
0.0333096
0.0333129
0.0339202
0.033923
0.0350893
0.0339231
0.0333127
0.0338082
0.0333128
0.0339202
0.0339241
0.0333096
0.0333114
0.0333104
0.0339229
0.033809
0.0349656
0.0338093
0.0338089
0.0327242
0.0333116
0.0339247
0.033312
0.0338077
0.0333127
0.0338074
0.0333117
0.0333115
0.0333109
0.0333123
0.0333096
0.0333128
0.0339248
0.0339217
0.0333123
0.0333104
0.0333132
0.0333125
0.0333117
0.0333106
0.0327253
0.0333122
0.033808
0.0338075
0.0333131
0.0333129
0.0333128
0.0338084
0.033312
0.0333106
0.0333153
0.0333123
0.0333128
0.0327228
0.0338101
0.0338067
0.0333105
0.033314
0.0333116
0.0333104
0.0333108
0.0333097
0.0339209
0.0333102
0.0333109
0.0333112
0.0338089
0.0333099
0.0344378
0.0338094
0.0338082
0.0333131
0.0333121
0.033312
0.0333113
0.0338068
0.0333127
0.0333129
0.0333125
0.033314
0.0327249
0.0333136
0.0333109
0.0339215
0.0333125
0.032722
0.0333132
0.0333117
0.0338062
0.0333129
0.0327227
0.0333123
0.0333104
0.0338059
0.0333104
0.0338086
0.033312
0.0327244
0.0327232
0.0333124
0.0333128
0.0333137
0.0333123
0.033312
0.0333106
0.0333104
0.0333131
0.0333123
0.0339229
0.033313
0.0333108
0.0333102
0.0339215
0.0333126
0.0333128
0.0339223
0.0350872
0.033923
0.0339276
0.0333131
0.0333113
0.0333124
0.0333115
0.0333114
0.0333135
0.0339226
0.0339208
0.0333115
0.0333143
0.0339224
0.033311
0.0338077
0.0333075
0.0333123
0.0333129
0.0333125
0.0333109
0.0333131
0.0339233
0.0338036
0.0333087
0.0338064
0.0333091
0.0333109
0.0333124
0.0333123
0.0338067
0.0333108
0.0327247
0.033808
0.0333114
0.0338063
0.0333127
0.0338084
0.033311
0.0333136
0.033313
0.0333109
0.033311
0.033313
0.0333128
0.0333124
0.0327198
0.0333119
0.0338091
0.0333125
0.0333108
0.0333119
0.0333113
0.0333101
0.033313
0.0339229
0.0333134
0.0333115
0.0333103
0.0338081
0.0349674
0.0344381
0.0333123
0.0327205
0.0333135
0.0327227
0.0327193
0.0333107
0.0333128
0.0333115
0.0338087
0.0333118
0.0333129
0.0333113
0.0333125
0.0333104
0.0333115
0.03331
0.0333129
0.0338072
0.0333115
0.0339236
0.0338076
0.0349658
0.0338102
0.0333125
0.0333128
0.0333124
0.0333113
0.0333123
0.032723
0.0333143
0.0333119
0.0333113
0.0338086
0.0333119
0.0333124
0.0333114
0.0327239
0.0327225
0.0333096
0.0338069
0.0333147
0.0327217
0.0333094
0.032721
0.0327242
0.0333115
0.0339239
0.0333106
0.033313
0.0339212
0.0333127
0.0333121
0.0339205
0.0338066
0.0338088
0.0344382
0.0333125
0.0333112
0.032723
0.0333118
0.0338049
0.033311
0.0333118
0.033805
0.0333109
0.0338083
0.0333078
0.0333087
0.033314
0.0338094
0.0333133
0.0333129
0.0338082
0.0333117
0.0333123
0.0333123
0.0333121
0.0333133
0.0339239
0.0333129
0.0339229
0.0333122
0.0333108
0.0333123
0.0333123
0.0333122
0.03331
0.0339211
0.035089
0.0344323
0.033312
0.0338064
0.0338071
0.0333135
0.0338086
0.0333125
0.0333129
0.0333133
0.0338078
0.0333119
0.0333129
0.033313
0.0333112
0.0333123
0.0333123
0.0333133
0.0339206
0.0339232
0.0333102
0.0333104
0.0333133
0.0339243
0.0339215
0.0333117
0.0338068
0.0338077
0.0333115
0.0339227
0.033923
0.0333104
0.033807
0.0333121
0.0333123
0.0333115
0.0322582
0.0333126
0.0333131
0.0333107
0.0338076
0.0333119
0.0338064
0.0333109
0.0338059
0.0338059
0.033313
0.0333095
0.0333128
0.0338085
0.0333113
0.0333135
0.0333119
0.0339221
0.0339226
0.0339223
0.0333138
0.0333136
0.0333128
0.0338066
0.0333112
0.0338079
0.0327249
0.0333122
0.0333127
0.0333111
0.0338078
0.033312
0.0339226
0.0333128
0.0333145
0.0333132
0.0338085
0.0333124
0.0333128
0.034436
0.0349676
0.0338078
0.0333133
0.0333132
0.033313
0.0333118
0.033922
0.0338077
0.0338095
0.03331
0.0327222
0.0333115
0.0327214
0.0327232
0.0333143
0.0327235
0.0333113
0.0338034
0.0333107
0.0339212
0.0350892
0.033923
0.0333108
0.0327228
0.0333126
0.0333122
0.0333121
0.0333095
0.0338069
0.033311
0.0333112
0.0339247
0.0333117
0.0333121
0.0333129
0.0333119
0.0333119
0.0328305
0.0333126
0.0344371
0.0333124
0.0333133
0.0339221
0.0333126
0.033809
0.0333136
0.0339227
0.0333124
0.0333122
0.033312
0.0333125
0.0333123
0.0333124
0.0333131
0.0339243
0.0339217
0.033311
0.033808
0.0333135
0.0338085
0.0333132
0.0333135
0.0339225
0.0333117
0.0333103
0.0339226
0.0333095
0.0338085
0.0333128
0.0333142
0.0339231
0.0333125
0.0333136
0.0333116
0.0333113
0.0333123
0.0338078
0.0338058
0.0339224
0.033314
0.0333116
0.0333103
0.0333093
0.032724
0.0333127
0.0339253
0.0333134
0.0338077
0.0333113
0.0333087
0.0339231
0.0333108
0.0333134
0.0339213
0.0339231
0.033312
0.0333123
0.0339237
0.0333136
0.0333133
0.0333084
0.0333112
0.0333123
0.0333106
0.0339208
0.0333099
0.0338094
0.0333132
0.033311
0.0333096
0.0333137
0.034436
0.0349687
0.033806
0.0333117
0.0333108
0.0333124
0.0338096
0.0339216
0.0338087
0.0333137
0.0333141
0.0333122
0.0333123
0.0333109
0.032723
0.0333118
0.032723
0.0338083
0.0333133
0.0338067
0.0338082
0.0339229
0.0333104
0.0338067
0.0333121
0.0338071
0.0338044
0.033314
0.0333146
0.0333112
0.0333116
0.0333139
0.0338071
0.0349681
0.0338057
0.0333131
0.0344379
0.0333127
0.0333116
0.0333141
0.0338092
0.0333121
0.0338083
0.033923
0.0333115
0.0333113
0.0333129
0.0338102
0.033312
0.0344367
0.0333104
0.0327233
0.033313
0.0338048
0.0333117
0.032722
0.033807
0.0333123
0.0333113
0.0333112
0.0333133
0.0333108
0.0333045
0.0333129
0.0333109
0.0338079
0.0338083
0.0333137
0.0333121
0.0333129
0.0333096
0.0339219
0.0333118
0.0333117
0.0333126
0.0338057
0.0339245
0.0333133
0.033313
0.0333116
0.0338044
0.0333116
0.0338066
0.033312
0.0338082
0.0333104
0.0333126
0.0333127
0.03283
0.0333123
0.0327232
0.032722
0.0333125
0.0333125
0.03331
0.0333115
0.0333085
0.0338062
0.034966
0.0338082
0.0338086
0.0339224
0.0333122
0.0327235
0.0333109
0.0327191
0.0333113
0.0333117
0.0333104
0.0333125
0.033311
0.0338096
0.0339217
0.0339223
0.0338061
0.0338086
0.0333121
0.0333138
0.0333122
0.0328297
0.0339238
0.0333125
0.0333127
0.0333124
0.0338087
0.0333127
0.0327216
0.0338074
0.0333126
0.0333119
0.0333121
0.0333105
0.0333125
0.0339223
0.0333133
0.0333123
0.0333113
0.033922
0.0333111
0.0333098
0.0333094
0.0338087
0.0349681
0.0338082
0.0339228
0.0333118
0.0333129
0.0338074
0.0339251
0.0333129
0.0333113
0.0333135
0.0333123
0.0338066
0.0333101
0.0333112
0.0333121
0.0333126
0.0338079
0.0333112
0.0327195
0.033314
0.0338078
0.0338088
0.0333141
0.0333115
0.0327204
0.0338074
0.0339218
0.0338086
0.0333121
0.0338069
0.0333133
0.0333107
0.0333116
0.0339233
0.0338076
0.0338074
0.0333123
0.0333128
0.0333133
0.0338092
0.033312
0.0339225
0.033314
0.0333135
0.0333124
0.0333122
0.0338049
0.0333128
0.0338085
0.0333125
0.033314
0.0333126
0.0333128
0.0333126
0.033307
0.0333139
0.0333087
0.0333112
0.0333114
0.0333122
0.033312
0.0333145
0.0339231
0.0333094
0.0333077
0.032723
0.0333118
0.0333105
0.0333127
0.0333104
0.0333125
0.0338073
0.0349671
0.0338076
0.0338088
0.0333117
0.0338097
0.0327236
0.0333127
0.033808
0.0333134
0.0333129
0.0333126
0.0339215
0.0333086
0.0338086
0.033313
0.0344368
0.0338075
0.0333122
0.0333125
0.0333109
0.0327188
0.0333131
0.0339237
0.0333113
0.0338097
0.0333131
0.0333126
0.0338072
0.0338078
0.0333132
0.0333121
0.0333115
0.0333114
0.033808
0.0333111
0.0338074
0.033922
0.0333126
0.0333123
0.0344376
0.0350885
0.0363363
0.0364422
0.0351849
0.0340103
0.0334859
0.0334897
0.0340128
0.0340105
0.0351876
0.0340112
0.0340813
0.0340103
0.0334881
0.0340816
0.0334887
0.0329131
0.0334879
0.0329113
0.0334859
0.0334882
0.0334874
0.033488
0.0329144
0.0334886
0.033489
0.0334876
0.0334868
0.0334843
0.0334875
0.0334891
0.0334901
0.0334874
0.0340814
0.0334849
0.0340126
0.0334871
0.0340121
0.035185
0.0340131
0.0334884
0.0340113
0.0340103
0.0334875
0.0334874
0.0334857
0.0334882
0.0334863
0.0334856
0.0334859
0.0334858
0.0340124
0.0340114
0.0340793
0.0352579
0.0340835
0.0340136
0.0340112
0.0334881
0.033489
0.0334861
0.0334889
0.0334879
0.03408
0.0352586
0.034082
0.0334871
0.0334885
0.0329787
0.0334863
0.034081
0.0334873
0.0334883
0.033488
0.0340813
0.0334868
0.0340123
0.0340789
0.0340825
0.0334876
0.0340116
0.0334846
0.0346247
0.0334876
0.0334889
0.0334869
0.0334874
0.0340818
0.0352581
0.034082
0.0334866
0.0334891
0.0334868
0.0334891
0.0340116
0.0334892
0.0340815
0.0334882
0.0334862
0.0334887
0.0340803
0.0334877
0.034013
0.0334875
0.0340815
0.0334872
0.033489
0.0340785
0.0334877
0.0334882
0.0334882
0.0340101
0.0334857
0.0334879
0.033489
0.0334886
0.0334877
0.033486
0.0334864
0.0329779
0.0334863
0.0334886
0.0329142
0.0340128
0.033486
0.034081
0.0334865
0.0334856
0.0334872
0.0334898
0.0334874
0.0340807
0.0334877
0.0334888
0.0329139
0.0340099
0.0340816
0.0334887
0.0334875
0.0329157
0.0334876
0.033489
0.0340108
0.034013
0.0334877
0.0334903
0.0334883
0.0334872
0.0334881
0.0334866
0.033489
0.0334876
0.0340824
0.0340109
0.0334881
0.0334874
0.0334898
0.0329124
0.0340103
0.0334868
0.0334874
0.0334868
0.0340124
0.0334881
0.0334879
0.033485
0.0334868
0.033487
0.0334878
0.0329142
0.0334874
0.0334892
0.0334864
0.0334865
0.0340827
0.0340107
0.0334884
0.0334888
0.0334884
0.0334889
0.0334889
0.0340129
0.0334864
0.0334874
0.0334884
0.0334867
0.0334873
0.0334882
0.0340129
0.0334875
0.0340825
0.0340091
0.0334879
0.0334868
0.0340088
0.0334856
0.0334874
0.0334867
0.0334845
0.0334884
0.0334878
0.0340127
0.0351835
0.0340085
0.0334884
0.0340792
0.0334865
0.0334875
0.0334879
0.0334904
0.0334879
0.0334881
0.0340812
0.0334879
0.0340099
0.0340102
0.0334862
0.0340133
0.0351854
0.0340094
0.0340132
0.0340817
0.033489
0.0340806
0.0340814
0.0334872
0.0334883
0.0334887
0.0334876
0.0334849
0.03408
0.0334859
0.0334888
0.0346239
0.0334861
0.0340125
0.033489
0.0334892
0.0340113
0.033489
0.0334878
0.0334879
0.0334886
0.0334887
0.0340137
0.0340131
0.033488
0.0334856
0.0334875
0.033487
0.0334878
0.0334882
0.0334881
0.0340115
0.0346249
0.0340124
0.0346268
0.0334876
0.0334884
0.0329774
0.0334876
0.0334871
0.0334874
0.0334887
0.0340124
0.0340796
0.0334895
0.0334889
0.0334862
0.0329132
0.0334865
0.0340124
0.0334886
0.0340829
0.0346241
0.03408
0.0346246
0.0334888
0.033483
0.0340122
0.0340118
0.0334881
0.0340789
0.0334842
0.0334881
0.0340084
0.0334855
0.033485
0.033486
0.0334841
0.0334863
0.0329786
0.0340812
0.0340115
0.0334879
0.0340126
0.0340121
0.0334865
0.0346255
0.034081
0.034011
0.0334892
0.0340093
0.0340126
0.0334879
0.0346237
0.0334863
0.0334878
0.0334873
0.0340082
0.0334868
0.0334886
0.0334856
0.0340813
0.0334864
0.0340803
0.0340828
0.0329786
0.0340802
0.033488
0.0334861
0.0334892
0.0346261
0.0352563
0.0340805
0.0334873
0.0340813
0.0340123
0.0334875
0.0340113
0.0334874
0.0334838
0.0334882
0.0340122
0.0334889
0.0324199
0.0334855
0.0334883
0.0340121
0.0334859
0.0340129
0.0334867
0.0340813
0.0334864
0.0340119
0.0340813
0.0334854
0.0340129
0.0334873
0.0340116
0.0329156
0.0334888
0.0334877
0.0334887
0.0334872
0.0340108
0.0334884
0.0334885
0.0329768
0.0334835
0.0340829
0.0334872
0.0334873
0.0334889
0.034012
0.0334898
0.0334869
0.0340127
0.0329141
0.0334898
0.034013
0.0340118
0.0351807
0.0346233
0.034012
0.0340131
0.0334872
0.0334888
0.0334875
0.0334878
0.0334849
0.0334879
0.0340125
0.034012
0.0334868
0.0340131
0.0334865
0.0334863
0.0334869
0.033487
0.0334856
0.0340832
0.0346246
0.0340814
0.0334887
0.0340124
0.0334885
0.0340116
0.0334874
0.0340128
0.0334871
0.0334889
0.0334905
0.0334878
0.0340801
0.0340094
0.0334884
0.0340116
0.0334889
0.0334887
0.0334871
0.034623
0.0352603
0.0346243
0.0334884
0.0334878
0.0340084
0.0334875
0.033488
0.0334885
0.0334899
0.0340111
0.033488
0.0340808
0.0334868
0.0340115
0.0334881
0.0346238
0.0340131
0.0340125
0.0329142
0.0334868
0.033487
0.033487
0.0334883
0.0334867
0.0340123
0.0340119
0.0334879
0.0334861
0.0340127
0.033486
0.0340821
0.0334898
0.0340134
0.0334889
0.0334878
0.0334868
0.0334884
0.0334855
0.0340823
0.0340121
0.0334882
0.0334861
0.033486
0.0346263
0.0334878
0.0340121
0.0334863
0.0329146
0.0334861
0.0334877
0.0340126
0.0340121
0.0329117
0.0334859
0.0334878
0.0329144
0.0334887
0.0334862
0.0334878
0.0340815
0.033488
0.0334857
0.0329155
0.0334871
0.0334861
0.0346248
0.0334864
0.0346247
0.0340128
0.0334878
0.034083
0.0334884
0.034013
0.033488
0.0334879
0.0334883
0.033488
0.0329129
0.0334844
0.0334848
0.0334887
0.0334876
0.0334867
0.0340815
0.033486
0.0334864
0.0340112
0.0329139
0.0334877
0.0334861
0.0334859
0.0334867
0.0340118
0.0334886
0.0346236
0.0334874
0.0346249
0.0334866
0.0340811
0.0334859
0.0334855
0.0334881
0.0334864
0.0334878
0.0340127
0.0334894
0.0334875
0.0334881
0.0334881
0.0340826
0.0334889
0.0334854
0.0334859
0.0334865
0.0334882
0.0334885
0.0334864
0.0334882
0.034082
0.0334889
0.034013
0.0340128
0.0329134
0.0334884
0.0329132
0.0334892
0.0340818
0.0334866
0.0334889
0.0334871
0.0334873
0.032978
0.0334903
0.0334888
0.0334865
0.0334869
0.0334868
0.0340834
0.0340824
0.0340808
0.0334841
0.0334854
0.0334887
0.0334868
0.0334885
0.0334854
0.0334841
0.0329781
0.0334856
0.0334877
0.0340814
0.0340131
0.0334874
0.0334861
0.0334892
0.0334885
0.0334877
0.0334877
0.0340108
0.0351866
0.0346238
0.0340118
0.0334865
0.0334891
0.0340822
0.0334883
0.0334879
0.0334868
0.0340821
0.033486
0.0334872
0.0346248
0.0334886
0.0334893
0.0334885
0.0340818
0.0334854
0.033487
0.0334885
0.0334898
0.0334855
0.0334894
0.033488
0.0334868
0.0334888
0.0340138
0.0340808
0.0340125
0.0334844
0.0334863
0.0334878
0.034081
0.0334865
0.0334898
0.0334867
0.0334866
0.0334848
0.0340822
0.0334887
0.0334884
0.0340108
0.0329143
0.0334884
0.0334875
0.0334869
0.0340112
0.0334877
0.0329126
0.0340108
0.0334842
0.0334853
0.0334871
0.0334885
0.0340793
0.0334878
0.0340117
0.0334897
0.0334871
0.0340803
0.0334895
0.0334884
0.0340806
0.0340812
0.033489
0.0334859
0.0334858
0.0334878
0.0334892
0.0334874
0.0334874
0.0329139
0.0340096
0.0334881
0.0340804
0.033486
0.0334861
0.0334866
0.0334878
0.0329778
0.0334892
0.0334883
0.0340773
0.0340118
0.0334885
0.0329118
0.0329141
0.0340122
0.0334881
0.0334867
0.0334883
0.0334868
0.0334874
0.0334871
0.033486
0.0329768
0.0334872
0.0340107
0.0334867
0.0340128
0.0334863
0.0334894
0.033486
0.0334884
0.0334872
0.0334869
0.033489
0.0334879
0.033488
0.0334853
0.0340815
0.0340101
0.0334883
0.0334861
0.0334872
0.0340125
0.0334882
0.0334864
0.0340137
0.0340117
0.0334883
0.0340131
0.0340123
0.0334876
0.0334876
0.0340122
0.0334859
0.0334878
0.034081
0.0340135
0.033487
0.0334887
0.0340832
0.0334849
0.0334896
0.0346227
0.0334886
0.0334896
0.0334895
0.033485
0.0334868
0.0334878
0.0334876
0.033486
0.0340831
0.0334894
0.0334878
0.0334866
0.0334888
0.0340131
0.0334897
0.0334894
0.0334874
0.0334874
0.0334868
0.0334872
0.0334882
0.0340119
0.0334868
0.0334896
0.0340137
0.0334871
0.0334876
0.0334911
0.0334887
0.034013
0.0334878
0.0346261
0.0358406
0.0346232
0.0334859
0.0334889
0.0334895
0.0340137
0.0340105
0.0334877
0.0334881
0.0334868
0.0334807
0.0340117
0.0340786
0.0334868
0.0340111
0.0334892
0.0340826
0.0334856
0.0329134
0.0334885
0.0334885
0.033488
0.034081
0.0334897
0.0334881
0.0329144
0.0334876
0.0334862
0.0340813
0.0334848
0.0340122
0.0351854
0.0346211
0.0334874
0.0334895
0.0334868
0.0334848
0.0334864
0.0340128
0.0340101
0.0334891
0.0334892
0.0340103
0.0351836
0.034622
0.0340124
0.0334883
0.0329147
0.0334881
0.033488
0.0334877
0.0340134
0.0334899
0.0334881
0.0334879
0.0329808
0.0334881
0.0334881
0.0334861
0.0340113
0.0340807
0.0334881
0.0340818
0.0340131
0.0329138
0.0334854
0.0334851
0.0334877
0.0340824
0.0334891
0.0340129
0.0334876
0.0334885
0.0334886
0.0340139
0.0340814
0.0334843
0.0340139
0.0329138
0.0334879
0.0340118
0.0334872
0.0334869
0.0340817
0.0340835
0.0334888
0.0334853
0.0329131
0.0334867
0.0340107
0.0334881
0.0334878
0.0334866
0.0334871
0.0334881
0.0334864
0.034079
0.0340105
0.0334881
0.0334897
0.0329126
0.0329131
0.0334878
0.033488
0.0346248
0.0334863
0.0334882
0.0340114
0.03349
0.0324225
0.0334865
0.0329136
0.0334895
0.032978
0.0334863
0.0340814
0.0340123
0.033486
0.0329129
0.0334879
0.0340104
0.033488
0.0334872
0.0334862
0.0340127
0.0340143
0.0334866
0.0334885
0.0340103
0.0334888
0.0334877
0.0334873
0.0334899
0.0334864
0.0334868
0.0334869
0.0334895
0.0334879
0.0329151
0.0340122
0.0334883
0.0329154
0.0329157
0.0334877
0.0340082
0.0334896
0.0340123
0.0334874
0.0334883
0.0334877
0.033487
0.0340826
0.0346222
0.0334891
0.0329799
0.0334884
0.034011
0.0334874
0.034623
0.0334897
0.0340127
0.033485
0.0334882
0.0334866
0.0340127
0.0340116
0.033486
0.0334876
0.0334863
0.0340811
0.0340129
0.0340822
0.0334875
0.0334878
0.0334869
0.0334875
0.0340816
0.0334888
0.0334867
0.0334885
0.0340119
0.0334838
0.0334893
0.0334887
0.0334874
0.0334892
0.0334877
0.0334877
0.033487
0.0340808
0.0340128
0.0334873
0.0346254
0.0352581
0.0340803
0.0340105
0.0329139
0.033489
0.0334888
0.0334888
0.0334888
0.0340131
0.0340121
0.0334876
0.0334843
0.0329796
0.0334884
0.0334878
0.0334856
0.0334876
0.0329153
0.0334885
0.0334892
0.0329122
0.0334872
0.0334867
0.0334872
0.0334888
0.0334869
0.033487
0.0334882
0.0334854
0.0334887
0.0334882
0.0334872
0.0334869
0.0340131
0.0334873
0.0334874
0.0340099
0.0334874
0.0334879
0.0334871
0.0334873
0.0334863
0.0340815
0.0334879
0.0340807
0.0334877
0.0340794
0.033486
0.0334881
0.0340115
0.0340091
0.0334882
0.0340122
0.0334866
0.0334864
0.0334891
0.0334877
0.0334874
0.0334874
0.0334876
0.0340128
0.0334853
0.0334875
0.0334868
0.0346239
0.0334866
0.0334861
0.0334827
0.0334882
0.0334874
0.0340809
0.0334851
0.0334901
0.0340134
0.0346244
0.0334872
0.0340821
0.0346217
0.0334877
0.0334886
0.0340119
0.0334885
0.0334882
0.0334876
0.0340828
0.0334861
0.0324202
0.0329108
0.0329781
0.033488
0.03401
0.0346246
0.0340804
0.0334854
0.0334863
0.0334868
0.0334876
0.0334877
0.0334872
0.0334854
0.0334849
0.0334866
0.034013
0.0340115
0.0334853
0.0340818
0.0334889
0.0340121
0.0334884
0.0340823
0.0334879
0.0334877
0.0340133
0.0334872
0.0334855
0.0340116
0.0351831
0.0346243
0.0340126
0.0334879
0.0334884
0.0334883
0.0329149
0.0334886
0.0340814
0.0334886
0.0334861
0.0334881
0.0334858
0.0340801
0.0340823
0.0340117
0.0340136
0.0334879
0.0334877
0.0340816
0.0334877
0.0334899
0.0340837
0.0334879
0.0340115
0.033487
0.0340818
0.0334862
0.0334878
0.0334864
0.0340111
0.0340105
0.0334867
0.033488
0.0340125
0.0334886
0.0334871
0.0334862
0.0334892
0.0334876
0.0340811
0.0334879
0.0334869
0.0334879
0.0334877
0.0329124
0.0334864
0.0340123
0.0340815
0.0334886
0.0334867
0.0340801
0.0340103
0.0340137
0.0340144
0.0329152
0.0334889
0.0334876
0.0329153
0.0334883
0.0340823
0.0334859
0.0334864
0.0340829
0.0340114
0.0340833
0.0334872
0.0334896
0.0340808
0.0334882
0.0340808
0.0340129
0.0334879
0.0340827
0.0352596
0.0340816
0.0340806
0.0340119
0.0351851
0.0340136
0.0334864
0.0334883
0.0334866
0.0334875
0.0334876
0.0334882
0.0334885
0.0334879
0.0334878
0.0334886
0.0334885
0.0334874
0.034082
0.0334863
0.0340107
0.0334879
0.034627
0.0334895
0.0334885
0.0334885
0.0334882
0.0334889
0.0334887
0.0334896
0.0334879
0.0334863
0.0334853
0.0340808
0.034011
0.0340827
0.0334856
0.0334888
0.0346228
0.0334869
0.0340119
0.0334876
0.0340092
0.0334879
0.0340819
0.0334882
0.0340078
0.0340111
0.0334899
0.0340121
0.0334891
0.0340822
0.0340124
0.0334876
0.033486
0.0334866
0.0334868
0.0334885
0.0334898
0.0340834
0.0334898
0.0334883
0.0334879
0.0340114
0.033486
0.0334881
0.0340132
0.0334888
0.0334864
0.0340119
0.0334878
0.0334877
0.0334874
0.0334891
0.0334882
0.0334877
0.033488
0.0340114
0.0334887
0.0340806
0.0334868
0.0334896
0.0340113
0.0340786
0.03401
0.0334889
0.0334867
0.0340812
0.0340825
0.0334874
0.0334857
0.0340089
0.0340137
0.034013
0.0334867
0.0340122
0.0334869
0.0334865
0.0334869
0.0334906
0.0340811
0.0352605
0.0340809
0.0334856
0.0334889
0.0334881
0.034626
0.0340127
0.0351843
0.0340106
0.0340796
0.0340784
0.0352597
0.0346232
0.0334878
0.0334879
0.0340122
0.0334888
0.0334889
0.0340799
0.0340819
0.0340833
0.0334883
0.0334898
0.034082
0.0334887
0.0334901
0.0334891
0.0346263
0.0334869
0.0334877
0.0334864
0.032914
0.0334882
0.0329126
0.0329136
0.0340122
0.033487
0.0329151
0.0340124
0.0334879
0.034078
0.0334834
0.0340116
0.0334865
0.0334867
0.0329788
0.0329147
0.0334876
0.0334886
0.0334835
0.0340828
0.0334873
0.0334861
0.0340085
0.0334865
0.033488
0.0340116
0.0329148
0.0334883
0.0334878
0.0334863
0.0334848
0.0334882
0.034012
0.0340126
0.0334853
0.0340818
0.0334878
0.0334838
0.0340138
0.0340799
0.034082
0.0340104
0.0329128
0.0334887
0.0334863
0.0334883
0.034624
0.0334859
0.0340103
0.0340125
0.0334885
0.0334873
0.0334843
0.0334871
0.034011
0.0334863
0.0334892
0.0334873
0.034011
0.0334889
0.0334872
0.0340129
0.0334877
0.0334873
0.0334863
0.03349
0.0334899
0.0340124
0.0334863
0.0340123
0.0351858
0.0340112
0.0334891
0.0334898
0.033486
0.0334873
0.0334881
0.0334877
0.0340074
0.0334849
0.0334869
0.0334883
0.0340826
0.0340124
0.0334887
0.0334888
0.033487
0.0329799
0.0334874
0.0340126
0.0334871
0.0334893
0.0334876
0.0346238
0.0334862
0.0334868
0.0340137
0.0340819
0.0334872
0.0334888
0.0334871
0.0334893
0.0334883
0.0334877
0.033487
0.0340824
0.0334874
0.0340825
0.0334878
0.0334889
0.0334902
0.0334891
0.0334886
0.0334852
0.033489
0.0334899
0.0340122
0.0334876
0.0329774
0.0340802
0.0334889
0.0334899
0.0334849
0.0334842
0.033487
0.0334888
0.0334876
0.0334843
0.0334877
0.0340121
0.0334866
0.0334895
0.0346261
0.0334888
0.0334865
0.033488
0.0334876
0.032979
0.0334893
0.0334883
0.0334841
0.0334848
0.0340827
0.0340156
0.0334884
0.0340838
0.0340112
0.0340792
0.0334892
0.0334863
0.0334883
0.0334878
0.0334872
0.0334868
0.0334867
0.0334881
0.0329118
0.0334863
0.034624
0.0340111
0.033488
0.0334873
0.033488
0.0329769
0.0334862
0.0334897
0.0340123
0.0334866
0.0329787
0.0334873
0.0334887
0.033486
0.0334867
0.0334856
0.0334875
0.0329135
0.0340123
0.0351856
0.0340114
0.0334872
0.033485
0.0334872
0.0334878
0.0334877
0.0334878
0.0334862
0.0334874
0.0340125
0.034014
0.0340117
0.0334883
0.0340123
0.0334889
0.0334886
0.0334889
0.0334884
0.0334891
0.0334878
0.0334879
0.03408
0.0346252
0.0340116
0.0334892
0.0334868
0.0334895
0.0340814
0.0334872
0.0334887
0.0334885
0.0334894
0.0334883
0.0334881
0.0329145
0.0334886
0.0340115
0.0351851
0.034011
0.0334906
0.0334865
0.0334877
0.0340119
0.0340128
0.0334891
0.0340091
0.0334846
0.0329149
0.0334852
0.0334849
0.0334874
0.0329132
0.0334887
0.033487
0.0329795
0.033488
0.0340127
0.0334854
0.0340822
0.0334871
0.0334876
0.0334865
0.0334887
0.0346248
0.0340809
0.0334862
0.0334889
0.0334886
0.0340831
0.0340132
0.0346254
0.0340113
0.0334891
0.0334879
0.033486
0.034011
0.0329149
0.0334843
0.0334848
0.0334879
0.0334898
0.0334874
0.03408
0.0334864
0.0340136
0.0334881
0.0340113
0.0334883
0.033487
0.0346252
0.0340814
0.0334864
0.0334862
0.0340809
0.0340803
0.0334861
0.0346234
0.0334873
0.0334877
0.0329781
0.0334879
0.034011
0.0334881
0.034081
0.0340803
0.0334897
0.0334868
0.0340107
0.0351864
0.0340114
0.033489
0.0334885
0.0334881
0.0340835
0.0340808
0.0340135
0.033488
0.0340122
0.0340099
0.0340807
0.0340119
0.0334879
0.0340135
0.0334873
0.0334879
0.0334892
0.0334826
0.0334884
0.0334872
0.0340144
0.0340114
0.0340119
0.0334897
0.0340123
0.034081
0.0352595
0.0340785
0.0340141
0.0334892
0.0334875
0.0334869
0.0334867
0.0334857
0.0334866
0.0334883
0.0334858
0.0334876
0.0334867
0.0340814
0.0340807
0.0334856
0.0334873
0.0334884
0.0340115
0.0334885
0.03408
0.0334888
0.0334907
0.0334887
0.0334875
0.0334827
0.0340794
0.0340131
0.0334873
0.0334873
0.034006
0.0340119
0.0334863
0.0334879
0.0334848
0.0334864
0.0346238
0.0351854
0.0340113
0.0329143
0.0334882
0.0334882
0.0334886
0.0334863
0.0334895
0.0334886
0.0340104
0.033487
0.0340134
0.0334898
0.0334872
0.0334876
0.0334886
0.0334886
0.0334879
0.0334871
0.0334888
0.0340129
0.0334892
0.0340131
0.0334888
0.0334878
0.0329785
0.0340806
0.0352565
0.0346246
0.0334886
0.0340823
0.0340825
0.0340136
0.0340118
0.0334858
0.0334872
0.0340115
0.0334871
0.0334871
0.0334859
0.0346233
0.0334873
0.0334889
0.0346237
0.0334868
0.0334879
0.0334876
0.0334876
0.0334882
0.0334849
0.034079
0.0334878
0.0334881
0.0340118
0.0340119
0.0334878
0.0334878
0.0340121
0.0351858
0.0340129
0.0334852
0.0334859
0.0340807
0.034011
0.0334892
0.0340113
0.0334878
0.0334864
0.0334865
0.0340121
0.033489
0.0340817
0.0346256
0.0340814
0.0334864
0.0334862
0.0340806
0.033488
0.0340134
0.033486
0.0340786
0.0334888
0.033487
0.0340822
0.0334872
0.0334886
0.0334877
0.0334891
0.0334867
0.0334877
0.0334895
0.0340113
0.0334896
0.0340118
0.0334882
0.0334882
0.0334897
0.0334885
0.0340819
0.034011
0.0334853
0.0334849
0.034622
0.0334884
0.0334881
0.033488
0.0334891
0.0329157
0.0340113
0.0340116
0.0334884
0.0340787
0.0340811
0.0334847
0.0340099
0.0334876
0.0334866
0.0334888
0.0340818
0.0334842
0.0334897
0.0340125
0.0334873
0.0340815
0.0334879
0.0334874
0.0340833
0.0334849
0.0346247
0.0334877
0.0340132
0.0340824
0.0334883
0.0340131
0.0340806
0.0334897
0.0334879
0.0334859
0.0334876
0.0334879
0.0334892
0.0334858
0.0334874
0.0334888
0.0334897
0.0346245
0.0334855
0.0329151
0.033489
0.0329132
0.032914
0.0334877
0.033486
0.0334861
0.0334876
0.0340122
0.0334893
0.0334881
0.0334861
0.0334883
0.0334855
0.0334877
0.0334885
0.0334871
0.0334868
0.0334876
0.033487
0.0334864
0.0340121
0.033488
0.0329161
0.0334887
0.0340792
0.0340102
0.0340817
0.0334882
0.0340124
0.0340808
0.0334875
0.0329156
0.0334875
0.0329134
0.0334842
0.0334868
0.033487
0.0340118
0.0334891
0.0334859
0.033489
0.0334883
0.0340803
0.03408
0.0340118
0.034082
0.0352574
0.0340806
0.034625
0.0340112
0.0334855
0.0334862
0.0340116
0.0351841
0.0346238
0.0340799
0.0334884
0.0340116
0.0340798
0.034624
0.0340107
0.033488
0.0334867
0.0334897
0.0340158
0.033488
0.0334874
0.034011
0.0334886
0.0334881
0.0334866
0.0334865
0.0334886
0.0340113
0.0340784
0.0334895
0.0334886
0.0329141
0.0334865
0.0334863
0.0334878
0.034082
0.033489
0.033487
0.0334891
0.0334865
0.034082
0.0334845
0.0334864
0.0340098
0.0334884
0.0334873
0.0329141
0.0334885
0.03349
0.0334897
0.0334894
0.0329143
0.0334879
0.0334868
0.0340794
0.0352587
0.0346251
0.033488
0.0334883
0.0340122
0.0334873
0.0340803
0.0334878
0.0334885
0.0334881
0.0334859
0.0340809
0.0340114
0.0334862
0.0329131
0.0334875
0.0334889
0.0334892
0.0334875
0.0329125
0.0334866
0.0340125
0.0340116
0.0334874
0.0329162
0.0340112
0.0340818
0.0334895
0.0334879
0.0334877
0.0334895
0.0334875
0.0334895
0.0340113
0.0334889
0.0334871
0.0340125
0.0351844
0.0340104
0.0334885
0.0334881
0.0340136
0.0329133
0.0334888
0.0334873
0.0334868
0.0334872
0.0340127
0.0334872
0.0334881
0.0334889
0.0346229
0.0334888
0.0334895
0.0329158
0.0334882
0.0334863
0.0334885
0.0340125
0.0334882
0.0334877
0.0340121
0.0340124
0.0334887
0.0329138
0.0334875
0.0334882
0.03401
0.0329139
0.034011
0.0334887
0.0334873
0.0334876
0.0340817
0.0334896
0.0340109
0.0334869
0.0340805
0.0334845
0.0334882
0.0329132
0.0334876
0.0340118
0.033489
0.0334867
0.0340114
0.0334886
0.0329147
0.0340108
0.0329147
0.0340138
0.0334878
0.0334875
0.0346237
0.0334861
0.0340114
0.0346249
0.0340811
0.034013
0.0340113
0.0351861
0.0340117
0.0334892
0.0334892
0.0329171
0.0340121
0.0340125
0.0340118
0.033489
0.033486
0.0334899
0.0334864
0.0334886
0.0329136
0.0329129
0.0334883
0.0340818
0.0352589
0.0340831
0.0334889
0.0334864
0.0340829
0.0340114
0.0334888
0.0334894
0.0340123
0.0334863
0.0334873
0.0334876
0.033489
0.0340818
0.0334893
0.0334875
0.0334867
0.0340823
0.0340123
0.034082
0.0334849
0.0334894
0.0340815
0.0334865
0.0340799
0.0334876
0.0340806
0.0334875
0.0334847
0.0340805
0.0352602
0.0365195
0.036573
0.0353091
0.0347201
0.0335763
0.0341509
0.0335783
0.0335762
0.033578
0.0341274
0.0335751
0.0335765
0.0335781
0.0335759
0.0341526
0.0341493
0.0335728
0.0335767
0.0341251
0.0335779
0.0335765
0.0335769
0.0335763
0.0335773
0.0347193
0.0335767
0.033575
0.0335746
0.0341282
0.0335786
0.0335772
0.0335734
0.0335724
0.0335763
0.0335788
0.033577
0.0347192
0.0341277
0.0335767
0.0335771
0.033578
0.0341497
0.0341514
0.033578
0.0335752
0.0335758
0.0335779
0.0341289
0.03415
0.0335751
0.0341489
0.0330441
0.0335777
0.0335747
0.0330426
0.0335767
0.0335765
0.0335777
0.0341506
0.0335785
0.0335764
0.0335787
0.0335765
0.0335761
0.0341285
0.0341494
0.0335749
0.0335756
0.0335767
0.0335766
0.034128
0.0335757
0.034127
0.0341252
0.0335781
0.0347207
0.0335769
0.0341298
0.0335757
0.0335741
0.0341522
0.0335753
0.0341282
0.0341504
0.0341515
0.0335768
0.0341272
0.0335771
0.0335769
0.034127
0.0353071
0.0341276
0.0341517
0.0335777
0.0341503
0.0341289
0.0335756
0.0335775
0.0335774
0.0335727
0.0341491
0.0335762
0.0335757
0.0341515
0.0341251
0.0341519
0.034129
0.034149
0.0335768
0.0335768
0.033577
0.0335749
0.0335766
0.0335731
0.0341284
0.0341527
0.0341274
0.0341281
0.0341277
0.0341249
0.0335747
0.0341268
0.0335757
0.0335767
0.0341502
0.0335783
0.0341252
0.033577
0.0341271
0.0335747
0.0335759
0.0335777
0.0341273
0.0335784
0.0335757
0.0335785
0.0330455
0.033577
0.0335758
0.0335775
0.0335758
0.0341531
0.0335785
0.0335771
0.0335751
0.0335781
0.0335769
0.0335761
0.0335768
0.0335772
0.0335781
0.0335777
0.034127
0.0341259
0.0335788
0.0335794
0.0335788
0.034721
0.0335747
0.033576
0.0335765
0.0335772
0.0335782
0.0335757
0.0335774
0.0341525
0.0341284
0.0335761
0.0341523
0.0335786
0.0335723
0.0341268
0.0353084
0.0341278
0.0335774
0.0335769
0.0335762
0.0341267
0.0335771
0.0335774
0.0335774
0.033574
0.0335757
0.0335788
0.0335767
0.0335738
0.0335766
0.0341241
0.0335762
0.034128
0.034148
0.0335773
0.033575
0.033579
0.0335777
0.0335767
0.0341295
0.034153
0.0341282
0.03415
0.0341495
0.034149
0.0330427
0.0335778
0.0335777
0.0335759
0.0335747
0.0335775
0.0335754
0.0335755
0.0335742
0.033574
0.0341513
0.0341509
0.0335769
0.0335761
0.0335767
0.0335762
0.033576
0.0335749
0.0335777
0.0335777
0.033575
0.0335759
0.0341495
0.0341242
0.0335742
0.0335778
0.0341268
0.034127
0.0335762
0.0335775
0.0341275
0.0335784
0.0335776
0.0335777
0.0335736
0.0335764
0.0335766
0.0335783
0.0341266
0.0335781
0.0341255
0.0341517
0.0335748
0.0341259
0.0335756
0.0341254
0.033577
0.0341509
0.0330433
0.0335757
0.0341274
0.033575
0.0335767
0.0335759
0.0335779
0.0335777
0.033577
0.0341517
0.0341292
0.0335777
0.0335748
0.0335771
0.0335756
0.0335745
0.0341511
0.0335768
0.0335747
0.0335766
0.034126
0.033577
0.0330201
0.0335775
0.0335754
0.033577
0.0335763
0.0335742
0.033577
0.0335762
0.034151
0.0335779
0.0341513
0.0335779
0.0341468
0.0335757
0.0335757
0.033577
0.0335771
0.0335776
0.0347191
0.0335766
0.0341262
0.0335757
0.0335777
0.033578
0.0335778
0.0335775
0.0335763
0.0335783
0.0330429
0.0335778
0.0341519
0.0335774
0.0341523
0.0335774
0.0341497
0.0335762
0.0341263
0.0341273
0.0335767
0.0335777
0.0335782
0.0335785
0.0335755
0.0335766
0.0341512
0.0335769
0.0335737
0.0341247
0.0335775
0.0335772
0.034152
0.0335776
0.0335773
0.0347199
0.0335788
0.0335762
0.0335779
0.0341273
0.0335773
0.0341289
0.0347199
0.0341491
0.0335761
0.0335781
0.0335785
0.0341518
0.0335776
0.0335758
0.0335772
0.0335783
0.0347206
0.0335766
0.033577
0.0330429
0.0330443
0.0335762
0.033577
0.0341286
0.0341517
0.0341483
0.0353321
0.0341497
0.0347186
0.0335774
0.0341278
0.0335788
0.0335775
0.033578
0.0341281
0.0335723
0.0335763
0.0335733
0.0335747
0.0341276
0.0335762
0.0341522
0.0341509
0.0335767
0.0335764
0.0335769
0.0335752
0.0335767
0.0330431
0.0335771
0.033576
0.0335756
0.034721
0.0341271
0.033578
0.0335732
0.0330204
0.0335782
0.034129
0.0330224
0.0335757
0.0335757
0.0335762
0.0335758
0.0335775
0.0335748
0.0335771
0.0341497
0.0335783
0.0335768
0.0335778
0.0341515
0.0335739
0.0335741
0.0341249
0.0341277
0.0353058
0.0341264
0.033577
0.0335755
0.0335784
0.0335789
0.0335779
0.0335768
0.0330385
0.0335769
0.0330442
0.0335783
0.033577
0.0335763
0.0341282
0.033577
0.034149
0.0353339
0.0341515
0.033574
0.0341483
0.0341271
0.033577
0.0341273
0.0335763
0.0335755
0.0335766
0.033575
0.0335761
0.0330438
0.0330438
0.0335785
0.0335762
0.0335793
0.0335782
0.0341508
0.0335772
0.0335784
0.0341285
0.0335759
0.0330444
0.033576
0.0330212
0.033576
0.0341292
0.0335784
0.0335778
0.033573
0.0341253
0.0335723
0.0341499
0.0335767
0.0335771
0.0335769
0.0335787
0.0347199
0.033578
0.0335778
0.0335772
0.0335752
0.0335745
0.0341496
0.0335782
0.0341505
0.0335782
0.0341261
0.033574
0.0341508
0.0335766
0.0335763
0.0341501
0.0341508
0.0330434
0.0341491
0.0341496
0.0335745
0.0335757
0.0335754
0.0335796
0.0335781
0.0335758
0.0341513
0.0341263
0.0335778
0.0335785
0.0335772
0.0341503
0.0335741
0.0341509
0.033576
0.0335755
0.0341466
0.0341528
0.0335737
0.0330415
0.0335787
0.0335777
0.0330439
0.0335787
0.0335787
0.0335753
0.0335756
0.0335755
0.0335751
0.0335794
0.0341293
0.0335768
0.033577
0.0347191
0.0335765
0.0335751
0.0341495
0.0341486
0.0335731
0.0335773
0.0347206
0.0335772
0.0347196
0.033576
0.0335779
0.0335753
0.0341261
0.0335768
0.0335767
0.0347208
0.0335746
0.0335777
0.0341284
0.0335769
0.0335787
0.0335785
0.0335759
0.0335755
0.0341518
0.0330442
0.0335766
0.0335782
0.0341496
0.0335755
0.033577
0.0341502
0.0341267
0.0341506
0.0335764
0.0335762
0.0335758
0.0335772
0.0341254
0.0335761
0.0335773
0.0341471
0.0335787
0.0335746
0.033577
0.0335767
0.0335735
0.0335769
0.0335773
0.0335789
0.0341525
0.0335748
0.0341261
0.033572
0.0341261
0.0341496
0.0335759
0.0335756
0.0341508
0.0341287
0.03531
0.0341267
0.0341488
0.0341275
0.0341518
0.033577
0.0330231
0.0335806
0.0335794
0.0335775
0.0335774
0.0335768
0.0341273
0.0335771
0.0335779
0.0335769
0.0335773
0.0341491
0.033574
0.0335767
0.0335772
0.0335768
0.0341512
0.0335773
0.0335765
0.0335768
0.0341262
0.0341509
0.0335753
0.0335777
0.0341267
0.0335749
0.0335759
0.0347199
0.0335774
0.0335753
0.0341495
0.0335762
0.0335733
0.0330425
0.033576
0.033578
0.0335777
0.0335779
0.0330439
0.0335774
0.0335773
0.0341275
0.0341524
0.0335779
0.0341273
0.0341487
0.033578
0.0335761
0.0335767
0.0335758
0.0341257
0.0335747
0.0335772
0.0341499
0.0335768
0.034151
0.0341245
0.0335779
0.0335781
0.0341519
0.0335773
0.0335752
0.0335778
0.0330439
0.0335741
0.0341506
0.0341268
0.0341486
0.0341489
0.0335766
0.0341465
0.0341504
0.0335776
0.0335789
0.0335752
0.0335795
0.0341276
0.0341268
0.0335754
0.0330437
0.0335779
0.0341527
0.0335781
0.0335762
0.0335738
0.0335757
0.0335769
0.0335755
0.0341234
0.0335752
0.0335747
0.0341242
0.0335785
0.0341507
0.0347219
0.0341523
0.0335771
0.0330193
0.0341288
0.0335738
0.0335767
0.0341489
0.0353326
0.0347212
0.0341515
0.0353331
0.0341491
0.0341482
0.0335767
0.0335773
0.0335776
0.0335728
0.0335767
0.0341486
0.034126
0.0341502
0.0335793
0.0330423
0.0335785
0.0335758
0.0341273
0.0353099
0.0341275
0.0335773
0.0347189
0.0335793
0.033576
0.0335754
0.033022
0.0335777
0.0341276
0.0335766
0.0335758
0.0341266
0.03358
0.0335777
0.0347182
0.0353315
0.0341519
0.0341228
0.0335766
0.0341263
0.0335772
0.033044
0.0335778
0.0335772
0.0335749
0.0341499
0.0335761
0.034123
0.0341497
0.0335764
0.0335775
0.0330207
0.033578
0.0335795
0.0341258
0.0335753
0.0335753
0.0330426
0.0335759
0.0335773
0.0341509
0.0347204
0.0335765
0.0335738
0.0330222
0.0335753
0.0335754
0.0341497
0.0335765
0.0335757
0.0335777
0.0335761
0.0335786
0.0341498
0.0347186
0.0335783
0.0335753
0.0335783
0.0347198
0.0353334
0.0341502
0.0335781
0.0335777
0.0335772
0.0335791
0.0341503
0.0335776
0.033575
0.0335772
0.0335768
0.0335764
0.0335775
0.0335772
0.0341514
0.0341515
0.0335769
0.0341284
0.0341512
0.0335766
0.0347209
0.034151
0.033578
0.0335765
0.0341516
0.0335767
0.0335761
0.0335791
0.0341508
0.0335743
0.0335792
0.0335737
0.0341508
0.034127
0.0335774
0.0335775
0.0335761
0.0335795
0.03415
0.0335778
0.0335759
0.0341505
0.0335771
0.0335766
0.0335745
0.0341511
0.0335775
0.0335787
0.0341484
0.0335777
0.0341502
0.0330446
0.0335778
0.0335777
0.0330207
0.0335782
0.0341278
0.0341274
0.0335776
0.034147
0.0335755
0.0335765
0.0335777
0.0335766
0.0335791
0.0335805
0.033576
0.0335776
0.0335736
0.0335756
0.0335787
0.0335772
0.0335774
0.0341277
0.0335778
0.0335787
0.0335772
0.0341492
0.0335745
0.0335717
0.0335749
0.0330414
0.0335769
0.033576
0.0335777
0.0335762
0.0335748
0.0341252
0.0335774
0.0330451
0.03415
0.0335759
0.033575
0.0335769
0.0335793
0.033575
0.0330419
0.0335779
0.033577
0.0335767
0.0335775
0.0335747
0.0335778
0.0335774
0.0335782
0.0335769
0.0335773
0.034129
0.0341501
0.0347188
0.0347177
0.0335767
0.03415
0.0341272
0.0341501
0.0335774
0.0341509
0.0347194
0.0341282
0.0341499
0.034129
0.0341293
0.0353069
0.0341264
0.0341283
0.0341259
0.033576
0.0335781
0.0335785
0.0335765
0.0335761
0.0335768
0.034148
0.0335756
0.0335746
0.0341473
0.0335757
0.0335769
0.0341513
0.0335761
0.0341518
0.0341512
0.0335767
0.033577
0.0335778
0.0341267
0.0335773
0.0341267
0.0335777
0.0335776
0.0335785
0.0335776
0.034127
0.0335763
0.0341473
0.0353318
0.0341495
0.0335767
0.0335761
0.0341265
0.0353066
0.034126
0.0341478
0.0335771
0.0335775
0.0341285
0.0341511
0.0341504
0.0335766
0.0335778
0.0335776
0.0341292
0.0335777
0.0341281
0.0335724
0.0335775
0.0335774
0.0335764
0.0341261
0.034127
0.0341509
0.0335765
0.0335766
0.0335788
0.0341492
0.0335765
0.0341511
0.0353346
0.0341508
0.0330448
0.0335793
0.0341506
0.0335775
0.03415
0.0341259
0.0335758
0.0335731
0.034151
0.0335776
0.0335789
0.0335773
0.033578
0.0335753
0.0335773
0.0341255
0.0341271
0.033578
0.0341285
0.0335761
0.0335753
0.0341277
0.0335777
0.0335753
0.0335752
0.0347187
0.0335728
0.033575
0.0341515
0.0335779
0.0347212
0.0341283
0.033577
0.0335768
0.0335709
0.0341515
0.0335767
0.0335768
0.0335778
0.0335774
0.0335757
0.0341476
0.0353322
0.0341475
0.0341272
0.0341511
0.0335752
0.0335783
0.0347223
0.0335768
0.0330214
0.033576
0.0347194
0.033575
0.0341277
0.0335775
0.0341498
0.0335786
0.0335777
0.0335766
0.0335757
0.0335749
0.0341509
0.0335773
0.0347183
0.03415
0.0335774
0.0335765
0.0341503
0.0335764
0.0335722
0.0335757
0.033577
0.0341269
0.0335777
0.0335792
0.0335773
0.0335777
0.0335769
0.0335764
0.0335783
0.0335769
0.0335767
0.033577
0.0335768
0.0335778
0.0335767
0.0325056
0.0335787
0.0335768
0.033577
0.0341484
0.0341283
0.0335792
0.0335763
0.0335766
0.0341512
0.0335762
0.034127
0.035306
0.0347196
0.0335758
0.0341254
0.0335782
0.0341495
0.0335762
0.033577
0.0335769
0.0335766
0.0335719
0.0341498
0.0335767
0.0335757
0.0330206
0.0335783
0.0335795
0.0335765
0.0335778
0.0341273
0.0341483
0.0341271
0.0335745
0.0335777
0.0335744
0.0341497
0.0335775
0.0335771
0.0335774
0.0335761
0.0335783
0.0335765
0.0335766
0.0335769
0.0335786
0.0335775
0.0335757
0.0341505
0.0335772
0.0341482
0.0335757
0.0341261
0.0335748
0.0330207
0.0335765
0.0347195
0.0335768
0.0335772
0.0341495
0.0335754
0.03358
0.0335767
0.0335778
0.0341272
0.0335755
0.0335768
0.0335784
0.034719
0.0341263
0.0335757
0.0335752
0.0341288
0.0335761
0.033576
0.0341505
0.0335768
0.0335769
0.0341275
0.0335772
0.0347191
0.0335761
0.0335772
0.0330439
0.0330455
0.0335786
0.0341264
0.033577
0.0335761
0.0335769
0.0335769
0.0335783
0.0335745
0.0341504
0.0341526
0.0335777
0.0335745
0.0335781
0.0335758
0.0335765
0.0341516
0.0335784
0.0335781
0.0341269
0.0335774
0.0335772
0.0330452
0.0335769
0.0335773
0.0335738
0.0335765
0.033577
0.0335771
0.0335768
0.0330433
0.0335762
0.0335766
0.0341269
0.0353083
0.0341261
0.0341274
0.0341253
0.0335772
0.0341513
0.0341501
0.0335761
0.0335761
0.033576
0.0341264
0.0341509
0.0335774
0.033577
0.0335752
0.0335778
0.0341256
0.0335782
0.0335779
0.0335757
0.0335764
0.033574
0.0335774
0.033577
0.0341273
0.0335744
0.0335755
0.0341512
0.0335765
0.0341521
0.0341275
0.0341264
0.0335761
0.0341493
0.0353333
0.0341504
0.0335745
0.0341247
0.0335763
0.0341525
0.0335769
0.0330207
0.033578
0.0330434
0.0341484
0.0341494
0.033579
0.0341514
0.0335784
0.0330443
0.0335772
0.0335776
0.0341508
0.0335758
0.0335777
0.0335764
0.0341499
0.0341257
0.0335775
0.0335748
0.0335768
0.0341497
0.0341272
0.0335761
0.034722
0.0341258
0.0341497
0.033578
0.034151
0.0335782
0.0335784
0.0341511
0.0335759
0.0335758
0.0341255
0.0341519
0.0347186
0.0335789
0.0341278
0.0335783
0.0335769
0.0335765
0.0335777
0.0341295
0.0335764
0.0335767
0.0335773
0.0335767
0.0335792
0.0335774
0.0335755
0.0335783
0.0341504
0.0335759
0.0335731
0.0335747
0.0335766
0.0341266
0.0335757
0.0335722
0.0335764
0.0335776
0.0330429
0.0335777
0.0330426
0.0330436
0.0335775
0.033577
0.0335777
0.0335772
0.0335761
0.0341292
0.0341271
0.0341282
0.0335792
0.0335785
0.0330216
0.0335763
0.0335751
0.0330204
0.0335788
0.0347219
0.0335776
0.0341468
0.0341265
0.0335757
0.0335793
0.0335766
0.0335715
0.0341247
0.0335781
0.0341504
0.0341254
0.034149
0.0335777
0.0335739
0.033576
0.0347204
0.0341253
0.0335707
0.0341511
0.0341263
0.0335759
0.0341285
0.0335757
0.0330424
0.0335771
0.0341498
0.0353353
0.0341505
0.0330441
0.033575
0.0335776
0.0341507
0.0335762
0.0341517
0.0341497
0.0347194
0.0341489
0.033044
0.0335782
0.0335791
0.033577
0.0335741
0.0341488
0.0341509
0.0335755
0.0335761
0.0335741
0.0335783
0.0341506
0.0335761
0.0341491
0.0341502
0.0335758
0.0335753
0.0335778
0.0335769
0.0335769
0.0335771
0.0335768
0.0335773
0.0341266
0.0335774
0.0335781
0.0341278
0.0341493
0.0341261
0.0341499
0.0330432
0.0341523
0.0353366
0.0341514
0.0335769
0.0335766
0.0335753
0.0335784
0.033576
0.0341508
0.0341514
0.0341515
0.0341256
0.0341511
0.0335778
0.0335761
0.0341516
0.033579
0.033578
0.0341508
0.0335782
0.0335752
0.0335761
0.0335771
0.0335767
0.0341487
0.0341271
0.0341519
0.0341501
0.034151
0.0335747
0.0335785
0.0335761
0.0335784
0.0335774
0.0335785
0.034127
0.0335746
0.0335791
0.034151
0.0335782
0.0335776
0.0330451
0.0335756
0.0335769
0.0335757
0.0341261
0.0347194
0.033576
0.034151
0.033577
0.0335758
0.0335778
0.0335771
0.0335783
0.0335774
0.0335769
0.0341503
0.0335766
0.0335783
0.0347189
0.033578
0.0335783
0.0335773
0.0341486
0.0335768
0.0335783
0.0335781
0.0335783
0.0335768
0.0335778
0.033578
0.0341251
0.0335754
0.0341501
0.0335737
0.033578
0.033578
0.0335773
0.0341505
0.0335767
0.0335788
0.0335755
0.0341508
0.0335747
0.0341274
0.0335784
0.0335768
0.0341503
0.0353339
0.034149
0.0341485
0.0335764
0.0335767
0.033576
0.0335766
0.0335775
0.0335748
0.0335769
0.0335779
0.0341516
0.0335775
0.0335769
0.0335757
0.0335766
0.0341509
0.0341504
0.0341242
0.034152
0.0341489
0.0335761
0.0335725
0.0341491
0.0341486
0.034146
0.0341501
0.0330444
0.0335786
0.0341481
0.0335783
0.0341491
0.0335789
0.0335762
0.0335743
0.0335776
0.0335761
0.033577
0.0330411
0.0335781
0.0335774
0.0341504
0.035333
0.0341509
0.0335774
0.0335737
0.0330425
0.0341511
0.0335746
0.0335766
0.0335784
0.0335774
0.033577
0.0335754
0.0341248
0.0353077
0.0341247
0.0341244
0.0353067
0.0341281
0.0335764
0.0341494
0.0335768
0.0347194
0.0347195
0.0341272
0.0335744
0.0335751
0.0335747
0.0335797
0.0335766
0.0335765
0.0335774
0.0335787
0.0341513
0.0335762
0.0335762
0.0335746
0.0347201
0.0335767
0.0335771
0.033578
0.0335769
0.0335777
0.0341509
0.0341502
0.0353344
0.0341521
0.033576
0.0341523
0.0335758
0.0335773
0.0335769
0.0335768
0.0335773
0.0341515
0.0335755
0.0341275
0.034129
0.0335759
0.0341493
0.0341269
0.0335758
0.0335775
0.0335777
0.0335759
0.0335777
0.0341511
0.0335756
0.0341502
0.0347191
0.0335759
0.0335782
0.034149
0.0347216
0.035334
0.0341494
0.033573
0.0335773
0.0341503
0.0335784
0.0335766
0.0341278
0.0335763
0.0335769
0.0341284
0.0335748
0.0341495
0.0335774
0.0341283
0.0335772
0.0335778
0.0335773
0.0335755
0.0335755
0.0335755
0.0335771
0.0335762
0.0335768
0.0335784
0.0347206
0.0341497
0.0335778
0.0335782
0.0341273
0.0341457
0.0341473
0.033578
0.0335764
0.0335759
0.0335774
0.0335763
0.0335752
0.0341485
0.0335774
0.0335756
0.0341501
0.034151
0.0335765
0.033578
0.0341506
0.0335768
0.033577
0.0335772
0.0335784
0.0335767
0.0341515
0.0353328
0.0347182
0.0341489
0.0335773
0.0341269
0.0335715
0.0335758
0.0335772
0.0335753
0.0335753
0.0341513
0.0335776
0.0335779
0.0335795
0.0335766
0.0341519
0.0341485
0.0335766
0.0335746
0.0341519
0.0335768
0.0341281
0.0335767
0.033577
0.0335772
0.0335778
0.0335782
0.0335747
0.0335778
0.0330211
0.0335731
0.0335779
0.0335774
0.0341275
0.0341276
0.0353073
0.0347201
0.0341503
0.0341512
0.034719
0.035309
0.0341235
0.0341485
0.0341516
0.0335738
0.0335751
0.0341275
0.0341254
0.0335781
0.0341513
0.0335752
0.0335756
0.033577
0.0330423
0.033575
0.0347193
0.0335779
0.0335763
0.0335753
0.0335768
0.0330417
0.0335779
0.0335763
0.0341268
0.0347184
0.0335767
0.0335776
0.0341271
0.0341234
0.0353072
0.0341264
0.0335756
0.0335743
0.0335762
0.0341487
0.0341285
0.0341276
0.0335768
0.0341281
0.0335761
0.033577
0.034719
0.0335793
0.0335777
0.0341269
0.0335739
0.0330415
0.0330417
0.03415
0.0335778
0.0335785
0.0341529
0.0341262
0.0341264
0.0341277
0.0335709
0.03415
0.0335765
0.0335766
0.0335784
0.0335759
0.0335774
0.033577
0.0335778
0.0341279
0.0335778
0.0335755
0.0335773
0.0335758
0.0341279
0.034126
0.0341524
0.0341499
0.0335776
0.0341509
0.0335762
0.0341457
0.0335759
0.034151
0.0341502
0.0335761
0.0335764
0.0335748
0.0335772
0.0335781
0.0341255
0.0341474
0.0335752
0.0335763
0.0341479
0.0335752
0.0341485
0.0341513
0.0341275
0.0335753
0.0335783
0.0335757
0.0335773
0.0335782
0.033576
0.0335774
0.0341503
0.0330429
0.0335793
0.0335778
0.0335748
0.033576
0.033577
0.03415
0.0341527
0.0335754
0.0341285
0.0341276
0.0335762
0.0335773
0.0335788
0.033577
0.0335759
0.0341277
0.033577
0.0335787
0.0335781
0.0341259
0.033573
0.0335744
0.0335768
0.033576
0.0341503
0.0335782
0.0335766
0.0335774
0.0335788
0.0335768
0.0335776
0.0330403
0.0341513
0.033576
0.0341266
0.0341518
0.0335786
0.0335788
0.0335779
0.0335774
0.0341481
0.0335771
0.0341287
0.0335776
0.0335769
0.033576
0.0330172
0.0341274
0.033575
0.0341512
0.0347212
0.0335755
0.0341254
0.033578
0.0335777
0.0335767
0.0335742
0.0335771
0.0335767
0.0335768
0.0330432
0.0335774
0.0335781
0.0335773
0.0335791
0.0335799
0.0347194
0.0341269
0.0335749
0.0341521
0.033577
0.0335737
0.0335774
0.0335767
0.0335781
0.0347181
0.0335766
0.0341281
0.0335772
0.0335767
0.0341506
0.0335767
0.0335767
0.0335757
0.0335751
0.0335772
0.0335771
0.0341516
0.0341496
0.0335766
0.0341274
0.0335759
0.0341513
0.0341507
0.0353331
0.0347192
0.0335747
0.0335776
0.0335772
0.0341276
0.034128
0.0335732
0.0335769
0.0335762
0.0335762
0.0335761
0.0335771
0.0335774
0.0335768
0.034151
0.0341499
0.0335747
0.0335778
0.0335777
0.0341237
0.0341494
0.0341499
0.0335776
0.0335775
0.0335763
0.0341513
0.0335766
0.0335764
0.0335767
0.0341255
0.0335742
0.0341518
0.0335777
0.0335784
0.0335771
0.0335787
0.0335765
0.0341514
0.034149
0.0335765
0.0341523
0.0335785
0.0335771
0.0341287
0.033575
0.0335779
0.0347202
0.0335767
0.033578
0.0341275
0.0335765
0.0335772
0.0335775
0.0335756
0.0341462
0.0353348
0.0341508
0.0330391
0.033575
0.0335768
0.033577
0.0335768
0.0335766
0.0341491
0.0335752
0.0335776
0.0335746
0.0335752
0.034129
0.0335776
0.0335778
0.0335719
0.033578
0.0341282
0.0335774
0.0335763
0.0347189
0.0335773
0.0335775
0.0335762
0.0341515
0.0341497
0.0341282
0.0341253
0.0335734
0.0335772
0.0341271
0.0353082
0.034129
0.0335771
0.03415
0.0341271
0.0335777
0.034129
0.0330215
0.0341269
0.0353092
0.0341265
0.0341261
0.0353085
0.0341264
0.0335775
0.0335775
0.0341512
0.0335764
0.0335778
0.0335756
0.0335748
0.0335777
0.0335744
0.0335775
0.0341262
0.0335745
0.0335762
0.0335753
0.0341496
0.0335762
0.0335788
0.033576
0.0341487
0.0347201
0.0335759
0.0335783
0.0335774
0.0335769
0.0341253
0.0335776
0.0335785
0.0335782
0.0330219
0.0335768
0.0330444
0.0335796
0.0341283
0.033578
0.0341289
0.033578
0.0335805
0.034126
0.033578
0.0335734
0.0330413
0.0335767
0.0335751
0.0341507
0.0335745
0.033576
0.0330422
0.0341487
0.0335784
0.0335755
0.0341512
0.0335761
0.033577
0.0335771
0.0335767
0.0335781
0.0335746
0.0335786
0.0341251
0.0335776
0.0341505
0.0341517
0.0353312
0.0366012
0.0366012
0.035335
0.034152
0.0330464
0.0335778
0.0335789
0.0335774
0.0330452
0.0335759
0.0347218
0.0335762
0.0335778
0.0330425
0.0335786
0.0335796
0.0335782
0.0335798
0.0341522
0.0335761
0.0335784
0.0335789
0.0330403
0.0335779
0.0335784
0.0335786
0.0335792
0.0335797
0.0335773
0.0330438
0.0335797
0.0341303
0.0341541
0.0341526
0.0335794
0.034722
0.0335791
0.0341534
0.0335793
0.03358
0.0335789
0.0335794
0.0335782
0.0335787
0.0335779
0.0335796
0.0335771
0.0341526
0.0335761
0.0335785
0.0341265
0.0335772
0.0335798
0.0335794
0.0335801
0.0335773
0.0335802
0.0341269
0.0341502
0.0335764
0.0335796
0.0335795
0.0341513
0.0335789
0.0341542
0.0335782
0.0335792
0.033579
0.0335799
0.0335792
0.0335767
0.0335789
0.0335796
0.0341299
0.0347224
0.0341529
0.0341275
0.0341511
0.0341527
0.0335777
0.0335754
0.0335796
0.0341292
0.0335779
0.0347206
0.033579
0.0330441
0.0335786
0.0335792
0.0335796
0.0335785
0.0335785
0.0335804
0.0341533
0.0341293
0.0341526
0.033044
0.0335793
0.0330451
0.0335763
0.0335788
0.0335795
0.0335792
0.0335798
0.0341536
0.0341539
0.033047
0.0335772
0.03472
0.0335796
0.0341523
0.034153
0.0335764
0.0341314
0.0335796
0.0335798
0.0335781
0.0330449
0.033578
0.0335794
0.034128
0.0341499
0.0330448
0.0335802
0.0335781
0.0341513
0.0335788
0.0335787
0.0335779
0.0341539
0.0341512
0.0335801
0.0341504
0.0335788
0.0347207
0.0335776
0.033579
0.0335792
0.0335797
0.0335786
0.0330224
0.033578
0.0335789
0.0335787
0.0335782
0.0335787
0.0341271
0.0335802
0.0341294
0.0335787
0.0330242
0.0335792
0.0341506
0.0335754
0.0341527
0.0335795
0.0330205
0.0335758
0.0335771
0.0335793
0.0335805
0.0341517
0.0335792
0.0341529
0.0335762
0.0341281
0.0335788
0.0335775
0.0325095
0.0335789
0.033577
0.0335775
0.0341508
0.0341296
0.0335768
0.0335776
0.0341284
0.0335805
0.0335798
0.0335764
0.0335791
0.0335793
0.0335781
0.0335795
0.0335758
0.0335789
0.0330449
0.0335801
0.0341505
0.0335771
0.0341291
0.0335763
0.0335775
0.0335803
0.0335776
0.0341285
0.0353093
0.0341283
0.0335787
0.034153
0.0335782
0.0341515
0.0335782
0.0335779
0.0335781
0.0335779
0.0335778
0.0335793
0.03358
0.034151
0.0341276
0.0335798
0.0335788
0.0335766
0.0330449
0.033044
0.0335797
0.0335789
0.0335782
0.0335769
0.0341525
0.0335783
0.0335784
0.0335758
0.0335803
0.0335807
0.0341295
0.0335789
0.0341541
0.0335803
0.0330465
0.034153
0.0335783
0.0335796
0.0335726
0.0335777
0.033577
0.0335792
0.0335789
0.0335792
0.0330458
0.0335769
0.0341278
0.03358
0.0330425
0.0335762
0.0335798
0.0335774
0.0335781
0.0341515
0.0335793
0.033579
0.0335767
0.033575
0.0347214
0.0341279
0.0335809
0.0330243
0.0330452
0.0335776
0.034129
0.0335781
0.0335772
0.0330428
0.0341535
0.0341521
0.0335796
0.0341311
0.033579
0.0335785
0.0335788
0.0335795
0.0341523
0.0330486
0.0335773
0.0330463
0.0335802
0.03358
0.0330228
0.033579
0.0341513
0.0335766
0.0335791
0.0341518
0.0335776
0.0335785
0.0335805
0.0335765
0.0341498
0.0335796
0.033582
0.0335769
0.0335793
0.0335781
0.0341517
0.03358
0.0335813
0.033579
0.0335789
0.0330227
0.0325073
0.0335783
0.0335772
0.0341538
0.0335771
0.0341522
0.0341297
0.0335789
0.0335791
0.0335806
0.0335789
0.0341513
0.0341288
0.0335788
0.033578
0.0335772
0.0341286
0.0341257
0.0335784
0.0335792
0.0330445
0.0335755
0.0335791
0.0341488
0.0335776
0.0335763
0.0335784
0.0335801
0.0330242
0.0341288
0.033025
0.0335773
0.0335779
0.033047
0.0335769
0.0341289
0.0335789
0.0330464
0.033581
0.0341293
0.0341513
0.0335763
0.0335777
0.0341306
0.0330224
0.0335731
0.0347222
0.0335785
0.0335782
0.0335785
0.0341509
0.0335778
0.0335794
0.0335793
0.0335788
0.0335773
0.0335789
0.0341533
0.0353363
0.0341539
0.0341528
0.0341293
0.0335799
0.0341298
0.0335778
0.0335791
0.033579
0.0335796
0.0325073
0.033578
0.0335767
0.0335766
0.0341278
0.0335765
0.0335791
0.0341289
0.0335777
0.0341513
0.0335779
0.0335783
0.0335792
0.0341513
0.0335766
0.0341277
0.0335735
0.033021
0.0335782
0.0335779
0.0341531
0.0335773
0.0341527
0.0335759
0.0335774
0.0335788
0.0335776
0.0330444
0.0341508
0.0335749
0.0341533
0.0335758
0.0335791
0.0330438
0.0341536
0.0341532
0.0335787
0.0335787
0.0341243
0.0341521
0.0335787
0.033578
0.0335786
0.0341524
0.0341289
0.0335801
0.0335803
0.0335801
0.0335779
0.0335788
0.033578
0.0341513
0.0335786
0.0335792
0.033575
0.0335776
0.0330216
0.0335792
0.0335801
0.0335787
0.0341293
0.0335791
0.0335754
0.0330448
0.0335794
0.0335799
0.0335798
0.0341528
0.0353349
0.0341526
0.0330447
0.033581
0.0335797
0.0335797
0.0335775
0.0335787
0.0335789
0.0335803
0.033579
0.033579
0.0335774
0.0335796
0.0325086
0.0330449
0.0325063
0.0330245
0.0335787
0.0341522
0.033578
0.0335776
0.0341499
0.0335782
0.0335806
0.033046
0.0341528
0.0330462
0.0341523
0.033579
0.0330432
0.0335774
0.0330446
0.0335805
0.0341295
0.0335795
0.033579
0.0335772
0.0335792
0.0335792
0.0335795
0.0335795
0.0335776
0.0330209
0.033577
0.0335787
0.0330433
0.0335769
0.0341299
0.0353088
0.034128
0.0335771
0.0341529
0.0335791
0.0341293
0.0335791
0.0335758
0.0341525
0.0341524
0.0353354
0.0341515
0.0335786
0.0335769
0.0335809
0.0335788
0.0330234
0.033579
0.0335788
0.0335786
0.0330454
0.0335793
0.0341537
0.0335784
0.033579
0.0335792
0.0335762
0.0341294
0.033578
0.0341297
0.0347228
0.0335796
0.032506
0.0335792
0.0335788
0.0335783
0.0347216
0.0335768
0.0335776
0.0335778
0.0330222
0.0335798
0.0335789
0.0335789
0.0341517
0.0341506
0.0335778
0.0335808
0.0341527
0.0330429
0.0335786
0.0330463
0.0335793
0.0341288
0.0335789
0.0335807
0.0341535
0.033577
0.0335774
0.0335766
0.0335791
0.0335797
0.0335793
0.0335808
0.0341522
0.0335784
0.0347209
0.0353349
0.0341517
0.0335799
0.0335778
0.0335751
0.0330472
0.0335776
0.0335795
0.0341522
0.0335797
0.03358
0.0335793
0.0341527
0.0341494
0.0341302
0.0341306
0.0335782
0.0330214
0.0330223
0.0335797
0.0341511
0.0335788
0.0335788
0.0335744
0.0341288
0.0335799
0.0335784
0.0330235
0.033579
0.0335786
0.033579
0.0335773
0.0330223
0.0330457
0.0335793
0.0330475
0.0330456
0.033579
0.0341296
0.0341515
0.0341287
0.0335778
0.0341524
0.0335758
0.0335777
0.0341513
0.0341277
0.0341504
0.0335807
0.0341296
0.0335787
0.0335788
0.0335782
0.0335778
0.0330462
0.0330434
0.0335789
0.0335773
0.0341291
0.0335763
0.0335797
0.0335787
0.0335802
0.0335769
0.033578
0.0335783
0.0335791
0.0341522
0.0335792
0.0335797
0.03358
0.0341502
0.0353344
0.0341518
0.0335793
0.0335796
0.0330244
0.0335796
0.0335805
0.0341297
0.0335796
0.0335775
0.0335783
0.0335785
0.0335763
0.0341516
0.0341474
0.0341512
0.0335782
0.0330222
0.0335758
0.0335792
0.033578
0.0335784
0.0335786
0.0335785
0.0335804
0.0341526
0.0353346
0.0341477
0.0341511
0.0335788
0.0335786
0.0341292
0.0335769
0.033577
0.0335783
0.0330458
0.0335778
0.0335779
0.0341514
0.0335784
0.0335751
0.0335785
0.03415
0.0341469
0.0335797
0.0341493
0.0341534
0.0335801
0.0335774
0.0335773
0.0330247
0.03358
0.034128
0.0335771
0.0347205
0.0335782
0.0335792
0.0341289
0.0335789
0.0341294
0.0335797
0.033581
0.0335792
0.03358
0.0335803
0.0335791
0.0335786
0.0335786
0.0335795
0.0335799
0.033579
0.0341524
0.0335792
0.0330232
0.0330459
0.0335802
0.0335784
0.0341521
0.03415
0.0335778
0.0347211
0.0335809
0.0335793
0.0335775
0.0335792
0.0335771
0.0335783
0.0341528
0.0341526
0.0341491
0.0341529
0.0335775
0.0335801
0.0335795
0.0335773
0.034152
0.0335778
0.0335801
0.0335773
0.033579
0.0335784
0.0335789
0.0341287
0.034128
0.0353121
0.0341281
0.0341523
0.0341525
0.0335784
0.0335776
0.0330246
0.0335794
0.0335793
0.0335721
0.0335784
0.0347211
0.0335782
0.0335791
0.0341532
0.0335778
0.0341262
0.0341508
0.0335788
0.0341291
0.0341287
0.0335747
0.033578
0.0335789
0.0335771
0.0335792
0.033578
0.0335778
0.0335793
0.0330462
0.0335766
0.0341526
0.0335781
0.0341519
0.0330457
0.0335785
0.0341272
0.0335784
0.0335767
0.0335779
0.0341539
0.03358
0.0335766
0.0335779
0.0341513
0.0335751
0.033581
0.0335802
0.0335771
0.0341537
0.0341511
0.0335801
0.0335764
0.0341516
0.0335791
0.0335783
0.0335773
0.0335804
0.034129
0.0335798
0.0335788
0.0341289
0.033579
0.0335789
0.0335786
0.0341502
0.0335783
0.0335774
0.0330438
0.0335769
0.0335763
0.0347225
0.033579
0.0335769
0.03358
0.0335797
0.0335804
0.0335805
0.0341286
0.0341291
0.03415
0.0341521
0.0335785
0.0341299
0.0341276
0.0335771
0.0335772
0.0341278
0.0335802
0.0335764
0.0341284
0.0335771
0.0335789
0.0335786
0.0341522
0.0335759
0.0335799
0.0335799
0.03358
0.0335783
0.0330421
0.0335809
0.0335795
0.0335787
0.0330414
0.0341517
0.0341302
0.0335801
0.0335775
0.0335789
0.0335768
0.0341288
0.0330246
0.0335795
0.0330452
0.0335773
0.0341306
0.0341276
0.0335773
0.0335794
0.0330246
0.0341289
0.0341289
0.0353091
0.0341287
0.0335795
0.033044
0.0335778
0.0335779
0.0335795
0.0341511
0.0341509
0.034152
0.0341525
0.0335787
0.0335793
0.0335799
0.0335777
0.0335769
0.0341532
0.0335768
0.0341271
0.033578
0.0335775
0.0335787
0.0347217
0.0335774
0.033578
0.0335807
0.0335796
0.0341309
0.0335773
0.0335786
0.0341265
0.0341316
0.0335795
0.0341498
0.0341241
0.0353093
0.0341303
0.0341507
0.0341522
0.0335784
0.0330243
0.0335789
0.0341311
0.0335775
0.0330457
0.0335782
0.0335776
0.0341293
0.0335795
0.033577
0.0341293
0.0335808
0.0335786
0.033579
0.0335783
0.0330226
0.0335768
0.0335781
0.0341526
0.0335817
0.0330461
0.033579
0.0335782
0.0335793
0.0341514
0.0335775
0.0335787
0.0335798
0.0335775
0.0330461
0.0335807
0.0341518
0.0341532
0.033045
0.0335783
0.0335766
0.0330463
0.0330239
0.0335757
0.0341527
0.0335782
0.0335787
0.0335794
0.0335787
0.0335796
0.0335783
0.0335769
0.0335767
0.0335751
0.033579
0.033579
0.0335793
0.0341511
0.0341531
0.0335781
0.034129
0.0335801
0.0335805
0.0335803
0.0335772
0.0341495
0.0330459
0.033578
0.0335793
0.033579
0.0335788
0.0341526
0.03358
0.0335778
0.0335785
0.0335794
0.0335797
0.0335806
0.0335764
0.0335775
0.0335801
0.0335766
0.0341515
0.0341281
0.0335791
0.0335787
0.0335797
0.0335775
0.0335779
0.0335791
0.0335784
0.0335809
0.0335783
0.033577
0.034153
0.0347182
0.0335778
0.0335787
0.0335804
0.033578
0.0341282
0.0330249
0.0335759
0.0335798
0.0335759
0.0335792
0.0341516
0.033578
0.0335786
0.0335768
0.0335786
0.0335789
0.033581
0.033579
0.0335752
0.0335772
0.0335781
0.03358
0.0335785
0.0341279
0.0335764
0.0335771
0.0330451
0.0335778
0.0341471
0.033577
0.0335791
0.0330461
0.0341533
0.0335783
0.0335779
0.0335773
0.0330235
0.0335802
0.0341541
0.034153
0.0353353
0.0341496
0.0341514
0.0335797
0.0330469
0.0335773
0.0330436
0.0335775
0.0335775
0.0335795
0.0341293
0.0335778
0.0335784
0.0347221
0.0341531
0.0335772
0.0341525
0.0335787
0.0335781
0.0335772
0.0335778
0.0341265
0.0335744
0.0335801
0.0335793
0.0341309
0.0335799
0.0335778
0.0335791
0.0325077
0.0335777
0.0335785
0.0335796
0.0341292
0.03358
0.0347188
0.0335791
0.0335791
0.0335775
0.0335807
0.0335792
0.0341517
0.0335789
0.0335786
0.0341307
0.0335783
0.0335807
0.0335778
0.0335782
0.0335783
0.0335779
0.0335794
0.0335792
0.0335785
0.0341503
0.0335794
0.0335791
0.0335802
0.0335786
0.0335808
0.0335794
0.0341293
0.033577
0.0335807
0.033577
0.034721
0.0335794
0.0335777
0.0341517
0.0335789
0.0330447
0.0335787
0.0341301
0.0335803
0.0341255
0.0353077
0.0341304
0.0335795
0.0341521
0.0330462
0.0341531
0.0335813
0.0335791
0.0335805
0.0335773
0.0335813
0.0335785
0.0341296
0.03413
0.033579
0.0335794
0.0330453
0.0330243
0.0341317
0.0335787
0.0335772
0.0341526
0.0341298
0.0353092
0.0347193
0.0335787
0.0330427
0.033579
0.0330476
0.0341526
0.0335807
0.0330223
0.0341294
0.0335759
0.033579
0.0335803
0.0335774
0.0335774
0.0335775
0.0330459
0.0335769
0.0335787
0.0335787
0.0335798
0.0335787
0.0335774
0.0341288
0.0335786
0.0341524
0.0335785
0.0341295
0.0335789
0.0341526
0.0335789
0.0335781
0.0341533
0.0335783
0.0335782
0.0335794
0.0341523
0.0335783
0.0341272
0.0335804
0.0335792
0.0335788
0.034129
0.0353074
0.0341278
0.0335784
0.0341291
0.0341282
0.0341535
0.0330454
0.0330457
0.0335787
0.0335788
0.0335781
0.0341275
0.0335751
0.0335792
0.034153
0.0335802
0.0335782
0.0335762
0.0335793
0.0335765
0.0335755
0.0335776
0.0335797
0.0335785
0.0341303
0.0353079
0.0341286
0.0335795
0.0335782
0.0341532
0.0335794
0.0341517
0.0341526
0.0335754
0.0335789
0.0335788
0.0335781
0.0335805
0.0335792
0.033577
0.0335747
0.0335793
0.0335782
0.0335779
0.033046
0.0335783
0.0341541
0.0335802
0.0341264
0.034131
0.0341507
0.033576
0.0341305
0.034153
0.0335762
0.0335785
0.0335806
0.0335787
0.033023
0.0335778
0.0335786
0.0335763
0.0341507
0.0335781
0.0330232
0.0335769
0.0335764
0.0335793
0.033579
0.0335792
0.0335797
0.0335772
0.0335793
0.0335772
0.0335794
0.0335792
0.0335785
0.0335782
0.033579
0.0335792
0.0335792
0.0335775
0.0330435
0.0335793
0.0341293
0.0341287
0.0335772
0.0341522
0.0341287
0.0335765
0.0335747
0.034125
0.0341287
0.035309
0.0341269
0.0335796
0.0335785
0.034153
0.0341306
0.0341524
0.035334
0.0341513
0.0341294
0.033579
0.0335759
0.0335796
0.034129
0.0335787
0.0341296
0.0335789
0.0335788
0.0335793
0.0335778
0.0335784
0.0341505
0.0335791
0.0335791
0.0335801
0.0335789
0.0335788
0.0341523
0.0341245
0.033579
0.0335793
0.0341514
0.0341527
0.0335778
0.033578
0.0341495
0.0335795
0.033024
0.0335776
0.0335781
0.0335777
0.0341531
0.0353349
0.0341502
0.0335779
0.0335799
0.0335797
0.0330449
0.0335798
0.0341528
0.0335777
0.0335771
0.033578
0.0335802
0.0341524
0.0335781
0.0335773
0.0341296
0.0335804
0.0335776
0.0341293
0.0335775
0.033577
0.0335808
0.0341526
0.0330413
0.0335781
0.0335803
0.0335804
0.0330417
0.0335789
0.0330471
0.0335779
0.0330459
0.0335786
0.03358
0.0341524
0.0335788
0.033577
0.0335797
0.033579
0.0335794
0.0341531
0.0341534
0.0330448
0.034153
0.0335782
0.033574
0.0341281
0.0335765
0.0341284
0.0341541
0.0335769
0.0335805
0.0341293
0.0335769
0.0341537
0.0335788
0.0335784
0.0335774
0.0330455
0.0335788
0.0335805
0.0335792
0.0335767
0.033578
0.034129
0.0335758
0.0341297
0.0335798
0.0335788
0.0335776
0.0341511
0.0335784
0.0335793
0.0335777
0.0341516
0.0335788
0.0335789
0.0341279
0.0335805
0.0341522
0.0335784
0.0341505
0.0335805
0.0335787
0.0335795
0.0341527
0.033581
0.0335795
0.0335799
0.0341289
0.0341303
0.0335796
0.0335812
0.0335753
0.0335792
0.0341287
0.035309
0.0341289
0.0335772
0.0335779
0.0335801
0.0335782
0.034127
0.0335788
0.0335786
0.0341274
0.0330237
0.0335784
0.0335796
0.0335797
0.0335771
0.0341527
0.0335806
0.0335801
0.0335787
0.0341531
0.0341278
0.0335746
0.033579
0.0335795
0.0341281
0.0335773
0.0335769
0.033578
0.0335796
0.0335791
0.0335797
0.0341294
0.0341523
0.0335786
0.0335788
0.0341278
0.0335805
0.0335784
0.0341524
0.0353347
0.0341516
0.033577
0.0330436
0.0335799
0.0347226
0.0335779
0.0341527
0.033579
0.0335772
0.0335788
0.0335791
0.0341302
0.0335771
0.0325059
0.0335785
0.0335792
0.0335788
0.034153
0.034151
0.0335793
0.0341294
0.0335797
0.0335775
0.0335752
0.032505
0.0335797
0.0335791
0.0335789
0.0335744
0.0335791
0.03358
0.0335767
0.0341522
0.0335812
0.0335792
0.0335789
0.0335798
0.0335799
0.0330449
0.0335762
0.0335771
0.0341258
0.034126
0.0341528
0.0335806
0.033579
0.0335784
0.0335805
0.0335796
0.0335765
0.0335804
0.0335789
0.0335804
0.0335782
0.0330463
0.0330453
0.0335783
0.0335778
0.0335774
0.0335805
0.0341522
0.0341515
0.0341519
0.0335796
0.0335809
0.03413
0.0335793
0.0335771
0.0335784
0.0335795
0.0335801
0.0341295
0.0335764
0.0335796
0.0335775
0.0335782
0.0335797
0.033579
0.0335795
0.0335799
0.0341274
0.0335763
0.0335779
0.0341292
0.0341537
0.0335784
0.0335793
0.033578
0.0330434
0.0335743
0.0335773
0.0335803
0.0335783
0.0335791
0.0335767
0.0335777
0.0347208
0.0341293
0.0335764
0.0335792
0.0335733
0.0341497
0.0335756
0.0335784
0.03358
0.0335743
0.0335768
0.0341513
0.0330456
0.0335784
0.0335791
0.0330443
0.0335771
0.0335777
0.034154
0.0335786
0.0341298
0.0341265
0.0330209
0.0341301
0.0335764
0.0330229
0.0335779
0.0335809
0.0335788
0.0341516
0.0353346
0.03415
0.0335786
0.0335807
0.0335793
0.0341277
0.0335777
0.0341522
0.0335788
0.0335777
0.0341272
0.0341524
0.0335795
0.0335774
0.0330444
0.0335791
0.0341516
0.0330473
0.0330244
0.0335799
0.0335808
0.033576
0.0335801
0.0335778
0.0335798
0.0341529
0.0341304
0.0341292
0.0335814
0.0335769
0.0335781
0.033579
0.0341281
0.0330224
0.0330445
0.0341504
0.033579
0.0335786
0.0325067
0.0335795
0.03358
0.0335787
0.0330461
0.033579
0.0335785
0.0341287
0.0335788
0.0341521
0.0341521
0.0335754
0.0335803
0.033577
0.0330453
0.0335787
0.0330212
0.0335805
0.033577
0.0341503
0.0341483
0.0335785
0.0341279
0.0335792
0.0335789
0.0335776
0.0335792
0.0335793
0.034129
0.033578
0.0347222
0.033574
0.0341282
0.0341279
0.0335798
0.0335788
0.0335776
0.0335798
0.0341522
0.0335781
0.0335798
0.0341517
0.0353352
0.0341503
0.0335758
0.0335782
0.0335768
0.0341298
0.0335786
0.0330239
0.0335792
0.0341298
0.0335782
0.0335783
0.0335803
0.0341268
0.034151
0.0335781
0.0341281
0.0341527
0.0335787
0.0335776
0.0335794
0.0335787
0.0335797
0.0341526
0.03358
0.0335781
0.0330462
0.03358
0.0335768
0.0341294
0.0341286
0.0341306
0.0335786
0.0335785
0.0341302
0.0341523
0.0341516
0.0353352
0.0341525
0.0335773
0.0335787
0.0335787
0.0335789
0.0335794
0.0335798
0.0335803
0.0335808
0.0330257
0.0335784
0.0347224
0.034154
0.0335787
0.0341497
0.0341249
0.0335782
0.033045
0.0335786
0.0341265
0.033574
0.0335781
0.033578
0.0330445
0.0341509
0.0335787
0.0335805
0.0330458
0.0330471
0.0335793
0.0335789
0.0341522
0.0335787
0.0330473
0.0335777
0.0325059
0.0335784
0.0335776
0.0335789
0.0330416
0.034148
0.0335788
0.033579
0.0341516
0.0335778
0.0341286
0.0335779
0.033579
0.0330453
0.0335781
0.0335765
0.0330443
0.0335777
0.0335775
0.0335781
0.033579
0.0335783
0.0341526
0.0335797
0.033046
0.0341518
0.0335794
0.0330454
0.0341526
0.0335798
0.0335775
0.0330442
0.0330456
0.0335766
0.0335782
0.0335784
0.0335782
0.0341295
0.0335772
0.0335774
0.0335782
0.0335783
0.0335785
0.0347216
0.0341278
0.0335797
0.0335773
0.0335777
0.0335793
0.0341522
0.0347232
0.0335794
0.0341305
0.033579
0.0335794
0.0335762
0.0335801
0.0341525
0.0330474
0.0335784
0.0341306
0.0335792
0.03358
0.0335788
0.034123
0.0335783
0.033024
0.0335774
0.0335807
0.0335783
0.0335807
0.033022
0.0335784
0.0341293
0.0335782
0.0335788
0.0335785
0.0335772
0.0330458
0.0330209
0.033579
0.0341508
0.0335786
0.03415
0.0341294
0.0341532
0.0335798
0.0341526
0.0335808
0.0341507
0.0335762
0.0335788
0.033579
0.0335779
0.0341313
0.034153
0.0335794
0.0335802
0.0341288
0.0335775
0.0335749
0.0341546
0.034151
0.0341505
0.0335788
0.0330444
0.0330448
0.0335787
0.0341284
0.0335726
0.0341511
0.0335756
0.0330238
0.0335799
0.0335768
0.0335788
0.0335805
0.0341507
0.0335781
0.0330451
0.0335795
0.0335776
0.0335789
0.0335804
0.0335809
0.0335796
0.0335806
0.0341522
0.034129
0.0347226
0.0353361
0.0341534
0.0335759
0.0335783
0.0335772
0.0335792
0.0335787
0.0341275
0.0341286
0.0335775
0.0347215
0.0335788
0.0341295
0.0353131
0.0341303
0.0335799
0.0335764
0.0335795
0.034129
0.034152
0.0335796
0.033579
0.0341281
0.0335798
0.0335783
0.0341521
0.0335767
0.0330243
0.0335799
0.0335775
0.0335794
0.0341521
0.0335803
0.033577
0.0335773
0.0335794
0.0335772
0.033576
0.0335758
0.0341273
0.0353098
0.0341281
0.033578
0.0335799
0.0341503
0.0335784
0.0335774
0.0330457
0.0341526
0.0353361
0.0341508
0.0335792
0.0341297
0.0335758
0.0335764
0.0330459
0.0335759
0.0335774
0.033046
0.0341515
0.0335808
0.0335786
0.0335778
0.0341297
0.0335773
0.0335778
0.0335773
0.0335791
0.0330258
0.0335773
0.034126
0.0335785
0.0335796
0.0341295
0.0335789
0.0335793
0.0335793
0.0335791
0.0335801
0.0335786
0.0341506
0.0341525
0.0335802
0.0341294
0.0335797
0.0335787
0.0335805
0.0330466
0.0335788
0.0335754
0.0335798
0.0330238
0.0335789
0.0335788
0.0341289
0.0335791
0.0341294
0.0335774
0.0335778
0.0335781
0.0335763
0.0341518
0.0335807
0.0335802
0.0330235
0.0341267
0.0335792
0.0335803
0.033044
0.0335797
0.0335794
0.0341498
0.0335784
0.0341531
0.0335795
0.0335752
0.0335777
0.0335785
0.0335802
0.0335806
0.0341528
0.0335769
0.0341527
0.0341502
0.0335783
0.0341517
0.0335781
0.0335788
0.0335796
0.0335795
0.0341506
0.0330456
0.034153
0.0335766
0.0335787
0.0341291
0.0335762
0.0341298
0.0335783
0.0335783
0.0335788
0.0335765
0.0335765
0.0335783
0.0335766
0.0330446
0.0330232
0.0335798
0.0330457
0.0330463
0.0330229
0.0335801
0.0335789
0.0335795
0.033579
0.0341298
0.0353103
0.0365727
0.0365193
0.0352591
0.0340784
0.0352577
0.0340814
0.0329771
0.0340807
0.0334874
0.0340797
0.0340111
0.0351839
0.034011
0.0334855
0.0324214
0.0334873
0.0329776
0.0334826
0.0334854
0.0334868
0.0334869
0.0346246
0.0334868
0.0334881
0.0334872
0.0340115
0.0340806
0.0334862
0.0329776
0.033483
0.0334838
0.0334833
0.0340777
0.0334857
0.0334872
0.0340102
0.0334886
0.033484
0.0340091
0.0334874
0.0340081
0.0340788
0.0334846
0.0340098
0.0351841
0.0340102
0.0334879
0.0334861
0.0334875
0.0340126
0.0334864
0.0334824
0.0334848
0.0346214
0.0334837
0.0334883
0.0334888
0.0334869
0.0340095
0.033486
0.033486
0.0329134
0.0334857
0.03408
0.0340793
0.0334854
0.034009
0.033487
0.0334868
0.03408
0.0334861
0.0340817
0.0334851
0.0334866
0.0340111
0.0340811
0.0329748
0.0340788
0.0340807
0.0334858
0.0340789
0.0334868
0.0334858
0.0334872
0.033486
0.0340792
0.0334854
0.0329126
0.0334859
0.0334839
0.0334859
0.0334866
0.0334873
0.0334843
0.0334849
0.0334857
0.0340117
0.0334868
0.0334862
0.0334862
0.0334859
0.0334858
0.0329126
0.0340095
0.0340817
0.0334859
0.033486
0.0340821
0.0334883
0.0340114
0.0334871
0.034624
0.0334865
0.0334882
0.033487
0.0334871
0.033487
0.0334854
0.0340103
0.0334854
0.0334857
0.033483
0.0334874
0.0334854
0.0334874
0.0334875
0.0334869
0.0334856
0.0340821
0.0329794
0.0340802
0.0340061
0.0340107
0.033487
0.0340795
0.0334883
0.0334869
0.0346231
0.0334858
0.0340801
0.0340091
0.0346249
0.0334843
0.0334849
0.0340824
0.0340773
0.0340799
0.0334875
0.0340795
0.0340088
0.0340089
0.0334867
0.0334868
0.0340069
0.0334867
0.0334872
0.0334874
0.0334855
0.0334867
0.0334862
0.0334844
0.0329782
0.033486
0.0334882
0.0329788
0.0334862
0.0340808
0.0340123
0.0340118
0.0340818
0.0329764
0.0334881
0.0334882
0.0334855
0.0334853
0.0334859
0.0334861
0.0334856
0.0340789
0.0334865
0.0340109
0.0334886
0.0334875
0.0340102
0.0334838
0.0329114
0.0329123
0.0334866
0.0334865
0.0334875
0.0340111
0.034626
0.0334856
0.0334866
0.0329108
0.03401
0.0334841
0.0334873
0.0346243
0.0334868
0.0334865
0.0334866
0.0334873
0.0334852
0.0346211
0.0351828
0.0340097
0.0334841
0.0334853
0.0340787
0.034009
0.0334855
0.0334857
0.0334852
0.0329765
0.033485
0.0334864
0.034081
0.0340807
0.0340095
0.0340083
0.0334867
0.0334857
0.03408
0.0334873
0.0334879
0.0334859
0.0334852
0.0334863
0.0329766
0.033489
0.0334872
0.0334866
0.0334875
0.0334876
0.0340118
0.0334853
0.033485
0.0340757
0.0334837
0.0334843
0.0334876
0.0340099
0.0334876
0.0340106
0.0334857
0.0334873
0.0340127
0.0329122
0.0340124
0.0340802
0.0334875
0.033485
0.033488
0.0329147
0.0334871
0.0340814
0.0334867
0.033485
0.0340097
0.0334873
0.033487
0.0329117
0.0340114
0.0340805
0.0334843
0.0334866
0.0340119
0.0334871
0.0334871
0.0340095
0.0334852
0.0340787
0.0334858
0.0334869
0.0334866
0.0340794
0.0340801
0.0329784
0.0334831
0.0334875
0.0340094
0.0329135
0.0334875
0.0334859
0.0340076
0.0334859
0.0334853
0.0346225
0.0334856
0.0334862
0.0329794
0.0334879
0.0334857
0.0334872
0.0334866
0.0340091
0.0334834
0.0334865
0.0334853
0.0334853
0.0340077
0.0334836
0.0334877
0.033483
0.0334848
0.033488
0.0334882
0.0340096
0.0334873
0.0334855
0.0334868
0.0340091
0.0334868
0.0340806
0.0334856
0.0334848
0.0334867
0.0334878
0.033488
0.034079
0.0334878
0.0334872
0.0340116
0.0334869
0.0340085
0.0340099
0.0334843
0.0334875
0.0334878
0.0334871
0.0334858
0.0340114
0.0340802
0.0334853
0.0340111
0.0340785
0.0329796
0.0334861
0.0334856
0.0329787
0.0334864
0.0340098
0.0340817
0.033486
0.0340804
0.0340802
0.0334865
0.0334853
0.033488
0.0334831
0.0329761
0.0334878
0.0340106
0.0340771
0.033487
0.0329771
0.0334848
0.0329784
0.0334848
0.0334858
0.0334861
0.0334883
0.0334879
0.0334838
0.0329745
0.0334876
0.0334876
0.0340808
0.0340798
0.0334878
0.0334861
0.0340073
0.0334861
0.0334872
0.0324187
0.0334868
0.0334863
0.0334854
0.0340787
0.0352574
0.0340821
0.0334837
0.0334852
0.0340113
0.0351833
0.0340119
0.0340788
0.0334862
0.034008
0.0334866
0.0340121
0.0334835
0.0334866
0.0334843
0.0329114
0.033486
0.0334856
0.0334856
0.0340091
0.034624
0.0334847
0.0334862
0.0334842
0.0334872
0.0334834
0.0329737
0.0334873
0.0334875
0.0340093
0.0334861
0.0334868
0.0334873
0.0334878
0.0334876
0.0340108
0.0351835
0.0340079
0.0334874
0.0334858
0.0334878
0.0340101
0.0340093
0.0334867
0.0334867
0.0334862
0.0334857
0.0334898
0.0334866
0.0334868
0.0334875
0.0334854
0.0334872
0.0346232
0.0334877
0.0340098
0.0334868
0.033486
0.0334857
0.0334862
0.0340811
0.0340763
0.0340819
0.0334852
0.0334853
0.0340097
0.0334868
0.0334865
0.033487
0.0334854
0.033484
0.0340793
0.0352573
0.0340815
0.0340104
0.0351821
0.0340099
0.0334861
0.0334842
0.0340106
0.0334861
0.0346221
0.0334862
0.0334841
0.0334863
0.033486
0.033487
0.0334868
0.0334872
0.0340096
0.0334879
0.0340115
0.0340809
0.0340093
0.0334858
0.0334854
0.0334871
0.0334821
0.0334862
0.0334837
0.0334878
0.034079
0.0334859
0.0340126
0.0340795
0.0334823
0.0329085
0.0334852
0.0334877
0.033486
0.03401
0.0340091
0.0334866
0.0334866
0.033486
0.0340101
0.0334862
0.0334864
0.0334868
0.0334872
0.0334859
0.033486
0.0334852
0.0334846
0.0334882
0.0334858
0.0340112
0.033486
0.0334839
0.0334858
0.0334839
0.0340806
0.0334869
0.0346227
0.0334856
0.0334846
0.0340109
0.0340096
0.0334885
0.0340793
0.0334834
0.0334869
0.0334865
0.0334836
0.0334869
0.0340068
0.0329119
0.0334858
0.0334853
0.0340827
0.0340813
0.0340803
0.0334874
0.032977
0.0334845
0.0340094
0.0334865
0.0329778
0.0334872
0.034079
0.0334868
0.0340779
0.033486
0.0340118
0.0340775
0.0352567
0.0340807
0.0334848
0.0340115
0.0334873
0.0340786
0.0334836
0.0334833
0.0334858
0.0340785
0.0334865
0.0334853
0.0340107
0.0340087
0.0334877
0.0334845
0.0340786
0.0334849
0.0340109
0.0340793
0.0340105
0.0334882
0.0329127
0.0334856
0.0334855
0.0334865
0.0334844
0.0340812
0.033488
0.034625
0.0334867
0.033483
0.0334831
0.0334864
0.0329787
0.0334852
0.0334881
0.0340091
0.0334875
0.0334842
0.0334873
0.0334863
0.0334863
0.0334844
0.0329778
0.033487
0.0334853
0.033489
0.0334856
0.0340795
0.0334842
0.0334862
0.0334871
0.0340815
0.0334867
0.0334877
0.0334876
0.0334882
0.0340092
0.0340803
0.0340098
0.033489
0.0340798
0.0334855
0.0334854
0.033487
0.0334853
0.0340829
0.0334865
0.0340806
0.0340802
0.0340097
0.0334872
0.0334885
0.033486
0.0329774
0.0334857
0.0329125
0.0334865
0.0346209
0.0340115
0.0329097
0.0334826
0.0329747
0.0334831
0.033488
0.0334872
0.0334855
0.0329763
0.0334868
0.0340803
0.0334865
0.0340088
0.0334852
0.033487
0.0334859
0.0334879
0.0334874
0.0334863
0.0334874
0.0340121
0.0340809
0.0334846
0.0340084
0.033488
0.0340093
0.0340116
0.0340802
0.0340094
0.0340792
0.0334863
0.0334881
0.0340808
0.033488
0.0340798
0.0340125
0.0340785
0.0334861
0.0334871
0.0340085
0.0334868
0.0340802
0.0334859
0.0334852
0.0334864
0.0340106
0.0334869
0.0340082
0.0340109
0.0334862
0.0334866
0.033484
0.0334859
0.0334844
0.0340104
0.0334881
0.0340815
0.0334854
0.0340096
0.0334873
0.0334873
0.0334876
0.0340814
0.0334872
0.0334865
0.033486
0.0334853
0.0340815
0.0334877
0.0334874
0.0334855
0.0334863
0.0340803
0.034625
0.0334871
0.0334875
0.0334875
0.0334876
0.0340806
0.0334882
0.033489
0.0334864
0.0334867
0.0334857
0.0334861
0.0334865
0.0340089
0.0351835
0.0340103
0.033486
0.0334864
0.0334854
0.0334833
0.0334865
0.0334851
0.0334858
0.0334867
0.0329113
0.0334851
0.0334877
0.0334885
0.0334872
0.0340791
0.0334865
0.0334872
0.0334867
0.0334859
0.0334894
0.0334876
0.0334847
0.0334863
0.0334848
0.0340814
0.0334881
0.0340096
0.0351821
0.0340103
0.0334869
0.03408
0.0334863
0.0340123
0.0334873
0.0334869
0.0334875
0.0334857
0.0334843
0.0340798
0.034081
0.0334851
0.034625
0.0334874
0.0334879
0.0340122
0.0351817
0.0340106
0.0334861
0.0340773
0.0340792
0.0334861
0.0334873
0.0334872
0.0340825
0.0334875
0.0334848
0.0334857
0.032911
0.0334873
0.0334849
0.03408
0.0334858
0.0334829
0.033486
0.0334874
0.0340814
0.0340801
0.0334868
0.0334858
0.0334879
0.034081
0.0340112
0.033485
0.0334871
0.0340796
0.0334867
0.0334876
0.0334857
0.0346219
0.0340788
0.0334848
0.0334856
0.0346251
0.033487
0.0334875
0.0334877
0.0334869
0.0334877
0.033484
0.0340792
0.0340808
0.0340804
0.0334878
0.033484
0.0340814
0.0340092
0.0340788
0.0334871
0.0334854
0.0334852
0.0334879
0.0334834
0.0334879
0.0329781
0.033485
0.0334878
0.0334871
0.0334862
0.0340098
0.0334872
0.0334828
0.0334869
0.0340803
0.0340804
0.0334876
0.0340801
0.0340117
0.0334865
0.0340808
0.0334824
0.0329785
0.0329793
0.0334853
0.0340805
0.033486
0.03408
0.0346213
0.0334855
0.0334866
0.0334833
0.0346239
0.0340116
0.0334885
0.0334855
0.0334872
0.0334863
0.0334834
0.0329801
0.0340766
0.0329774
0.0329787
0.0334858
0.0334867
0.0340096
0.0334851
0.0334875
0.033486
0.0334862
0.0334852
0.0334835
0.0329789
0.0334871
0.03401
0.0334819
0.0334871
0.0334871
0.0334856
0.0340792
0.0334869
0.0334857
0.0329762
0.032975
0.0334862
0.0340113
0.0334875
0.0324198
0.0334859
0.0334873
0.0334867
0.0334854
0.0334861
0.0334856
0.0329127
0.0334873
0.033488
0.0334865
0.0340065
0.0340093
0.033486
0.0340799
0.033489
0.0334863
0.0334864
0.0334871
0.0334878
0.0329795
0.0340773
0.0334872
0.0334883
0.0334834
0.0340811
0.0334864
0.0334866
0.0334858
0.0334856
0.0340807
0.0329785
0.0334846
0.0334873
0.0340107
0.033486
0.0334859
0.0334853
0.0334876
0.0334872
0.0334867
0.0340782
0.0334865
0.0334858
0.0340111
0.0334866
0.0340793
0.0340795
0.0334845
0.0334857
0.033485
0.0334849
0.0334855
0.0334849
0.0334855
0.0329775
0.0334885
0.0334876
0.033487
0.0340789
0.0340783
0.033486
0.0334874
0.0329783
0.0334848
0.0329764
0.033485
0.0334845
0.0329127
0.0340053
0.0351849
0.0340122
0.0340802
0.0334875
0.0334869
0.0334854
0.0334862
0.0334871
0.0334888
0.0334869
0.0340107
0.0334864
0.0334858
0.0340765
0.032974
0.0334872
0.0334864
0.0334868
0.0334842
0.0334867
0.0340806
0.0334878
0.0340121
0.0334875
0.0329792
0.0334887
0.0340069
0.0340812
0.0340116
0.033486
0.0334848
0.0334855
0.0340093
0.0334853
0.0329094
0.0334853
0.033488
0.033486
0.0329779
0.0334879
0.0334874
0.0329119
0.0334862
0.0340797
0.0340106
0.0340807
0.0340791
0.0334881
0.033487
0.0334862
0.0334856
0.0334877
0.0340106
0.0334873
0.0340802
0.033487
0.0334853
0.0334862
0.0334876
0.0334849
0.0346225
0.0334832
0.0334842
0.0334862
0.0334859
0.0340121
0.035178
0.0340114
0.0334858
0.0340115
0.0334858
0.0334848
0.0334842
0.033486
0.0340782
0.0340117
0.0334865
0.0329786
0.0334862
0.0334875
0.0334876
0.0334862
0.0329784
0.0329146
0.0329129
0.033487
0.0334889
0.0334859
0.0334879
0.0334867
0.0334857
0.0334863
0.0334868
0.0340802
0.0334856
0.0334873
0.0334848
0.0334858
0.0334854
0.0334857
0.0329119
0.0334849
0.0334863
0.0334872
0.0340103
0.0334865
0.0334861
0.0334848
0.0334857
0.0340124
0.0340803
0.0340089
0.0334866
0.0334844
0.0329727
0.033487
0.0329125
0.0334834
0.033487
0.0334864
0.0334836
0.0340799
0.0334866
0.0334867
0.0334881
0.0334873
0.0334878
0.0340107
0.0334867
0.0334858
0.0340115
0.0329122
0.0334871
0.0334865
0.0340801
0.0334868
0.033486
0.0334867
0.0334862
0.0334872
0.0334862
0.0334863
0.0334858
0.0334877
0.0329109
0.0334848
0.0334869
0.0340843
0.0334858
0.0340811
0.0334873
0.0340125
0.0334876
0.0329773
0.0334874
0.0340106
0.0351842
0.0340099
0.0334861
0.0334881
0.0340802
0.0334868
0.0334878
0.0334868
0.0334852
0.0340789
0.0340109
0.0334853
0.0340114
0.033483
0.0334847
0.0334839
0.033481
0.033487
0.0329777
0.0334874
0.033486
0.0334866
0.0334815
0.0334867
0.0334873
0.033488
0.0334871
0.0346224
0.0334887
0.0329788
0.0334853
0.0334872
0.0340095
0.0340818
0.0334843
0.0340118
0.0340105
0.0340807
0.0334831
0.0334853
0.0334842
0.034081
0.0334869
0.0334869
0.0334863
0.0334848
0.0334863
0.0334841
0.0334871
0.0334843
0.0334853
0.033486
0.033487
0.0334846
0.0334866
0.0329102
0.033486
0.0340103
0.0334849
0.0334847
0.0334861
0.0334875
0.0346243
0.0334882
0.033485
0.0334829
0.0334861
0.0340116
0.033487
0.033485
0.033488
0.0346217
0.0334845
0.0334852
0.0340795
0.0334882
0.0334872
0.033486
0.0334849
0.0340805
0.0334855
0.0334876
0.0334875
0.0340807
0.0334868
0.033486
0.0334851
0.0334875
0.0334865
0.0334874
0.0329737
0.0334846
0.0334865
0.0334863
0.0340099
0.0334869
0.0340798
0.0340095
0.0334836
0.0334855
0.0340121
0.0340112
0.0340102
0.0346236
0.0340786
0.0352585
0.0340783
0.0334861
0.0334876
0.0334856
0.0340111
0.0334849
0.0334884
0.033487
0.0334878
0.0340805
0.0340076
0.0334872
0.0334857
0.033487
0.0334876
0.0340095
0.0334843
0.0334875
0.033488
0.034079
0.0334871
0.033486
0.0340107
0.0351829
0.034011
0.0334863
0.0334893
0.0334852
0.0329783
0.0334853
0.0340096
0.033487
0.0334848
0.0334865
0.0340765
0.0334849
0.0334854
0.032913
0.033486
0.0340807
0.0340801
0.0340778
0.0329774
0.032976
0.0340783
0.0334856
0.0346238
0.034078
0.0334869
0.0340808
0.0334849
0.03401
0.0334874
0.0334877
0.03408
0.0334883
0.0329098
0.0334872
0.0340103
0.0340768
0.0352598
0.0340801
0.0334867
0.033484
0.0334861
0.0334871
0.0334887
0.0329773
0.0334883
0.0334856
0.0334884
0.0334839
0.0329136
0.033485
0.0334888
0.03408
0.0334858
0.0346212
0.0334848
0.0340794
0.0352549
0.0340775
0.0334878
0.0334878
0.0334872
0.0340801
0.0334867
0.0334868
0.0340791
0.0334879
0.0340821
0.033488
0.0334858
0.0334883
0.0334873
0.0334867
0.0334879
0.0334825
0.0334838
0.0334865
0.033487
0.0329779
0.0340797
0.0334872
0.0340813
0.033486
0.0334863
0.0334844
0.0340116
0.0334863
0.033484
0.0334872
0.0334872
0.0340101
0.0351822
0.0340086
0.0334871
0.0340784
0.0334872
0.0340104
0.0334865
0.0334861
0.0340099
0.0340793
0.0340789
0.0334873
0.0334869
0.0334884
0.0334857
0.0340762
0.0334855
0.0340769
0.0334862
0.0334862
0.0334865
0.0346229
0.0334868
0.0334862
0.0334869
0.0334853
0.0340816
0.0334837
0.0334878
0.0340795
0.0340091
0.0334861
0.0334881
0.0334857
0.0334861
0.0334876
0.033486
0.0334866
0.0340117
0.0334853
0.0334847
0.0340106
0.0334884
0.0334881
0.0334886
0.0334874
0.0334857
0.0334875
0.0334859
0.0340105
0.0334866
0.0340087
0.0334872
0.0329797
0.0334882
0.0340082
0.0334843
0.0340769
0.0340098
0.0334818
0.0334846
0.032978
0.0334869
0.034012
0.0340813
0.034012
0.035182
0.0340105
0.0334882
0.0334859
0.033487
0.0340776
0.0340799
0.0340761
0.0352569
0.034079
0.0334875
0.0334865
0.0334861
0.0340091
0.0334873
0.0334861
0.0340125
0.0340088
0.0334822
0.0340118
0.0334865
0.0334888
0.0329774
0.034079
0.0340122
0.0334871
0.0334868
0.033486
0.0334873
0.0334862
0.0334865
0.0334856
0.0334865
0.0334867
0.0329769
0.0340797
0.0334868
0.0334872
0.0340077
0.0340789
0.0334858
0.033487
0.0334866
0.0334843
0.0340804
0.0334867
0.0334876
0.034079
0.0352555
0.0340799
0.0334885
0.0334865
0.0334856
0.0334855
0.0334857
0.0334867
0.0334849
0.033488
0.0334859
0.0329101
0.0334864
0.0334854
0.033485
0.0334876
0.0334885
0.0340804
0.0334864
0.0334871
0.0334853
0.0334857
0.0334851
0.0334863
0.0334862
0.0346193
0.0334858
0.0334855
0.0334881
0.0334869
0.0334871
0.0329793
0.0340794
0.0340812
0.0334854
0.0334862
0.0334863
0.0340124
0.0340799
0.0334871
0.0334857
0.0334868
0.0329753
0.0334843
0.0334874
0.0334869
0.033485
0.0340766
0.0334858
0.034621
0.0352593
0.0340784
0.0334842
0.0334859
0.0334837
0.033489
0.0334878
0.033485
0.0346238
0.0340785
0.0329762
0.0334874
0.0334854
0.0334837
0.0334863
0.0334876
0.0334856
0.0329771
0.0334852
0.0334869
0.0340109
0.033487
0.0334881
0.0329778
0.034081
0.0334862
0.033487
0.0334856
0.0334876
0.0334859
0.033485
0.0329776
0.0340791
0.0334863
0.0334882
0.0334872
0.0340795
0.0340793
0.0334867
0.0340788
0.0340782
0.03408
0.0340795
0.0352543
0.0346225
0.033487
0.0340817
0.0334854
0.0334853
0.0334842
0.0334858
0.0340808
0.0340775
0.0340786
0.0352568
0.0340806
0.0334865
0.0334855
0.0340804
0.0334852
0.0334866
0.0340777
0.0340777
0.0352561
0.0340779
0.0329784
0.0340773
0.0334842
0.0334864
0.0334851
0.0334849
0.0346233
0.0334882
0.0334849
0.034081
0.0352572
0.0340807
0.0334847
0.0334822
0.0334831
0.0334849
0.0340808
0.0340792
0.0340084
0.0334871
0.0334837
0.0334855
0.0340105
0.0340102
0.0334861
0.0329143
0.0334868
0.0340105
0.0334825
0.0340798
0.0334854
0.0329115
0.0334849
0.0334872
0.0334856
0.0334881
0.0340794
0.0334868
0.0334844
0.0334848
0.0340794
0.0334848
0.0340793
0.0334858
0.0334837
0.0346254
0.0340818
0.0334863
0.0334849
0.0334871
0.0334851
0.0340123
0.033487
0.0334854
0.0334876
0.0340099
0.0334839
0.0334868
0.0334874
0.0334867
0.0340798
0.0352557
0.0346226
0.0334885
0.0334846
0.0334852
0.0334865
0.0334871
0.0340085
0.0334846
0.0329803
0.0334873
0.0334847
0.0340815
0.0340816
0.0334852
0.0340805
0.0329775
0.0329096
0.0340109
0.0334866
0.0334872
0.0334794
0.0334875
0.0334868
0.0334854
0.0340085
0.0334839
0.0329765
0.0334866
0.0334889
0.0334869
0.0340812
0.033485
0.0334874
0.0334886
0.0334862
0.0334853
0.034012
0.0334854
0.0346206
0.0340801
0.0334844
0.0334863
0.034011
0.0334841
0.0334838
0.0334866
0.0340799
0.033486
0.0329113
0.0334863
0.0334873
0.0346228
0.0334874
0.033487
0.0334879
0.033486
0.0340781
0.0334845
0.0340096
0.0334851
0.0329754
0.0329777
0.0334854
0.0340111
0.033487
0.0334872
0.0334842
0.0334865
0.0334851
0.033486
0.0334858
0.0340814
0.0346227
0.0334868
0.0334871
0.0334891
0.0334874
0.0346241
0.0334861
0.0334857
0.0340808
0.0334855
0.0340795
0.034624
0.0334861
0.0334865
0.0340096
0.0340791
0.033484
0.0334842
0.0334859
0.0334864
0.0334871
0.0334867
0.0334877
0.0340814
0.0334879
0.0340804
0.0340122
0.0334883
0.0340793
0.0340819
0.0334845
0.0340062
0.0334854
0.0329728
0.0334845
0.0334854
0.0334858
0.0340113
0.0340801
0.033487
0.0334837
0.0334844
0.0340801
0.0334869
0.0334866
0.0334869
0.0340815
0.0334869
0.0334855
0.0340798
0.034625
0.0340099
0.0334859
0.0340089
0.0340087
0.0340788
0.0334864
0.033485
0.0334865
0.0340096
0.0334866
0.0334855
0.0334888
0.0340113
0.0334869
0.033484
0.0340769
0.0334852
0.0334877
0.0334887
0.0334851
0.0334864
0.0334828
0.0340811
0.0340106
0.0334867
0.0334878
0.033487
0.0334853
0.0340086
0.0334852
0.0340792
0.0334856
0.0334869
0.0329798
0.0334864
0.0334868
0.0334851
0.0334873
0.0340809
0.034081
0.0334873
0.0329763
0.033486
0.0334879
0.0334873
0.0334869
0.0340802
0.0334869
0.033487
0.0334858
0.033489
0.0334881
0.034079
0.0334848
0.0334839
0.0334863
0.0334869
0.033487
0.0334862
0.0340801
0.0352576
0.0340811
0.0340815
0.0340803
0.0340101
0.0334866
0.0346243
0.0334875
0.0334869
0.0334885
0.0334868
0.0334867
0.033487
0.0340085
0.0334858
0.0329779
0.0334839
0.0340133
0.0334859
0.0334862
0.0334848
0.0334834
0.0340064
0.0334856
0.0334866
0.033487
0.0340102
0.0334836
0.0334874
0.0340803
0.0334846
0.0346237
0.0334864
0.0340112
0.033485
0.0334865
0.0329733
0.0334868
0.0340104
0.0334875
0.0334872
0.0334843
0.0340101
0.03401
0.0340797
0.0334889
0.0340775
0.0340793
0.0352556
0.0340805
0.033487
0.0329141
0.033488
0.034622
0.0352578
0.0340799
0.0334856
0.0334829
0.0334854
0.0340813
0.0334848
0.0334871
0.0334856
0.0340798
0.0334879
0.0334859
0.0340822
0.033487
0.033487
0.0346229
0.0334864
0.0334851
0.0334868
0.0334867
0.0334854
0.0334871
0.033486
0.0334848
0.0334858
0.0334884
0.0334832
0.0334848
0.0334854
0.0340792
0.0340807
0.0334878
0.0340805
0.0334867
0.0334866
0.0340113
0.0334851
0.0334852
0.0340101
0.0334879
0.0340804
0.0329773
0.0340817
0.0329783
0.0334882
0.0334861
0.0334867
0.0340807
0.0334857
0.0334859
0.0340082
0.0334871
0.0334878
0.0329794
0.0334878
0.0340808
0.0334862
0.0334859
0.0334852
0.0334858
0.0334865
0.0329781
0.0340795
0.0334866
0.0329131
0.0334863
0.0334866
0.0334867
0.0334878
0.0340107
0.0334864
0.0334873
0.0340803
0.0334828
0.0334857
0.0334877
0.0334867
0.0340796
0.0334859
0.0334868
0.0334873
0.0334866
0.0340813
0.0334864
0.0340759
0.0352572
0.0346239
0.0334864
0.0340809
0.0334867
0.0334859
0.0334856
0.0334866
0.0334861
0.0340801
0.0329777
0.0334849
0.0334873
0.0334868
0.0334871
0.0334845
0.0329123
0.0329777
0.0340769
0.0340801
0.0334869
0.0334838
0.0340784
0.0334865
0.0334866
0.0329117
0.0340095
0.033487
0.0334864
0.0334872
0.0334869
0.0334869
0.033488
0.0334885
0.0334867
0.0334872
0.0329776
0.033487
0.0334881
0.0334873
0.0329118
0.0334846
0.0334868
0.0329096
0.0340109
0.0334878
0.0334835
0.0334856
0.0340808
0.0334822
0.0334851
0.033486
0.0334866
0.0334855
0.033486
0.033488
0.0334871
0.0340803
0.0334867
0.0334871
0.0334852
0.0340073
0.0351817
0.0364381
0.0363321
0.0350833
0.0339178
0.0333057
0.0339127
0.0333025
0.0333033
0.0333064
0.0333073
0.033305
0.0333071
0.032717
0.0333092
0.0333055
0.033304
0.0333053
0.0333063
0.0339172
0.0333079
0.0333065
0.0333082
0.0333068
0.0339189
0.0333074
0.0333083
0.0339184
0.033309
0.0333069
0.033308
0.0333088
0.0333038
0.0333077
0.0339151
0.0333058
0.0344313
0.0339157
0.0339156
0.0333076
0.0327189
0.0333079
0.0333045
0.0338004
0.0333053
0.0333059
0.0333074
0.0333086
0.033307
0.033801
0.0333069
0.0333058
0.0333069
0.0333059
0.0338018
0.033306
0.0338027
0.0338024
0.0327197
0.0333087
0.033307
0.0333073
0.0333064
0.033307
0.0338039
0.0349608
0.0337997
0.0333053
0.0344304
0.0339177
0.0338049
0.0333069
0.0333071
0.0333072
0.0327157
0.0333084
0.0327176
0.0333078
0.0333069
0.0333026
0.0339162
0.0333064
0.0333066
0.0339142
0.0333061
0.0328231
0.0339168
0.0333084
0.0333052
0.0333065
0.0333068
0.0333075
0.0333067
0.0344323
0.0338037
0.0333084
0.0333071
0.0333074
0.0333068
0.0344302
0.0350817
0.0339177
0.0339186
0.0339187
0.0338043
0.0339162
0.0339167
0.0339149
0.0333063
0.033306
0.0333052
0.0339179
0.0338008
0.0333056
0.0339167
0.0333073
0.033915
0.0339185
0.0344321
0.0333068
0.0333055
0.0339152
0.0338013
0.033304
0.0333076
0.0339179
0.0333044
0.0333069
0.0333084
0.0338012
0.0333061
0.0339164
0.0333066
0.0333079
0.0333056
0.0344302
0.0339173
0.0338034
0.0333081
0.0333064
0.0333096
0.0333071
0.0333079
0.0338028
0.0333073
0.0327173
0.0333059
0.0333076
0.03443
0.0333074
0.0333054
0.0333073
0.0333068
0.0333055
0.033306
0.033305
0.0333065
0.0338038
0.0333072
0.0333079
0.0333066
0.0333072
0.0333081
0.0333079
0.0339153
0.0333042
0.0333067
0.0333058
0.0333058
0.0333065
0.0333091
0.0333046
0.0333056
0.0333053
0.033306
0.0333069
0.0333081
0.0333071
0.0339189
0.0339178
0.0344315
0.0339176
0.0333052
0.0333057
0.0328209
0.0333047
0.0338022
0.0333066
0.0339187
0.0333082
0.0339163
0.0333071
0.0339162
0.0333076
0.0338009
0.0333071
0.0333068
0.0333031
0.0333048
0.0333065
0.0338037
0.0333056
0.0338023
0.0333064
0.0333028
0.0333074
0.0333052
0.0338042
0.0333059
0.0338051
0.0333047
0.0338017
0.032718
0.0327184
0.0333077
0.0338016
0.033307
0.0333088
0.0338026
0.0349627
0.0344329
0.0339163
0.0350842
0.0339177
0.0333068
0.0333082
0.0333084
0.0333069
0.0333076
0.0339177
0.0339162
0.0338024
0.0338021
0.0349596
0.0338024
0.033306
0.0338031
0.0333065
0.0333079
0.0333076
0.0333072
0.0338017
0.0333059
0.0337983
0.0333071
0.0338007
0.0333056
0.0339175
0.0339185
0.0333059
0.0327176
0.0333082
0.0333076
0.0328271
0.0339183
0.0350839
0.0339146
0.0333051
0.0333076
0.0328247
0.0333072
0.0333052
0.0333079
0.033306
0.0333078
0.0333066
0.0333072
0.033802
0.0333052
0.033802
0.0333069
0.0333075
0.0339178
0.0333072
0.0333072
0.0333071
0.0333079
0.0333078
0.0333073
0.0333065
0.0333066
0.0338026
0.0333073
0.0333062
0.0333077
0.0338015
0.033305
0.0338045
0.0333073
0.033308
0.0338022
0.0327182
0.0333053
0.0333081
0.033306
0.033304
0.0333054
0.0333078
0.0333089
0.0338031
0.0333079
0.0333051
0.0339181
0.0333067
0.0338027
0.0333067
0.033307
0.0333061
0.0337994
0.033309
0.0333071
0.0333065
0.0333093
0.0333073
0.033307
0.0333073
0.0333066
0.0333067
0.0333075
0.0333076
0.0339169
0.0333068
0.0339188
0.0339169
0.0333053
0.0333061
0.0333044
0.0333074
0.0338012
0.033305
0.0338016
0.0333068
0.0333067
0.0344315
0.0333065
0.0333032
0.0333058
0.0333061
0.0339173
0.0350848
0.0339199
0.0333082
0.0333082
0.0333074
0.0344305
0.0339181
0.0338028
0.0333076
0.0333056
0.033917
0.0338024
0.0338038
0.0339174
0.0333056
0.0333046
0.033308
0.0333086
0.0333067
0.0339171
0.0333073
0.0339182
0.033307
0.0333079
0.0333071
0.0333079
0.0333096
0.0333068
0.0344322
0.0333072
0.0337998
0.0333066
0.0339167
0.0338013
0.0333074
0.0339178
0.033305
0.033309
0.0333089
0.0333088
0.0333071
0.033803
0.0333049
0.0333055
0.0338027
0.0333081
0.0333059
0.0333075
0.0339184
0.0333079
0.0333032
0.0333068
0.0333067
0.0338015
0.0333076
0.033304
0.0333069
0.0338021
0.033307
0.0333078
0.0333051
0.0333055
0.0339179
0.0333066
0.0333071
0.0333036
0.0333058
0.0333076
0.0333079
0.033308
0.0333078
0.0338022
0.0333048
0.0339149
0.0339164
0.033308
0.0333042
0.0328227
0.0333072
0.0333074
0.0333075
0.0339175
0.0333083
0.0339172
0.0338032
0.0338018
0.033918
0.0339175
0.0333053
0.0337999
0.0338025
0.0333049
0.033307
0.0339141
0.0338026
0.0333072
0.0333062
0.0333071
0.0333071
0.0338027
0.0333073
0.033803
0.0333069
0.033308
0.033308
0.0333061
0.0339173
0.0333055
0.0339173
0.0333058
0.0333051
0.0333069
0.0333059
0.0344315
0.0339154
0.0333083
0.0338025
0.0349608
0.034433
0.0333075
0.0338003
0.0333046
0.0338033
0.0339177
0.0333086
0.0333063
0.033916
0.0339163
0.033803
0.0333068
0.0338016
0.033305
0.0339163
0.033307
0.0333075
0.0322518
0.0333022
0.0333073
0.0333079
0.0333094
0.0339176
0.0333083
0.0333069
0.0339133
0.0333077
0.0333059
0.0333023
0.033803
0.0344305
0.033307
0.0333079
0.0333068
0.0333088
0.0333062
0.0333051
0.0338008
0.0339183
0.0333059
0.0333057
0.0333064
0.0339171
0.0328249
0.0333077
0.0338028
0.0338025
0.0349599
0.0338014
0.0333088
0.0339179
0.0333066
0.0333073
0.033304
0.0333079
0.0333062
0.0333079
0.0333075
0.0339171
0.0333051
0.0339176
0.0344307
0.033308
0.0333077
0.0333076
0.0333099
0.0333065
0.0333071
0.033309
0.0333057
0.033309
0.0338048
0.0338017
0.0333048
0.0344312
0.033307
0.0338034
0.0333064
0.0327175
0.0333074
0.0333088
0.0338031
0.0349622
0.0338017
0.0333072
0.0338017
0.0338
0.0333073
0.0333076
0.0333055
0.0338016
0.0333077
0.0339185
0.033306
0.0339166
0.0333044
0.0333061
0.0333063
0.0333083
0.0333079
0.0333053
0.0333064
0.0328243
0.0339174
0.0333071
0.0339182
0.0338016
0.0333041
0.0333075
0.0333056
0.0333053
0.0333047
0.0333076
0.0339191
0.033304
0.0339179
0.0339182
0.0333068
0.0333062
0.033306
0.0327184
0.0338022
0.0338027
0.0338023
0.0333066
0.0333077
0.033304
0.0339161
0.0344317
0.0333027
0.0333062
0.0333061
0.0333053
0.0338021
0.0333068
0.0327176
0.033309
0.0333069
0.033306
0.0333099
0.0333068
0.0333049
0.0333081
0.0338029
0.0333058
0.0338015
0.0333051
0.0333069
0.0333069
0.0333076
0.0338028
0.0333059
0.0333073
0.0339192
0.0333049
0.033307
0.033919
0.0333079
0.0327159
0.033305
0.0339166
0.0338026
0.0339177
0.0338039
0.0339161
0.0333097
0.0344327
0.0333084
0.0339169
0.0333069
0.0344309
0.0333057
0.0338038
0.033308
0.033919
0.0333079
0.033308
0.0333074
0.0333068
0.0338
0.0333064
0.0338012
0.0338037
0.0333062
0.0339163
0.0350856
0.033917
0.0333078
0.0333069
0.0333067
0.0338022
0.0333062
0.0333088
0.033918
0.0333071
0.0338015
0.033307
0.0333062
0.0338025
0.0333075
0.0339176
0.0333087
0.0338015
0.0333058
0.0333053
0.0333073
0.0344319
0.0338026
0.032716
0.0338032
0.0333088
0.0333099
0.0339193
0.0333065
0.0333065
0.0333057
0.0333067
0.0333062
0.0333069
0.033305
0.033308
0.0333075
0.0333065
0.0333078
0.0333081
0.0333071
0.0333062
0.0333059
0.0328232
0.0333065
0.0333088
0.0333072
0.0333065
0.0333026
0.033307
0.0339163
0.0333073
0.0333079
0.0339179
0.0333075
0.0338012
0.0349593
0.0338016
0.0333054
0.0333066
0.0338016
0.0338051
0.0333089
0.0338028
0.0338024
0.0333031
0.0344304
0.0339175
0.0333082
0.0339162
0.0344304
0.0333067
0.0333035
0.0338035
0.0333072
0.0333085
0.0338008
0.033308
0.0327183
0.0333083
0.0339174
0.0333036
0.0338038
0.0333076
0.0333064
0.0339169
0.0338014
0.0338022
0.0344315
0.0339174
0.0338021
0.0333065
0.0333062
0.0338036
0.0338036
0.0339151
0.0333055
0.0333071
0.0339176
0.0350837
0.0344298
0.0333063
0.0333075
0.0338022
0.0333052
0.0339177
0.0333033
0.033803
0.033306
0.0333063
0.0333068
0.0338035
0.033308
0.0333059
0.0327174
0.033307
0.0333048
0.0333075
0.0333073
0.0333068
0.0333077
0.033308
0.0333082
0.0333055
0.0333074
0.0333055
0.0333036
0.0333056
0.0344314
0.035085
0.0339165
0.0333067
0.0333068
0.0333069
0.0327195
0.0333094
0.0338019
0.0339191
0.0333079
0.0327172
0.0333063
0.0338006
0.0344319
0.033309
0.0333061
0.0333088
0.0333089
0.0333064
0.0333076
0.0333089
0.0338029
0.0333053
0.0333061
0.0339169
0.0339176
0.0338038
0.0333055
0.0338036
0.0333059
0.0338045
0.0333064
0.0328245
0.0339184
0.0333074
0.033916
0.035086
0.0339188
0.033803
0.0349625
0.0344312
0.0333068
0.0333078
0.033307
0.0333055
0.0339161
0.0333071
0.0333067
0.0333071
0.0333049
0.0333061
0.0338027
0.0344326
0.0333071
0.0333065
0.0339187
0.0333074
0.0339158
0.0339194
0.0333048
0.0333091
0.0333061
0.0327184
0.0333061
0.0337996
0.0327158
0.0333075
0.0333054
0.033306
0.0333051
0.0333069
0.0333073
0.0333072
0.0333077
0.033306
0.033307
0.0338032
0.0339173
0.0339179
0.0333063
0.033918
0.0339156
0.0333044
0.033916
0.0333084
0.0333079
0.0339174
0.0339169
0.0333049
0.033307
0.0344318
0.0333051
0.0333033
0.0339191
0.0333086
0.0338026
0.0339154
0.0338019
0.0338016
0.033308
0.0339172
0.0333064
0.033308
0.0339172
0.0338016
0.034954
0.033802
0.0339182
0.0333063
0.0333089
0.0337993
0.0333074
0.0333074
0.0339167
0.0333079
0.0327178
0.0333078
0.033306
0.0333079
0.0333075
0.0333081
0.0333066
0.0333078
0.0333093
0.0338025
0.0333078
0.0338029
0.0333068
0.0333062
0.0333056
0.0333063
0.0327149
0.0327167
0.0333073
0.0333062
0.0344308
0.0333055
0.0338013
0.0333067
0.0333068
0.0333061
0.0338026
0.0333051
0.0333069
0.0333064
0.0333074
0.033803
0.0338029
0.0333072
0.0333063
0.0333053
0.0333071
0.0333076
0.0333069
0.0333073
0.033917
0.0333084
0.0333075
0.0344313
0.0333068
0.0333055
0.0333082
0.033309
0.0339185
0.0333044
0.0338038
0.0339189
0.0333075
0.0344314
0.0333061
0.0333075
0.0333066
0.0338029
0.0333065
0.0333068
0.0333079
0.033308
0.0333057
0.0333052
0.0333067
0.0338036
0.0338006
0.0333068
0.0344304
0.0350831
0.0339151
0.0333068
0.0338031
0.0338041
0.0333084
0.0333073
0.0339165
0.0333065
0.0333067
0.0333066
0.0339161
0.033305
0.0333059
0.0333071
0.0333072
0.0333068
0.0338025
0.0333066
0.0333088
0.0333064
0.033307
0.0338019
0.0333074
0.0338027
0.0333072
0.0333083
0.0333066
0.0339187
0.0333072
0.0333068
0.0333059
0.0333058
0.0333057
0.0333079
0.0333065
0.0333062
0.0333066
0.0333063
0.0333054
0.0333074
0.0328264
0.0339142
0.0333065
0.0339159
0.0333087
0.0328239
0.0333059
0.0333056
0.0333077
0.0328236
0.0333077
0.0338026
0.0349615
0.0338034
0.0333074
0.0339159
0.0333036
0.0333064
0.0333054
0.0333071
0.0333075
0.0333077
0.0333057
0.0333069
0.0338022
0.0333068
0.0338018
0.0327195
0.0333073
0.033305
0.0338029
0.0338031
0.0333046
0.0338023
0.0333067
0.0344272
0.0339187
0.0344314
0.0333075
0.0333051
0.0327156
0.0333065
0.0333071
0.0333081
0.0344309
0.0333063
0.0333064
0.0333077
0.0338023
0.0333082
0.0333072
0.0333084
0.0333061
0.0333082
0.0333053
0.0333066
0.0333056
0.0338031
0.0349592
0.0338008
0.0333058
0.0344307
0.0333066
0.0333057
0.0338022
0.033303
0.0337986
0.0333045
0.0333049
0.0333074
0.0333068
0.033914
0.0350831
0.0339153
0.033307
0.0333065
0.0333083
0.0333034
0.0333077
0.0339141
0.0338014
0.0333056
0.0333084
0.0338024
0.0338029
0.0333066
0.0333093
0.0344319
0.0333059
0.0333051
0.0333077
0.0333059
0.0333043
0.033801
0.033306
0.033918
0.0339179
0.0350822
0.0339183
0.0333087
0.0333083
0.0333082
0.0333034
0.033916
0.033308
0.0333086
0.0338034
0.0333075
0.0333057
0.0333064
0.033803
0.0333058
0.0339179
0.0333048
0.0333061
0.0333066
0.0333049
0.0333068
0.0333075
0.0338031
0.033308
0.0338024
0.0327172
0.033306
0.0338005
0.0333069
0.0333072
0.0333062
0.0338032
0.0338027
0.0333054
0.0338019
0.0333074
0.0338023
0.0339169
0.033804
0.0333067
0.0339183
0.0333062
0.0338019
0.0339169
0.0339178
0.0333075
0.0333077
0.0333061
0.0339113
0.0333078
0.0333053
0.0333039
0.0338033
0.033308
0.0333053
0.0339183
0.0333087
0.0333074
0.0338022
0.0349627
0.0344318
0.0333058
0.0339159
0.0333044
0.0338014
0.0333072
0.0337985
0.0338001
0.0344312
0.0349607
0.0338005
0.0333086
0.0333071
0.033308
0.0333085
0.0333072
0.0339181
0.0338016
0.0333077
0.0333065
0.033307
0.0338027
0.0333063
0.0338012
0.0333083
0.0333088
0.0333069
0.033306
0.0333085
0.0339177
0.0333084
0.0333065
0.0333071
0.0333077
0.0333077
0.0333072
0.0333082
0.0333022
0.0344304
0.0333056
0.0333069
0.0339157
0.0339162
0.0338023
0.0333062
0.0338009
0.0349608
0.033802
0.0339181
0.0333074
0.0333088
0.0338029
0.0333052
0.0333063
0.033308
0.033308
0.0333041
0.033307
0.0333062
0.0338017
0.0333047
0.0333069
0.0338006
0.0333085
0.0333073
0.0337993
0.0333048
0.0339166
0.033305
0.0333077
0.0333046
0.0328251
0.0333071
0.033304
0.0333066
0.0339172
0.0339176
0.0350828
0.0339161
0.0333085
0.0338029
0.0333062
0.033804
0.0333076
0.0344324
0.0333069
0.0333082
0.0333056
0.0333074
0.033803
0.0333083
0.0333078
0.0333073
0.0333052
0.033304
0.033307
0.033307
0.0333074
0.033804
0.0333073
0.0339174
0.0333048
0.0333062
0.0333074
0.0333072
0.0333079
0.0333075
0.0333066
0.0344331
0.0339174
0.0333071
0.0333072
0.0333073
0.0339172
0.0338039
0.0339161
0.0337993
0.0333071
0.0338025
0.0333094
0.0333083
0.0338032
0.0333064
0.0333086
0.0339153
0.0338005
0.0333069
0.0338045
0.033802
0.0333062
0.0338009
0.0349589
0.0338032
0.033306
0.0338017
0.033306
0.0339167
0.0333068
0.0333073
0.0339172
0.0333088
0.0333078
0.0338014
0.0333059
0.0333066
0.0333057
0.0338012
0.0333042
0.0333076
0.0339164
0.0350838
0.0344297
0.0333068
0.0333084
0.033308
0.0333053
0.0333057
0.0339179
0.0339113
0.0333072
0.0339189
0.0333053
0.0338015
0.0349608
0.0338041
0.0327178
0.0327161
0.0338014
0.0338005
0.0333028
0.0333077
0.0338
0.0333072
0.0328266
0.0333081
0.0338027
0.0327183
0.0333069
0.0333039
0.0344333
0.033306
0.0333084
0.0333077
0.0333062
0.0333065
0.0333067
0.0339146
0.033914
0.0333075
0.0333068
0.0327169
0.0333055
0.0333047
0.0339144
0.0333082
0.0333073
0.0338034
0.0333055
0.0333059
0.033919
0.0333069
0.0344319
0.0339173
0.033918
0.0333089
0.0338024
0.0338035
0.0333076
0.0339178
0.0333069
0.0333037
0.0333058
0.0333071
0.0344307
0.0344314
0.0333066
0.0333075
0.0333079
0.0328257
0.0333072
0.0333076
0.0333052
0.0338012
0.033306
0.0339153
0.0333078
0.0333089
0.0333025
0.0338043
0.0338025
0.0333062
0.0328226
0.0333091
0.0338028
0.0327191
0.0333063
0.0333072
0.0333065
0.0327157
0.0338032
0.0338015
0.0333072
0.0339161
0.0350836
0.0339181
0.0333068
0.0333057
0.0333087
0.0333071
0.0333085
0.0333064
0.0333075
0.033803
0.0339179
0.0333093
0.0333051
0.0338016
0.0333069
0.0338037
0.0338025
0.0339132
0.0350832
0.0339153
0.0338056
0.0344297
0.0333076
0.033803
0.0338026
0.0338026
0.0333087
0.0338024
0.0333077
0.0333081
0.0333067
0.0338027
0.0339195
0.0339168
0.033308
0.0344331
0.033804
0.0327177
0.0333066
0.0333083
0.0333081
0.0333064
0.0344289
0.0333058
0.0333078
0.0333085
0.0333044
0.0344337
0.0333076
0.0338021
0.0333057
0.0333074
0.033307
0.0333067
0.0333087
0.033307
0.0333063
0.0333086
0.0333096
0.0339195
0.0333084
0.0344319
0.0339169
0.0333065
0.0333047
0.033306
0.033307
0.0333075
0.0328246
0.0339165
0.0333056
0.0333065
0.0333075
0.0338034
0.0333051
0.0333075
0.0333067
0.0327183
0.0333056
0.0333051
0.0339139
0.033308
0.0333037
0.0333081
0.0333069
0.0333065
0.0333077
0.0333052
0.0333045
0.0339186
0.0333092
0.0333036
0.033306
0.0333082
0.0339157
0.0333064
0.0344303
0.0349595
0.0344294
0.0333067
0.0339203
0.033802
0.0333054
0.033918
0.0333067
0.0333046
0.0333026
0.0333048
0.0333055
0.0333084
0.033914
0.0337988
0.0333068
0.0333076
0.0338026
0.0349609
0.0338031
0.0338033
0.0338049
0.0333087
0.0338035
0.0333094
0.0338028
0.0338014
0.0339167
0.033305
0.0333072
0.0333071
0.0338041
0.0344312
0.0339165
0.0339168
0.0333069
0.033308
0.0333063
0.0333075
0.0338036
0.0339122
0.0333043
0.0333051
0.0333077
0.0333072
0.0339176
0.0333072
0.0333052
0.0338042
0.0338029
0.0338018
0.0338033
0.0333064
0.0333073
0.0333087
0.0333066
0.0333073
0.0333076
0.0333069
0.0333048
0.0333073
0.0338013
0.0333076
0.0344285
0.0349599
0.0338029
0.033308
0.0338015
0.0339173
0.0338038
0.0333064
0.033803
0.0339169
0.0339192
0.0333035
0.0333063
0.0333063
0.0333051
0.0333082
0.0338031
0.033308
0.0333087
0.0333042
0.0339175
0.0333059
0.0333064
0.033306
0.0333073
0.0333069
0.0333051
0.0333074
0.0338005
0.0333083
0.0338028
0.0333075
0.0339173
0.0338034
0.0344317
0.0333069
0.0333071
0.0327177
0.0333075
0.0333067
0.0338018
0.0339184
0.0333079
0.0339156
0.0338038
0.0339189
0.0333079
0.0339172
0.034431
0.0333057
0.0333079
0.0333074
0.0333072
0.033915
0.0333069
0.033307
0.0333072
0.0339171
0.0338024
0.0338027
0.0339163
0.0333046
0.0327122
0.0333082
0.033308
0.0333067
0.0333078
0.033803
0.0333084
0.0333074
0.0338012
0.0339171
0.0333059
0.0339166
0.0333067
0.0333064
0.0333085
0.033918
0.0338021
0.0333053
0.0338046
0.0338027
0.0333067
0.032826
0.0328262
0.0333076
0.0338035
0.0333081
0.0339175
0.0333073
0.033307
0.033308
0.0333078
0.0333078
0.0333076
0.033307
0.0333053
0.0337999
0.0333059
0.033307
0.0333072
0.0328211
0.0333089
0.0333075
0.0333084
0.0333084
0.0333066
0.0333062
0.0338008
0.0333053
0.0333066
0.0333057
0.0333054
0.0333074
0.0333063
0.0333074
0.0333086
0.0338038
0.0333074
0.0338025
0.0338016
0.0333077
0.0333067
0.0333065
0.0333059
0.033918
0.0333068
0.0333051
0.0338037
0.0338018
0.0344301
0.0333078
0.0333085
0.0339179
0.0339157
0.0338018
0.0338019
0.0344285
0.0333067
0.0339166
0.0333079
0.0339173
0.0333047
0.0333074
0.0338037
0.0333076
0.0333059
0.0327164
0.033307
0.0333066
0.0333084
0.0333089
0.0333085
0.0333075
0.0333042
0.0333074
0.0333064
0.0344296
0.0344294
0.0333088
0.0333076
0.0333077
0.0344339
0.0333061
0.033916
0.0333079
0.0333067
0.0333066
0.0327191
0.0333076
0.0333073
0.0333076
0.0338002
0.033309
0.0333069
0.0339188
0.0333059
0.0333061
0.0327186
0.0333063
0.0333072
0.0338026
0.0333063
0.0333068
0.0333057
0.0333071
0.0333065
0.0333077
0.0333036
0.0333061
0.0333059
0.033308
0.0327157
0.0327179
0.0328257
0.0333065
0.0333065
0.0338018
0.033916
0.0333065
0.0333067
0.033307
0.0333005
0.0333061
0.0339157
0.03508
0.0344322
0.0333087
0.0338035
0.0338013
0.032716
0.0338031
0.0339177
0.033309
0.0333037
0.0333074
0.0333072
0.0333084
0.033803
0.0344311
0.033308
0.0327154
0.033309
0.0338026
0.0349587
0.0338007
0.0333073
0.0339165
0.0338031
0.033804
0.0327166
0.0338018
0.0333076
0.0333065
0.0333065
0.0333063
0.0333086
0.0328245
0.0333064
0.033918
0.0333083
0.0333059
0.0333085
0.033308
0.0344304
0.033308
0.0338027
0.0333067
0.0333064
0.0333074
0.0333072
0.0337993
0.033307
0.0333063
0.0333067
0.0333055
0.0333077
0.0333081
0.0339183
0.0338025
0.0333081
0.0333082
0.0333072
0.0333065
0.0339171
0.0333054
0.0328258
0.0339202
0.0333059
0.0338013
0.033306
0.033309
0.0333076
0.0333066
0.0333078
0.0338003
0.0333072
0.0339165
0.0333078
0.0333052
0.0333072
0.0333058
0.0333075
0.0333085
0.033309
0.0327182
0.0333072
0.0333084
0.0333082
0.0333063
0.033308
0.0333076
0.0338013
0.0338031
0.0333072
0.0333067
0.0338033
0.033309
0.033309
0.0333082
0.0333078
0.0333074
0.0338016
0.0349596
0.0338005
0.0333076
0.0333052
0.0333062
0.0333066
0.0333085
0.0339179
0.0338052
0.0333077
0.0333079
0.0338023
0.0338012
0.0349576
0.0337981
0.0339147
0.0339141
0.0333072
0.0333078
0.0327185
0.0338
0.0333059
0.0338024
0.0333071
0.0333057
0.0344318
0.0338046
0.0333065
0.0333061
0.0333088
0.0338037
0.0333089
0.0338022
0.0333072
0.0333086
0.0333069
0.0339174
0.0333063
0.0339199
0.0338004
0.0339157
0.0339178
0.0333087
0.0338022
0.0338023
0.0338015
0.0333064
0.0333077
0.0338046
0.0333079
0.0333086
0.0339147
0.0333069
0.0338036
0.0349608
0.0338024
0.0333063
0.0333065
0.0333043
0.0333061
0.0333061
0.0338017
0.0338032
0.0339197
0.0333061
0.033305
0.0339175
0.0338014
0.0338025
0.0333079
0.0333065
0.0333067
0.0339151
0.0338006
0.0339164
0.0337999
0.0333051
0.0333054
0.0333086
0.0333075
0.0333064
0.0328243
0.0339177
0.0328241
0.0333079
0.0338043
0.0333095
0.0333059
0.0333066
0.0339187
0.0333092
0.0333094
0.0333054
0.0333087
0.0339164
0.0333074
0.0333069
0.0338036
0.0333045
0.0339179
0.0339163
0.0333074
0.0339171
0.0333051
0.0333068
0.033307
0.0333081
0.0333055
0.0333063
0.0333057
0.0333075
0.0333049
0.033309
0.0333052
0.0333062
0.0339179
0.0338038
0.0333079
0.033308
0.0333078
0.034431
0.0333077
0.0333061
0.0333053
0.0333072
0.0333072
0.0333044
0.0339168
0.0333063
0.0333084
0.0333074
0.0333075
0.0339176
0.0333051
0.033307
0.0333061
0.0339168
0.0333064
0.0338004
0.0333063
0.0338039
0.0349602
0.0362019
0.0360453
0.0348156
0.0336665
0.0330427
0.034147
0.0330441
0.0336673
0.0336678
0.0330424
0.0330434
0.0330436
0.0330463
0.0330444
0.0330449
0.0335085
0.0335102
0.0335062
0.0330427
0.0336681
0.0330443
0.0330442
0.0330457
0.0330444
0.0324417
0.0330456
0.0335106
0.0330447
0.0330421
0.0330423
0.0330444
0.0335088
0.0335098
0.0330427
0.0335098
0.0330445
0.0325891
0.033668
0.0330417
0.0330433
0.0335109
0.0336651
0.0330448
0.0330435
0.0336667
0.0330442
0.0330456
0.0330434
0.0330427
0.0330445
0.0335104
0.0336681
0.0330436
0.0330434
0.0330452
0.0335078
0.0330459
0.0330443
0.0330434
0.0330437
0.0330438
0.0335102
0.0330444
0.0330424
0.0330453
0.0330453
0.0330434
0.0341515
0.0330448
0.0330421
0.0330451
0.033045
0.0325921
0.0330433
0.0325921
0.0330429
0.0330442
0.0336671
0.034815
0.0336646
0.0330453
0.0330435
0.0330453
0.0330417
0.034149
0.0348154
0.0336632
0.0330454
0.0335079
0.0330425
0.0330457
0.0325904
0.0330442
0.0330437
0.0330431
0.0330439
0.0330438
0.0324436
0.0330434
0.0330428
0.0330437
0.0330443
0.0330448
0.0330435
0.0330434
0.0330444
0.0330438
0.0330456
0.0341503
0.033045
0.0335098
0.0330446
0.0330448
0.0336671
0.0330436
0.0335081
0.0346474
0.0341489
0.0330432
0.0336651
0.0330421
0.033044
0.0336672
0.0330455
0.0336681
0.0330454
0.0335112
0.0330439
0.0330441
0.0330449
0.033044
0.0330438
0.0325901
0.0330428
0.0336681
0.0348159
0.0336685
0.0330448
0.0330437
0.0330441
0.0336664
0.0330445
0.0324442
0.0330441
0.0330459
0.0335101
0.0330458
0.0330437
0.0336682
0.0330428
0.0330422
0.0335097
0.0330436
0.0330411
0.033044
0.0336682
0.0335076
0.0341508
0.0330438
0.0324421
0.0325913
0.0330419
0.033041
0.0336654
0.0330448
0.0330451
0.033043
0.0330449
0.0330442
0.0330442
0.0330452
0.0330434
0.0330441
0.0335084
0.0330445
0.0336668
0.0335097
0.0346478
0.0335094
0.0330444
0.0325928
0.0336657
0.0348152
0.0336657
0.0330435
0.0330422
0.033044
0.033046
0.0330461
0.0330403
0.0324422
0.0330431
0.0330449
0.0335099
0.0330449
0.0335089
0.03351
0.0330449
0.0336682
0.0336681
0.0336689
0.0330422
0.0324422
0.0330452
0.033043
0.0330426
0.0330452
0.0330436
0.0330469
0.0336688
0.0336668
0.0335082
0.0336678
0.0330426
0.0330461
0.03351
0.0330441
0.0324435
0.0330447
0.0330448
0.0330443
0.0330454
0.0330437
0.0330425
0.033668
0.0330419
0.0330453
0.033044
0.0330424
0.0324431
0.0330392
0.0330445
0.0330443
0.0330427
0.0330434
0.0330422
0.0336673
0.0330425
0.0325912
0.033045
0.0330455
0.0330436
0.0336652
0.0330404
0.0330441
0.0324429
0.0330435
0.0330449
0.0330402
0.0324413
0.0330453
0.0330433
0.0335099
0.0341495
0.0336669
0.0330424
0.0330459
0.0325907
0.0325923
0.0330432
0.0330433
0.033046
0.0330446
0.0330439
0.0330451
0.0336675
0.0336665
0.0330454
0.0330423
0.0330456
0.0330426
0.0330447
0.0330444
0.0330413
0.0325885
0.0336663
0.034816
0.033666
0.033667
0.0325905
0.0330454
0.0335064
0.0330429
0.0330421
0.0330415
0.0330455
0.0330458
0.0324437
0.0330462
0.0330435
0.0341498
0.0330444
0.0336668
0.0330428
0.0330442
0.0330429
0.0330438
0.0330427
0.0330432
0.0330454
0.0335083
0.0336675
0.0348163
0.0336679
0.0330439
0.0330428
0.0336658
0.0336643
0.0348171
0.0336665
0.0330441
0.0324433
0.0335113
0.0330477
0.0330451
0.033045
0.0336678
0.0335112
0.0330444
0.0330435
0.0330459
0.0330448
0.0330439
0.0330444
0.0335098
0.0330426
0.0330455
0.0336666
0.0330422
0.0330441
0.033044
0.0330429
0.0320059
0.0330433
0.0330432
0.0336678
0.0330452
0.0335104
0.0324437
0.0330415
0.0330431
0.0330446
0.0330409
0.0341476
0.0330435
0.0330444
0.0330453
0.0330455
0.0330454
0.0330421
0.0330447
0.0335099
0.0335084
0.0330456
0.0330445
0.0330441
0.0330433
0.0336658
0.0330449
0.033509
0.0330429
0.0330422
0.0335099
0.0330438
0.0330445
0.033667
0.0330418
0.0336678
0.0336669
0.0341512
0.033045
0.0330422
0.0330449
0.0325892
0.0330445
0.032443
0.0335112
0.0330431
0.033666
0.0336662
0.0336677
0.0330456
0.0335093
0.0336652
0.033041
0.0336688
0.0330441
0.0330444
0.0330449
0.0330456
0.0335086
0.0324409
0.0330437
0.0330439
0.0325918
0.0336662
0.0336636
0.0325912
0.0330428
0.0335124
0.0330438
0.0336676
0.033044
0.0330435
0.0341531
0.033046
0.0330437
0.0330454
0.0330441
0.0336651
0.0325896
0.0336663
0.0330426
0.0336659
0.0336669
0.0336668
0.0335084
0.0330467
0.0335115
0.0335087
0.0330429
0.0330429
0.0335104
0.0335094
0.0330446
0.0330443
0.0335094
0.0330442
0.0330429
0.0335089
0.0330437
0.0336667
0.0335096
0.033508
0.0330449
0.0330448
0.0330451
0.033667
0.0335092
0.0330436
0.0330449
0.0330439
0.0330434
0.0336664
0.0330435
0.0330437
0.0330448
0.033663
0.0330428
0.0330441
0.0341499
0.0330452
0.0330435
0.0336671
0.0330444
0.0330433
0.0330449
0.0330431
0.033508
0.0330416
0.0335097
0.0330435
0.0330435
0.0335104
0.0330449
0.0330445
0.0325868
0.0330439
0.0336667
0.0335099
0.0324398
0.0330454
0.0330434
0.03259
0.0330456
0.0330422
0.0330444
0.0330454
0.0335079
0.0330436
0.0325881
0.0336669
0.0325911
0.0330454
0.0330442
0.033046
0.033044
0.0330437
0.0330442
0.0330418
0.0330453
0.0335092
0.0336667
0.0325913
0.0330434
0.0330452
0.033509
0.0330415
0.0335092
0.0330457
0.0330463
0.0330441
0.0330422
0.0335085
0.0346474
0.0335067
0.033511
0.0330449
0.0335087
0.033668
0.0330446
0.0336673
0.0330454
0.0325921
0.0330461
0.0330427
0.0336674
0.0335076
0.0330446
0.0330435
0.0330431
0.032588
0.0336668
0.0330453
0.0330431
0.0330433
0.0336661
0.0330427
0.03304
0.033667
0.033668
0.0336683
0.0325908
0.0336681
0.033045
0.0330451
0.0330453
0.0336681
0.0330456
0.0325864
0.0330435
0.0336689
0.0330453
0.0335112
0.0330417
0.0330412
0.0330436
0.0330444
0.0330444
0.0330431
0.0330439
0.0330452
0.0330443
0.0330437
0.0330448
0.0330446
0.0330459
0.0330426
0.0330447
0.0330453
0.0336683
0.0330444
0.0330436
0.0330442
0.0330422
0.0336678
0.0335096
0.0330457
0.0325913
0.0330447
0.0320079
0.0330434
0.0330436
0.0330437
0.0330438
0.0330441
0.0335095
0.0324427
0.0335089
0.033663
0.0330447
0.0330423
0.0335093
0.0330416
0.0330436
0.0330453
0.0330459
0.0336652
0.0330462
0.0330448
0.0330449
0.0330452
0.0335096
0.0330426
0.0330441
0.0335089
0.0330428
0.0335092
0.0330425
0.0335102
0.0330441
0.0330447
0.0325908
0.0325915
0.0330453
0.0336667
0.0335092
0.0330454
0.0330417
0.0336671
0.0330471
0.0336671
0.0330425
0.0330427
0.0330434
0.0336683
0.0335101
0.0330456
0.0330447
0.0330439
0.0330443
0.0330449
0.0335093
0.0336675
0.0330432
0.0336668
0.0330434
0.0330429
0.0335082
0.0330442
0.033509
0.0330441
0.0330429
0.0330446
0.0330454
0.0325921
0.0330449
0.0325903
0.0330439
0.0330453
0.0336685
0.0325908
0.0330454
0.0336679
0.0330452
0.0330434
0.0330437
0.0330441
0.0336671
0.0336675
0.0335083
0.0330428
0.033508
0.0330425
0.0330457
0.0330427
0.0330424
0.0335084
0.0346458
0.0335098
0.0330411
0.0330448
0.0335091
0.0330451
0.0330416
0.0330423
0.0335111
0.0330446
0.0330452
0.0330457
0.0330437
0.0330419
0.0330435
0.033667
0.0330448
0.0330423
0.0330417
0.0324437
0.0330454
0.032591
0.0330444
0.0330424
0.0324421
0.0330449
0.0336655
0.0330441
0.0330421
0.0330445
0.0330435
0.0336658
0.0330422
0.0330426
0.0330432
0.0335103
0.0330433
0.0330457
0.0324448
0.0335104
0.0330459
0.0335091
0.0330445
0.0330457
0.033668
0.0330432
0.0330451
0.0336677
0.0330434
0.0330443
0.0330432
0.0330429
0.0330446
0.0330444
0.033509
0.0330453
0.0330415
0.0336672
0.0335102
0.0330437
0.0330429
0.033044
0.0336649
0.0330446
0.033043
0.033041
0.03351
0.0330436
0.0330429
0.0330421
0.0330428
0.0335113
0.0330431
0.0330434
0.0335109
0.0330448
0.0336658
0.0330445
0.0330456
0.033512
0.0330438
0.0330455
0.033667
0.0330426
0.0336682
0.0330449
0.0330451
0.0335083
0.033508
0.0336687
0.0330433
0.0335098
0.033044
0.0330441
0.0330443
0.0330456
0.0330449
0.033508
0.0336652
0.0330446
0.0325909
0.0330454
0.0324412
0.03351
0.0330419
0.0336667
0.0330458
0.033667
0.0330405
0.0336679
0.033043
0.0330452
0.0335073
0.0330411
0.0335059
0.0330428
0.034152
0.0330433
0.0324409
0.0330414
0.0330432
0.0330449
0.0336669
0.034812
0.0336674
0.033044
0.0330449
0.0336675
0.0335081
0.0346459
0.0348139
0.0336654
0.0336682
0.0330449
0.0336649
0.0330461
0.0330434
0.0330456
0.033044
0.0341506
0.0330413
0.0335099
0.0330446
0.0325912
0.0330438
0.0335097
0.0335083
0.0330444
0.0330442
0.0330453
0.0330436
0.0324415
0.0330429
0.033511
0.0336673
0.0330443
0.0330445
0.0336666
0.0330429
0.0324418
0.0324447
0.0330452
0.033043
0.0335091
0.0330447
0.0330445
0.0336657
0.0330448
0.0330442
0.0330433
0.0324436
0.0330444
0.0330455
0.033668
0.0348154
0.0336675
0.0335102
0.0330444
0.0330433
0.0325893
0.0330419
0.0335086
0.0330435
0.033046
0.0336626
0.0325918
0.0330447
0.0330445
0.0336656
0.0330419
0.0336668
0.0330428
0.0330441
0.0330428
0.0325906
0.0336668
0.0325903
0.0330444
0.033044
0.0330443
0.0330427
0.0330421
0.0330457
0.0324446
0.0335093
0.0330444
0.0330431
0.0330444
0.0330469
0.0330448
0.0335075
0.0330423
0.0325908
0.033045
0.0330456
0.0330448
0.0330434
0.0336683
0.0330395
0.03351
0.0330443
0.033043
0.0335085
0.0330436
0.0330423
0.0330443
0.0336681
0.0330459
0.0330434
0.0330426
0.0335102
0.0330438
0.0330446
0.0330445
0.0330432
0.0330432
0.0330423
0.0330451
0.033667
0.033667
0.0348152
0.0336682
0.0330443
0.0330443
0.033667
0.0330445
0.0335093
0.0336688
0.0330439
0.0336677
0.0348169
0.0336681
0.0336667
0.033045
0.0330446
0.0330441
0.0325904
0.0330457
0.0330449
0.0330415
0.0330434
0.0335107
0.0335115
0.0330434
0.0330421
0.0330446
0.0330442
0.033667
0.0330439
0.0330443
0.0330456
0.0330446
0.0330449
0.0336662
0.0330452
0.033046
0.033044
0.0324423
0.0330411
0.0330443
0.0330473
0.0330441
0.0336683
0.0330446
0.0330451
0.0330443
0.0330445
0.0330449
0.0330447
0.0330415
0.0330439
0.0330445
0.0330426
0.0330449
0.0330454
0.0330449
0.0336663
0.03351
0.0330419
0.0330435
0.0330435
0.0324435
0.0330408
0.0330439
0.033044
0.0330443
0.0335095
0.0341515
0.03351
0.0330434
0.0330443
0.0336658
0.0330447
0.0330443
0.0330429
0.0335097
0.0330437
0.0336674
0.0330435
0.0336677
0.033044
0.0330425
0.0330447
0.032444
0.0335086
0.0330467
0.0330455
0.0330432
0.0330435
0.033044
0.0330435
0.0330445
0.0330424
0.0330466
0.0336693
0.0330454
0.0335092
0.0330449
0.0330432
0.0325916
0.0330431
0.0330432
0.0330444
0.0330453
0.0330426
0.033045
0.0325929
0.0336679
0.0330452
0.0335111
0.0330439
0.0336654
0.0330391
0.0330436
0.0330435
0.0330444
0.0330433
0.0330451
0.0325897
0.0336679
0.0336677
0.0330444
0.0330426
0.0330438
0.0335082
0.0336667
0.0330442
0.033045
0.033045
0.0330419
0.0330434
0.0330428
0.0336673
0.0336683
0.0330418
0.0330422
0.0330451
0.0324448
0.0330441
0.0330433
0.033041
0.0335102
0.0346488
0.033509
0.0330427
0.0330448
0.0335099
0.0346484
0.0335098
0.0330453
0.0330442
0.0335094
0.0336687
0.0330434
0.033044
0.0336678
0.0330415
0.033668
0.033043
0.0330423
0.032444
0.0330441
0.0330433
0.0330468
0.0335088
0.0324441
0.0330457
0.033666
0.0330429
0.0330441
0.0330418
0.0341517
0.0330452
0.0336671
0.0330419
0.0325908
0.0330442
0.0330448
0.0330443
0.033041
0.0330441
0.0335105
0.033668
0.033043
0.0325922
0.0330438
0.0330435
0.0330441
0.0330422
0.0330434
0.0335114
0.0335077
0.0330443
0.0324438
0.0335101
0.0336687
0.0336659
0.0330448
0.0330442
0.0330439
0.0330441
0.0330443
0.0330443
0.0330436
0.033043
0.0335084
0.0330449
0.0330443
0.0330437
0.0330449
0.0330436
0.0330427
0.0335105
0.0330433
0.0330435
0.0330451
0.0330437
0.0330454
0.0330443
0.0330448
0.0330445
0.0330442
0.033042
0.0336673
0.033045
0.0336675
0.0330459
0.0330446
0.0336666
0.0330389
0.033045
0.0330443
0.0335071
0.033044
0.0330459
0.0330445
0.0336673
0.033667
0.0335077
0.0330437
0.0330422
0.0330422
0.033045
0.0336685
0.0330414
0.0330442
0.0336673
0.0330416
0.0330461
0.0330458
0.0330438
0.0330452
0.0336661
0.0341488
0.033044
0.0335107
0.0330413
0.0330438
0.0335095
0.0330455
0.0330455
0.0330423
0.0330422
0.0341488
0.0330449
0.0330427
0.0330456
0.0336672
0.0330432
0.0335082
0.0330432
0.0330444
0.0335088
0.0330439
0.0330433
0.0335083
0.0330412
0.0330445
0.0335089
0.0330446
0.0330408
0.0341499
0.0330433
0.0335105
0.0330459
0.0330451
0.0330448
0.0330448
0.0330441
0.0336656
0.0348159
0.0336662
0.0335071
0.0346482
0.0335096
0.0335078
0.0335084
0.0330425
0.0330439
0.0330422
0.0330436
0.0330441
0.0330441
0.0335096
0.033044
0.0335094
0.0336669
0.0330448
0.0336628
0.0330433
0.0330444
0.0330448
0.0335104
0.0330432
0.0330448
0.0330443
0.0335096
0.0330442
0.0330419
0.0335079
0.0330419
0.0336678
0.0330446
0.0330412
0.0330466
0.0341501
0.0330445
0.03304
0.03304
0.0330432
0.0330437
0.0336676
0.0325892
0.0324439
0.033045
0.0324421
0.033045
0.0330437
0.0336667
0.0336659
0.0330445
0.0335104
0.0341511
0.0330451
0.0330442
0.0330432
0.033668
0.0330437
0.0330429
0.0330452
0.0330476
0.0330445
0.0336675
0.0330468
0.0335092
0.0335094
0.0335097
0.0330442
0.0330454
0.0324436
0.0330451
0.0330445
0.0330422
0.0330442
0.0330432
0.0336676
0.0335082
0.0330464
0.033667
0.033042
0.0330439
0.0330409
0.0330437
0.0330467
0.0335103
0.0336694
0.0341505
0.0330437
0.0330444
0.0335091
0.0335107
0.033041
0.0330448
0.0330437
0.0335078
0.0330444
0.0335076
0.0330445
0.0325909
0.0330451
0.0335083
0.0330439
0.033045
0.0335105
0.0346458
0.0335088
0.0324432
0.0330434
0.0336655
0.0330454
0.0330448
0.0336662
0.0330467
0.0330435
0.0330458
0.0330438
0.0330443
0.0330447
0.0335089
0.0330435
0.0330445
0.0330452
0.0330454
0.0330427
0.0325913
0.0336663
0.033043
0.0330441
0.0324441
0.0330446
0.0330439
0.0330435
0.0330433
0.0330453
0.0330447
0.0336649
0.0348157
0.0336669
0.0336649
0.033041
0.0330407
0.0320057
0.0330434
0.0336677
0.0341513
0.0330449
0.0330436
0.0330453
0.0336684
0.0330451
0.0330456
0.0330438
0.0330442
0.0330439
0.0336682
0.0330415
0.0330443
0.0336682
0.0330425
0.0335079
0.0330443
0.0341517
0.0330454
0.0335115
0.0330454
0.033668
0.0330439
0.0325915
0.0336684
0.0330446
0.0336622
0.0330451
0.0330446
0.0324421
0.0330419
0.0330453
0.0330428
0.0335072
0.033043
0.0335063
0.0330428
0.0330443
0.0330441
0.0335091
0.0330436
0.0330428
0.0336675
0.0330451
0.0335092
0.0330434
0.0330429
0.0330443
0.0330437
0.0330433
0.0330428
0.0330452
0.0336678
0.0325869
0.0330438
0.0330453
0.0330446
0.0324428
0.0324427
0.0330458
0.033043
0.0330444
0.0324424
0.0330436
0.0330441
0.0330439
0.0330435
0.0335096
0.0335064
0.0330425
0.0336686
0.0336682
0.0336652
0.0336682
0.033043
0.0330445
0.0335103
0.0330439
0.0336683
0.0330429
0.0324423
0.0330431
0.0330447
0.0330448
0.0330448
0.033044
0.0330426
0.0330427
0.0335104
0.0330442
0.0330432
0.0330433
0.0330438
0.0330446
0.033043
0.0330431
0.0335107
0.0346486
0.0341498
0.0330461
0.0336673
0.0330419
0.0330412
0.0330429
0.0336675
0.0330429
0.032591
0.0330457
0.0330444
0.0330417
0.0330435
0.0330448
0.034151
0.0330447
0.0330427
0.0336672
0.0330443
0.0330451
0.0330463
0.0335092
0.0335104
0.0330434
0.0330444
0.0330441
0.0330441
0.0330438
0.0330432
0.0330375
0.034151
0.0330435
0.0330435
0.0330445
0.0330445
0.0335074
0.0330443
0.0330466
0.033509
0.0330454
0.0325887
0.0330446
0.0330414
0.0330453
0.0330434
0.0330453
0.0330406
0.0330428
0.0336694
0.0336698
0.0330419
0.0324423
0.0330438
0.0335099
0.0330449
0.0330425
0.0330431
0.0330451
0.0330425
0.0336688
0.0336697
0.0335091
0.0330447
0.0330453
0.0336691
0.0330435
0.0330438
0.033043
0.0336676
0.0330428
0.0330447
0.0330438
0.0341496
0.0335096
0.0330449
0.032589
0.0330454
0.033668
0.0330446
0.0330449
0.0336648
0.0330433
0.0330435
0.0330441
0.0330446
0.0336687
0.0335115
0.0336676
0.032592
0.0336663
0.0330449
0.0336677
0.0330447
0.0330444
0.0330457
0.0335103
0.0336674
0.033511
0.033044
0.0330451
0.0336692
0.0330444
0.0330421
0.0330436
0.0330423
0.0325918
0.0330439
0.0336654
0.033044
0.0330456
0.0330438
0.0324437
0.0330423
0.0330446
0.0330437
0.0330466
0.0330468
0.0330454
0.0330463
0.0330447
0.0336682
0.0330434
0.0330434
0.0335105
0.0330423
0.033044
0.0330426
0.0330449
0.0330436
0.0341487
0.0346464
0.0335107
0.0330465
0.0336671
0.0330438
0.0330449
0.0341511
0.0330443
0.0341509
0.0330435
0.0336678
0.033043
0.0330459
0.0330443
0.0330437
0.0330444
0.0330436
0.033042
0.033044
0.0330435
0.0330425
0.0330446
0.0335085
0.0336698
0.0330452
0.0330453
0.0335101
0.0335097
0.0335121
0.0330444
0.0335089
0.0330449
0.0341518
0.0346473
0.0335097
0.0330443
0.0330457
0.0330432
0.0330421
0.0330439
0.0335076
0.0336676
0.0336667
0.0330374
0.0330454
0.0330447
0.0330436
0.0330429
0.033667
0.0335078
0.0330441
0.0330452
0.0336688
0.0330425
0.0336681
0.0336677
0.033044
0.0330444
0.0330462
0.0330441
0.0330442
0.0336678
0.0330457
0.0330424
0.0335096
0.0324414
0.0330448
0.0330429
0.0341509
0.0330444
0.0335085
0.0330427
0.0335103
0.0330433
0.0330452
0.0325925
0.0336658
0.0330445
0.0330435
0.034151
0.0336662
0.0330442
0.033043
0.033045
0.0336689
0.033506
0.0330416
0.0330439
0.0330438
0.0336681
0.0325915
0.0330396
0.0330437
0.0330434
0.0330447
0.0336672
0.0335065
0.0346474
0.0335098
0.0330441
0.0335079
0.033046
0.0330417
0.0330442
0.0330442
0.0330426
0.0330421
0.033044
0.033508
0.0330434
0.0330442
0.033668
0.0335101
0.033667
0.034816
0.033667
0.0330441
0.0330443
0.033665
0.0330418
0.0330456
0.0330454
0.0330453
0.0330452
0.0330455
0.0330439
0.0330431
0.0330452
0.0330444
0.0335085
0.033045
0.033508
0.0330438
0.0336665
0.0330452
0.0341512
0.0335092
0.0336666
0.03351
0.0346467
0.0335115
0.0335093
0.0330432
0.0336675
0.0330467
0.0336684
0.0330433
0.0330434
0.0336673
0.0348169
0.0336673
0.0330432
0.0335064
0.0341519
0.0336666
0.0330427
0.0336676
0.0341505
0.0330453
0.0330428
0.0330402
0.0330418
0.0330411
0.0330445
0.0336672
0.0330418
0.0330455
0.0330427
0.0330453
0.0330432
0.0330455
0.0330453
0.0330442
0.0335098
0.0330436
0.0330456
0.0330444
0.0336691
0.0330443
0.0330446
0.0330462
0.0330429
0.0336668
0.03351
0.0330457
0.0330438
0.0324403
0.0330429
0.033043
0.0335091
0.0330443
0.0330448
0.033667
0.0336682
0.0335098
0.033046
0.0336665
0.0336657
0.0335099
0.0330429
0.0330442
0.0330449
0.0330444
0.0330451
0.033045
0.0330434
0.0336679
0.0335065
0.0330446
0.0330448
0.0330458
0.033045
0.0330452
0.0330457
0.0330452
0.0330428
0.0330445
0.0335082
0.0330428
0.033667
0.0335089
0.0330441
0.0335101
0.0330461
0.033043
0.0336663
0.0335093
0.0330446
0.0335107
0.0330443
0.0324441
0.0330427
0.0330457
0.0330452
0.0330446
0.0330432
0.0330447
0.0330447
0.0335084
0.033045
0.0330431
0.0330435
0.0336674
0.0330458
0.0330447
0.0335096
0.0330445
0.0330455
0.0330448
0.0330447
0.033044
0.0325914
0.0330456
0.0330441
0.0330447
0.0330445
0.033667
0.0330432
0.0330441
0.0330453
0.0320069
0.0330446
0.0335092
0.0335099
0.033044
0.0330442
0.0325904
0.0330436
0.0330446
0.033043
0.0336672
0.0330441
0.0336663
0.0336679
0.0330464
0.0330434
0.0335101
0.033042
0.033668
0.0330449
0.0330436
0.0330446
0.0330439
0.0335083
0.0330414
0.0336694
0.0330431
0.0330444
0.0330443
0.0330442
0.0336669
0.033509
0.0330449
0.0330431
0.0330436
0.0325895
0.0336675
0.0330441
0.033044
0.0330441
0.0330437
0.0330445
0.0335098
0.0330446
0.0341502
0.0330443
0.0330446
0.0330407
0.0330399
0.0330429
0.033045
0.0330446
0.0330443
0.0330454
0.0330465
0.0330446
0.0330429
0.0335092
0.0330406
0.0330424
0.0330444
0.0330439
0.0330445
0.0330435
0.0330448
0.0330429
0.0330444
0.0336679
0.0336677
0.0330443
0.0335099
0.0330437
0.0330431
0.0330443
0.0330437
0.0330455
0.0330441
0.0335088
0.0330444
0.0330451
0.034152
0.0330458
0.033045
0.0330445
0.0330461
0.0335094
0.0330431
0.0330453
0.033042
0.0330454
0.0330441
0.0330419
0.0330442
0.0336681
0.0348155
0.0336691
0.0330412
0.0330437
0.0330433
0.0330431
0.0330456
0.0320055
0.0325923
0.033045
0.0335094
0.0330411
0.0330436
0.0330447
0.033045
0.033044
0.0330463
0.0330441
0.0336682
0.0330462
0.0330441
0.0335085
0.0330435
0.0330448
0.0330457
0.0330442
0.0336684
0.0330437
0.0335099
0.0330418
0.0330453
0.0330421
0.0330444
0.0330441
0.0330427
0.0330442
0.0336682
0.0335084
0.0330451
0.0336667
0.034814
0.0336674
0.033511
0.0330427
0.0330449
0.0330437
0.0330428
0.0330424
0.0330445
0.0330432
0.0330396
0.0330426
0.0336667
0.0330443
0.0330424
0.0335082
0.0330441
0.0325905
0.0336672
0.0330421
0.0330438
0.0335069
0.0330444
0.0330455
0.033043
0.0330439
0.0330427
0.0325915
0.0325874
0.0330454
0.0325911
0.0330439
0.0336685
0.0330443
0.0320065
0.0330449
0.0330457
0.0336687
0.0325918
0.0330424
0.0336653
0.0330436
0.0325911
0.0330421
0.0335088
0.0346453
0.0358635
0.0356589
0.0344526
0.0333301
0.0326967
0.0331298
0.0326959
0.0326972
0.0326959
0.032697
0.0326951
0.032694
0.032694
0.0333292
0.0333274
0.032696
0.0326931
0.0326955
0.0333305
0.0333276
0.0326968
0.0326964
0.0322726
0.0326965
0.0333299
0.0326961
0.0326959
0.0331306
0.0326944
0.0326962
0.0326955
0.0326969
0.0326983
0.0326963
0.0326957
0.0326954
0.0326961
0.0322742
0.0326949
0.0326961
0.0326949
0.0326976
0.0326975
0.0337801
0.0331286
0.0333282
0.0322718
0.032695
0.0326948
0.0333286
0.0331278
0.0333285
0.0333283
0.0333263
0.0333286
0.0333281
0.0331289
0.0333284
0.0331264
0.0326958
0.0326966
0.0331277
0.0326956
0.0326976
0.0326965
0.0326974
0.0333284
0.033129
0.0331304
0.0326956
0.0326959
0.032696
0.0326943
0.0326979
0.0333286
0.032696
0.0326972
0.0326971
0.0326962
0.0320846
0.0326953
0.0326966
0.0333292
0.0326954
0.0326948
0.0326977
0.0333286
0.0322715
0.0333257
0.032695
0.0326945
0.0326944
0.0337801
0.0326974
0.0326946
0.032695
0.0326976
0.032696
0.0326963
0.032696
0.0333282
0.0326963
0.032699
0.0333298
0.0331297
0.0326952
0.0326956
0.0322723
0.0326947
0.0333298
0.0333292
0.0326955
0.0326959
0.033328
0.0333277
0.0326963
0.0326972
0.0326958
0.0326971
0.0337752
0.033129
0.0333291
0.0326976
0.0326959
0.0326973
0.0326959
0.0326963
0.0333286
0.0326948
0.0326935
0.0326967
0.0326965
0.0326968
0.0326978
0.0322735
0.0326971
0.032695
0.0326964
0.0326967
0.0326963
0.0331302
0.0326949
0.0326956
0.0326972
0.0326974
0.0326954
0.0326958
0.0326973
0.0326946
0.0326973
0.033329
0.0326955
0.0331302
0.0326957
0.0326969
0.0326979
0.0326957
0.0331304
0.032696
0.0331295
0.0333282
0.032274
0.032696
0.0326959
0.0333278
0.0344534
0.0333284
0.0326967
0.0333279
0.0326967
0.0333287
0.0326939
0.0331303
0.0326964
0.0322724
0.0326968
0.0333279
0.0333271
0.0326959
0.0333306
0.0333279
0.0333282
0.0326913
0.0326954
0.0326976
0.0326981
0.0326958
0.0326962
0.0331298
0.0326975
0.033128
0.0326982
0.0326967
0.0326947
0.0333294
0.0326955
0.0326969
0.0326966
0.033329
0.0322723
0.0333279
0.032697
0.0326944
0.0326938
0.0326954
0.0326954
0.0333288
0.0337794
0.0333277
0.032695
0.0326984
0.0333305
0.0326971
0.0326945
0.0326953
0.0326974
0.0326958
0.0333268
0.0326969
0.0326953
0.032274
0.0326973
0.0326964
0.0326959
0.0326966
0.0326974
0.0326969
0.0333296
0.0326971
0.0326935
0.0326953
0.0326962
0.0326966
0.0333296
0.0326961
0.0333281
0.0322721
0.0326957
0.032272
0.0333293
0.0326969
0.0326938
0.0326967
0.0333297
0.0326967
0.0333288
0.0326965
0.0333293
0.0326955
0.0326951
0.0326971
0.0331297
0.0326964
0.0333285
0.0333269
0.0333278
0.0331299
0.0342423
0.0331286
0.0326933
0.0326957
0.0326957
0.0326965
0.0322735
0.0326973
0.0326951
0.0326932
0.0326941
0.0333279
0.0326974
0.0320844
0.0326959
0.0326959
0.0331318
0.0326945
0.0326976
0.0333284
0.0322741
0.0326968
0.0326955
0.0326912
0.0333293
0.0333281
0.032696
0.0326949
0.0322738
0.0326988
0.0326979
0.0331308
0.0326923
0.0337794
0.0342416
0.0331271
0.0326948
0.0326971
0.0333264
0.0344538
0.0333263
0.0326978
0.032697
0.0326948
0.032694
0.0331299
0.0333294
0.0326964
0.0322714
0.0326952
0.0326956
0.0326958
0.0326959
0.0326951
0.0326944
0.0337771
0.0326939
0.032695
0.0326934
0.0333251
0.0333277
0.0331283
0.0326973
0.0326937
0.0326941
0.0326933
0.0333272
0.0326964
0.0331299
0.033327
0.0326932
0.0333289
0.0326968
0.0333285
0.0331311
0.0342412
0.0331294
0.032696
0.0326971
0.0326956
0.0326963
0.0326973
0.0326952
0.032695
0.0326963
0.0326943
0.0326965
0.0326962
0.0333275
0.0326952
0.0326938
0.032696
0.0326972
0.0326949
0.0331312
0.0342409
0.033775
0.0326961
0.0331307
0.0326948
0.032696
0.0326973
0.0333301
0.0326953
0.0326968
0.0333283
0.0333281
0.0326918
0.0326972
0.0333269
0.0326991
0.032695
0.0333309
0.0333292
0.0326954
0.0331296
0.0337807
0.0326959
0.032697
0.0331295
0.0320868
0.0322718
0.0333274
0.0326968
0.0326964
0.0326954
0.0333267
0.0326959
0.0326916
0.0333291
0.032696
0.0326972
0.032695
0.0326952
0.0333275
0.0333274
0.0326949
0.0333279
0.0326972
0.0333292
0.0333274
0.0344531
0.0333269
0.0326962
0.032695
0.0326966
0.0326957
0.0326961
0.032696
0.0326956
0.0331301
0.0326959
0.03313
0.0326953
0.032695
0.0326975
0.0333264
0.0326957
0.0337793
0.0342419
0.0337783
0.0331317
0.0326953
0.0326973
0.03378
0.0326972
0.0322747
0.0333286
0.0326924
0.0337805
0.0326961
0.0333272
0.032695
0.0333304
0.0326961
0.0326975
0.0326965
0.0326961
0.0326977
0.0326957
0.0326966
0.0333295
0.0333282
0.0344521
0.0333264
0.0326975
0.0333288
0.0326948
0.0326956
0.0326961
0.0333294
0.0322718
0.032696
0.0326981
0.0326967
0.0326958
0.0326942
0.0326972
0.0333282
0.0333289
0.0344549
0.033328
0.0326935
0.0326965
0.0337784
0.0326953
0.0331299
0.0333286
0.0326981
0.0326971
0.0326967
0.032691
0.0326941
0.0337768
0.0326957
0.032697
0.032697
0.0326957
0.0326962
0.0326966
0.0326976
0.0322739
0.0326956
0.0326952
0.0326963
0.0326974
0.0337785
0.0333304
0.032696
0.0333237
0.0326954
0.0333286
0.0326959
0.032696
0.0326968
0.0326965
0.0326975
0.0333273
0.0326977
0.0326973
0.0326967
0.0326955
0.0326952
0.0326955
0.0331313
0.0331272
0.0326975
0.032697
0.0326964
0.0326957
0.032694
0.0333297
0.0333276
0.0326975
0.0333298
0.0331296
0.0326946
0.0333285
0.032697
0.0326977
0.0326946
0.0333266
0.0331292
0.0333301
0.0326981
0.0326975
0.0333304
0.0322745
0.0333276
0.0326953
0.0333282
0.0322737
0.0326956
0.0333275
0.0326956
0.0326954
0.0333295
0.0326969
0.032696
0.0333263
0.0326946
0.0333291
0.0331303
0.0326961
0.0333288
0.0326972
0.032696
0.0333297
0.032698
0.0333277
0.0326938
0.0326952
0.0331303
0.0326944
0.0326966
0.0337785
0.0326954
0.0333261
0.0326946
0.0326969
0.032697
0.0326958
0.0326952
0.0331308
0.0326963
0.0322729
0.0326964
0.032698
0.0337806
0.0331286
0.033129
0.0326965
0.032697
0.0326971
0.0326942
0.0331281
0.0333292
0.0344534
0.0333288
0.0326963
0.0326962
0.0326967
0.0331305
0.0326963
0.0331272
0.0326978
0.0326966
0.0326949
0.033328
0.0326966
0.0337792
0.0326966
0.0326958
0.0333266
0.0326952
0.0326951
0.0333234
0.0326944
0.0326969
0.0326966
0.0326949
0.0326955
0.0326965
0.0326945
0.0326954
0.0326959
0.0333256
0.0326953
0.0326976
0.0331304
0.0331301
0.0326963
0.0326938
0.0331306
0.0331295
0.0337788
0.0326961
0.0333287
0.0326953
0.0326981
0.0333273
0.0333302
0.0333284
0.0326951
0.0331286
0.0320844
0.0326962
0.0326954
0.0331294
0.0326967
0.0331273
0.0326962
0.0326973
0.0326976
0.0331258
0.0342401
0.0331284
0.0326954
0.0326955
0.0326985
0.0326965
0.033131
0.0326944
0.0326969
0.0326955
0.0331307
0.032696
0.0326964
0.0326968
0.0337813
0.0326967
0.0326979
0.0337789
0.0326954
0.0333289
0.0326945
0.0331308
0.0331296
0.0333295
0.0326964
0.0326971
0.0333294
0.0326964
0.0326955
0.0316784
0.0326959
0.0326958
0.0331283
0.0326934
0.0326954
0.0326955
0.0326979
0.0331318
0.0333283
0.0326961
0.0333262
0.0331297
0.0326965
0.0326974
0.0331307
0.0326951
0.0326968
0.0326942
0.0316792
0.0326934
0.0326974
0.0326969
0.0333271
0.0326943
0.0331277
0.0333294
0.0326983
0.0331305
0.0326955
0.0326968
0.0326952
0.0331302
0.0331305
0.0326963
0.0331295
0.0326953
0.0326975
0.0322728
0.0326969
0.0326971
0.0326957
0.0331291
0.0320854
0.0326953
0.0326966
0.033329
0.0326957
0.0326921
0.0326936
0.0326963
0.0333282
0.0326949
0.0326953
0.0326961
0.0333294
0.0326982
0.0333292
0.0344537
0.0333277
0.0326944
0.0322741
0.0326949
0.0326961
0.0333287
0.0326979
0.0326964
0.0326958
0.0331291
0.0326961
0.0333304
0.0326959
0.032694
0.0326957
0.0331308
0.03424
0.0331274
0.0326947
0.0326952
0.0326953
0.0326922
0.0320874
0.0326965
0.0326969
0.0326946
0.0326961
0.0331279
0.0326969
0.0326977
0.0326958
0.032696
0.0326949
0.0322741
0.033329
0.0326976
0.0326956
0.0331314
0.0326956
0.0326936
0.0326952
0.0333274
0.0333291
0.0331297
0.0326965
0.0326936
0.0326956
0.0326953
0.0333289
0.0333286
0.0326951
0.0326968
0.033326
0.032698
0.0326972
0.0326918
0.0326961
0.0331296
0.032694
0.0326961
0.0326962
0.0333304
0.0333278
0.0326882
0.0326944
0.0326971
0.0326965
0.0333288
0.033329
0.0326977
0.0337793
0.0326971
0.03378
0.0326971
0.0326918
0.0326964
0.0326951
0.0326969
0.0326982
0.0326964
0.0326935
0.0326937
0.0326976
0.0331285
0.034242
0.0331282
0.0331287
0.0326951
0.0326967
0.0326959
0.0326956
0.0326955
0.0322712
0.032275
0.0326964
0.0326974
0.0322751
0.0333283
0.0326954
0.0326969
0.0326965
0.0326969
0.0326964
0.0331287
0.0326974
0.0326945
0.0326951
0.0331301
0.0326964
0.0326965
0.0322742
0.0326957
0.0333294
0.0326957
0.0333292
0.0333285
0.0333285
0.0326957
0.0326964
0.0333307
0.0333282
0.0326972
0.0322726
0.0326951
0.0331302
0.0331303
0.0326958
0.0333292
0.0326968
0.032695
0.0333306
0.0331302
0.0326956
0.033329
0.0326961
0.0322728
0.0326949
0.0326949
0.0326959
0.0326963
0.0326944
0.0326972
0.0333295
0.0326954
0.032696
0.0331288
0.0326962
0.0333295
0.0326963
0.0326971
0.0326962
0.0326959
0.0326969
0.0326927
0.0331301
0.0333286
0.0326957
0.0326942
0.0326959
0.032697
0.0333294
0.0326976
0.0326954
0.032696
0.0337786
0.0326978
0.0331288
0.0326972
0.0326973
0.0326948
0.0331304
0.0326965
0.0326968
0.032694
0.0322729
0.0326976
0.0331304
0.0326968
0.0337802
0.0326973
0.0326966
0.032693
0.0326955
0.0326961
0.033129
0.0326962
0.0326961
0.0326968
0.033329
0.0326956
0.0326973
0.0326957
0.0326935
0.0326944
0.0331312
0.0326961
0.0326965
0.0326942
0.0326937
0.0326975
0.0333292
0.0344561
0.0333276
0.0333286
0.0326958
0.0326959
0.0331319
0.0331288
0.0326955
0.0326965
0.0326955
0.0326935
0.0326944
0.0326962
0.0326977
0.0326939
0.0326965
0.0326949
0.0333273
0.0326968
0.0326952
0.0326957
0.0326961
0.0326965
0.0333269
0.033328
0.0326971
0.032696
0.0326961
0.0326968
0.033329
0.0326972
0.0331294
0.0333289
0.0326954
0.0326953
0.0322714
0.0326964
0.0333285
0.0326962
0.032694
0.0322713
0.0333277
0.0326976
0.0326953
0.0326954
0.0326939
0.0326957
0.0326963
0.0333289
0.0337816
0.0326964
0.0326963
0.0337812
0.0326966
0.0326948
0.0333294
0.0326967
0.0333269
0.0333287
0.0326963
0.0331276
0.0326954
0.0331279
0.0326961
0.0326959
0.0326953
0.0337777
0.0337795
0.0326964
0.033328
0.0337793
0.032692
0.0322716
0.0326929
0.0326961
0.0326968
0.0326972
0.0326972
0.0333275
0.0326965
0.0333269
0.0326963
0.0326961
0.0322723
0.0326955
0.0333293
0.0326963
0.0331297
0.0326968
0.0326959
0.0326944
0.0326957
0.0326939
0.0326966
0.0333292
0.0326958
0.0326937
0.033129
0.0326948
0.0326966
0.0326953
0.032694
0.0326961
0.0322739
0.0322728
0.032272
0.0326959
0.0326972
0.0326938
0.0326946
0.0326963
0.0326967
0.0326969
0.0331305
0.033328
0.0326949
0.033327
0.0326945
0.0326969
0.0326969
0.032695
0.0326963
0.0326967
0.0326968
0.0322743
0.0326978
0.03378
0.0326971
0.0333291
0.0326958
0.0320851
0.0326966
0.032697
0.032695
0.0326974
0.0326981
0.0333279
0.032697
0.0326945
0.0326959
0.0326962
0.0326969
0.0326978
0.0326952
0.0326966
0.0326954
0.0333258
0.0333277
0.0326948
0.0320852
0.0326964
0.0333278
0.0326948
0.0331298
0.0326965
0.0326958
0.0331296
0.0333285
0.0326952
0.0333264
0.0326938
0.0326941
0.033328
0.0333272
0.0326974
0.0333256
0.0326908
0.0331287
0.0333295
0.0326943
0.0326977
0.0326965
0.0326962
0.0333286
0.0326972
0.0326958
0.0326952
0.0326959
0.0333283
0.0326958
0.0326959
0.0326961
0.0326936
0.0331284
0.0326968
0.032696
0.0326969
0.0326954
0.032696
0.0326967
0.0326985
0.0333265
0.0326964
0.0326945
0.0337792
0.0331272
0.0326935
0.0326959
0.0326941
0.032695
0.0326946
0.0333277
0.0333272
0.0322715
0.0333282
0.0326947
0.0326965
0.0326964
0.0333267
0.0333277
0.0344545
0.0333301
0.0333276
0.0333289
0.0326964
0.0333286
0.0326967
0.03378
0.0326951
0.0326949
0.0326961
0.0326963
0.0333282
0.0326969
0.0326953
0.0326955
0.0326943
0.0331311
0.0326967
0.0326971
0.0333282
0.0326941
0.0331294
0.0331325
0.032695
0.033326
0.0326973
0.0326969
0.0326947
0.0326956
0.0326958
0.0326948
0.0326963
0.0326972
0.0326957
0.0333274
0.0333282
0.0333281
0.032697
0.0326933
0.0326961
0.0326954
0.0326942
0.0333252
0.0333273
0.0326954
0.0331307
0.0326942
0.0326954
0.0331293
0.0326962
0.0331311
0.0331295
0.0326967
0.0333239
0.0344543
0.0333291
0.0326968
0.0333258
0.0326959
0.0331303
0.0331283
0.0326965
0.0326957
0.0326968
0.0326958
0.0331291
0.0326966
0.0331303
0.0326952
0.0326969
0.0331306
0.0331312
0.032695
0.0326969
0.0322719
0.032695
0.0331287
0.0326938
0.0333268
0.0333281
0.0326973
0.0326961
0.0333295
0.032697
0.0326965
0.0331285
0.0326964
0.0326955
0.0326961
0.0337791
0.0326966
0.0326974
0.0326956
0.0333289
0.0326954
0.0326933
0.0333288
0.0326957
0.0326969
0.0326935
0.0326959
0.0337757
0.0326972
0.0333295
0.0326974
0.0331291
0.0326926
0.0333273
0.0333259
0.0326958
0.032698
0.0326958
0.0333269
0.0326974
0.0326949
0.0326952
0.0333276
0.0333284
0.0326982
0.0326965
0.0326955
0.0326969
0.0326972
0.0326966
0.0331306
0.0326972
0.0326945
0.0331313
0.0326968
0.0337791
0.0326966
0.0326978
0.0331273
0.0331293
0.0326958
0.0326963
0.0333276
0.0326957
0.0331295
0.0333283
0.0326955
0.0331305
0.0333272
0.0326962
0.0326971
0.0331286
0.0326959
0.0326959
0.032696
0.0331306
0.0326965
0.0326971
0.0326963
0.0326955
0.0333261
0.0326963
0.0326934
0.0333268
0.0326959
0.0333288
0.0333279
0.0333299
0.0344532
0.033328
0.0333275
0.0322733
0.0326956
0.032696
0.0326947
0.0326959
0.0333277
0.0326952
0.0331294
0.0326974
0.0326948
0.0326968
0.0337772
0.0326972
0.0326949
0.0316773
0.0326955
0.0326947
0.0331284
0.032696
0.0322727
0.032696
0.0326972
0.0326972
0.0333271
0.032696
0.0333299
0.032697
0.0326942
0.032695
0.0326976
0.0333285
0.0326962
0.0337774
0.0326954
0.0326958
0.0326967
0.0326952
0.0326961
0.0331275
0.0342393
0.0337786
0.0326938
0.0326972
0.0333268
0.0344539
0.0333258
0.0333289
0.0331285
0.0326956
0.0326958
0.0326984
0.032697
0.0326955
0.0326973
0.0326946
0.0333269
0.0326964
0.0326938
0.0331286
0.0326951
0.0326961
0.0331313
0.0326969
0.0326959
0.0326941
0.0326976
0.0326967
0.03313
0.0326952
0.0326965
0.0326954
0.0326945
0.0331292
0.0326969
0.0331297
0.032695
0.0326966
0.0326943
0.0331278
0.0326975
0.0326981
0.0326966
0.0326936
0.0322706
0.0326948
0.0331297
0.0326985
0.0326955
0.0326958
0.0326933
0.0326953
0.0333263
0.033129
0.0326967
0.0326943
0.032695
0.0326915
0.0333285
0.0333273
0.0326937
0.0326932
0.0326966
0.0333294
0.0326975
0.0333277
0.0326962
0.032696
0.0333276
0.0326964
0.0322725
0.0326973
0.0326953
0.0326968
0.0326946
0.0326966
0.0326954
0.0326962
0.0326963
0.0331296
0.0337804
0.0326961
0.0326963
0.03378
0.0326956
0.0331296
0.0326974
0.0326955
0.0333287
0.0326954
0.0326967
0.0326974
0.0326955
0.032269
0.0326984
0.0333273
0.0333285
0.0344559
0.0333302
0.0326959
0.0326957
0.0326966
0.0337814
0.0326953
0.0326973
0.0331306
0.0326974
0.0326949
0.0333278
0.0326973
0.0322752
0.0326959
0.0326965
0.0331289
0.0326929
0.0326982
0.0326962
0.032694
0.0326966
0.0326985
0.0326972
0.0333276
0.0326969
0.0326959
0.0326927
0.0331288
0.0326936
0.0326968
0.0326971
0.0326902
0.032696
0.0326939
0.0326972
0.0326938
0.0326965
0.0326963
0.0326962
0.0331284
0.032697
0.0326957
0.0326953
0.0326964
0.0326971
0.0326981
0.0326971
0.0331296
0.0326964
0.0326961
0.0333281
0.0326969
0.0326954
0.032696
0.0326955
0.0326975
0.0337772
0.0326973
0.0333281
0.0326954
0.0322718
0.032697
0.0326957
0.032696
0.0326977
0.0326959
0.0326951
0.0326955
0.0331306
0.0326962
0.0326955
0.033129
0.0326975
0.0326962
0.0333289
0.0326975
0.0326953
0.0326968
0.0326973
0.0326959
0.0326959
0.0333294
0.0331317
0.0333284
0.033131
0.0320862
0.0326944
0.03313
0.0342393
0.0331302
0.0331276
0.0333304
0.0326961
0.0326971
0.0333291
0.0326966
0.0326949
0.0326959
0.0333292
0.0337787
0.032693
0.0333287
0.0326985
0.0326954
0.0326965
0.0326964
0.0326972
0.0326955
0.0331276
0.0326975
0.0333291
0.0331288
0.0326962
0.0326968
0.0326963
0.032696
0.0326955
0.0333277
0.0344516
0.0333275
0.0326914
0.0326968
0.0326957
0.0326951
0.032695
0.0326938
0.0333237
0.0326966
0.0331287
0.0337791
0.0326955
0.0326938
0.0326958
0.0326935
0.0331306
0.0333271
0.0333277
0.0333283
0.033327
0.0337795
0.0326961
0.0331269
0.0342437
0.0331293
0.0326963
0.0333274
0.032696
0.0326957
0.0326955
0.0326956
0.0333283
0.0326932
0.0326954
0.0333274
0.0331295
0.0326968
0.032697
0.0326962
0.0333293
0.0326972
0.0326963
0.0333257
0.0326974
0.0326978
0.0333288
0.0326965
0.0326969
0.0337777
0.0342381
0.0337793
0.0331295
0.0326964
0.0326957
0.033131
0.0333284
0.0337765
0.0326974
0.033129
0.0326967
0.0333297
0.0326945
0.0326943
0.0331286
0.0326959
0.0326963
0.0326978
0.0326958
0.0326963
0.0333288
0.0333294
0.0326955
0.032697
0.0331304
0.0326955
0.0337781
0.0326967
0.0331295
0.0333283
0.0344539
0.0333286
0.0326936
0.0331295
0.0326964
0.0326962
0.0326981
0.03313
0.0326959
0.0326959
0.0326974
0.0326975
0.0326981
0.0326972
0.0326951
0.0326966
0.0326943
0.0326943
0.0322721
0.0326966
0.0326932
0.0326944
0.0326946
0.0331307
0.0326978
0.032697
0.0333268
0.0333279
0.0326974
0.0326968
0.0326972
0.0333285
0.0322721
0.0326962
0.0326953
0.0326949
0.0326961
0.0326968
0.0333263
0.033327
0.0331302
0.0326961
0.0326947
0.0326983
0.0333285
0.032694
0.0326977
0.0326958
0.0337785
0.033128
0.0326961
0.0326973
0.032695
0.0326963
0.033131
0.0342404
0.0331303
0.0326962
0.0326932
0.0326967
0.0333282
0.0344551
0.0333297
0.0331283
0.0326935
0.032696
0.0333303
0.0326963
0.0331303
0.0331299
0.0326957
0.0326941
0.033326
0.0326938
0.0326963
0.0322742
0.0326967
0.0326983
0.032698
0.0326945
0.0326966
0.0326961
0.0326948
0.0326948
0.0326989
0.03313
0.0331288
0.0342411
0.0331301
0.0333277
0.0326957
0.0326947
0.0331266
0.0326948
0.0331305
0.0326976
0.0326951
0.0326961
0.0326956
0.0333308
0.0326952
0.0333285
0.0326979
0.0333282
0.0326962
0.0333296
0.0326985
0.032697
0.0326952
0.0326972
0.0333284
0.0331293
0.0333282
0.0333281
0.0326955
0.0333295
0.0326957
0.0320859
0.0326954
0.0326959
0.0331303
0.032696
0.0331287
0.0326949
0.0326943
0.0331312
0.0326958
0.0337792
0.0331277
0.0326966
0.0331313
0.0333273
0.0326959
0.033327
0.034454
0.0333281
0.0331298
0.032696
0.0326954
0.0326956
0.0326951
0.0326954
0.0326962
0.0326965
0.0337803
0.0344536
0.033779
0.0344558
0.0333274
0.0326974
0.033128
0.0333279
0.0326971
0.0333295
0.0333296
0.032697
0.0326971
0.0326967
0.0326953
0.0333296
0.033328
0.0326936
0.0322719
0.033329
0.0344539
0.0337801
0.032696
0.0326975
0.032697
0.033779
0.032695
0.033129
0.0326956
0.0326965
0.0326966
0.0333294
0.0333279
0.0326974
0.0326967
0.0326961
0.0337804
0.032698
0.0326973
0.0326947
0.0326961
0.0333274
0.0326963
0.0326962
0.0333301
0.0331311
0.0326972
0.0333277
0.0331281
0.032083
0.0331292
0.0326971
0.0326983
0.0322741
0.0326949
0.0326942
0.0331288
0.0331299
0.0326958
0.0326956
0.0326961
0.0326977
0.0333285
0.0326971
0.0337786
0.0326936
0.0322724
0.0326959
0.0326968
0.0331302
0.0326972
0.0326969
0.0326973
0.0331281
0.0326937
0.0333295
0.0333277
0.0326971
0.0326973
0.0333286
0.0326957
0.0326943
0.0333263
0.033327
0.0331282
0.0333261
0.0326959
0.032696
0.0331303
0.032697
0.0326955
0.0326928
0.0326956
0.0326959
0.0331294
0.0342426
0.0331286
0.0326955
0.0326976
0.0326977
0.0333286
0.0326953
0.0326954
0.0331297
0.0333287
0.0326951
0.0331305
0.0333293
0.0344526
0.0333281
0.0326956
0.0326989
0.0326945
0.0326958
0.0333293
0.0344538
0.0337813
0.032697
0.0326957
0.0326968
0.033778
0.0326942
0.032696
0.0326967
0.0331287
0.0333281
0.0333283
0.0333287
0.0326949
0.032697
0.0326942
0.0326924
0.0326969
0.0333277
0.0326951
0.0326959
0.0331318
0.0326957
0.032696
0.0326952
0.032697
0.0326972
0.0326946
0.0326947
0.0326973
0.0322739
0.0333284
0.0326964
0.033329
0.0326962
0.0326959
0.0326941
0.0326957
0.0333311
0.0326956
0.0333281
0.0333292
0.0331264
0.033327
0.0326957
0.0326937
0.0326963
0.0326953
0.0326956
0.0337802
0.032697
0.0333306
0.0326976
0.0326962
0.032697
0.0331304
0.0333288
0.032697
0.0326959
0.0326977
0.0320885
0.0326946
0.0322736
0.0322725
0.0333273
0.0333281
0.0333293
0.0331301
0.0333276
0.0326967
0.0337789
0.0326949
0.0326969
0.0326973
0.0331313
0.0333241
0.0326942
0.0326972
0.0331266
0.0326964
0.0326958
0.0331289
0.0326968
0.0326949
0.032274
0.0326968
0.0326959
0.0326952
0.0333282
0.0326965
0.0326961
0.0326964
0.0333294
0.0333279
0.0326965
0.0326956
0.0326981
0.0322733
0.0326955
0.0331283
0.0326946
0.0322733
0.0326953
0.0326959
0.0320871
0.0326941
0.0326956
0.0337744
0.0342389
0.035429
0.0351797
0.0340022
0.0333213
0.0329075
0.0329088
0.0322712
0.0322684
0.0329082
0.0329053
0.0322693
0.0326724
0.0326693
0.0322702
0.0322621
0.0322683
0.0322695
0.0326716
0.0337503
0.0326716
0.0322711
0.0322667
0.0329088
0.0322721
0.032673
0.0329096
0.0322698
0.0326711
0.0322705
0.0329072
0.0322678
0.0326686
0.032271
0.0322702
0.0329059
0.0333236
0.0322692
0.0333251
0.0322714
0.0329086
0.0333236
0.0326709
0.0322693
0.0329037
0.032269
0.0329071
0.0322704
0.0322698
0.0329073
0.0329094
0.0329068
0.0322701
0.0322706
0.0322713
0.0333251
0.0322667
0.0322702
0.032909
0.0322705
0.0322702
0.0329067
0.0322712
0.0333206
0.0326711
0.0329083
0.0322697
0.0322714
0.0322688
0.0322702
0.0329078
0.0318765
0.0322707
0.033325
0.0333249
0.0322695
0.0329086
0.0322699
0.0326714
0.0322706
0.0329074
0.0322701
0.0322681
0.0322698
0.0322681
0.0322691
0.0322711
0.0322719
0.0322686
0.032271
0.032271
0.0322727
0.0322722
0.0333243
0.0322705
0.0329082
0.0329082
0.0329102
0.0322714
0.0326709
0.0322692
0.0322689
0.0322712
0.0322698
0.0322704
0.0326713
0.0337539
0.0326724
0.0322674
0.03227
0.0322705
0.032268
0.0322667
0.0329084
0.032906
0.0322703
0.0322711
0.0322696
0.0322699
0.0322697
0.0329062
0.0322692
0.0322714
0.032271
0.0329063
0.0329062
0.0329093
0.0326683
0.0329052
0.0329079
0.032268
0.0329075
0.0326712
0.0322694
0.03227
0.0326697
0.0326706
0.0322685
0.0329092
0.0322712
0.0322706
0.0322703
0.0322683
0.0326697
0.032907
0.0340066
0.032908
0.033325
0.0329061
0.0322706
0.0322708
0.0329071
0.0322706
0.0322715
0.0322704
0.0322705
0.03227
0.0326701
0.0322681
0.0333244
0.0322701
0.0316519
0.0326696
0.03227
0.0326712
0.0329073
0.032271
0.0329078
0.0329077
0.0333258
0.0322696
0.0322683
0.0329079
0.0329081
0.0322695
0.0322674
0.0326719
0.032269
0.0326708
0.0322716
0.0322708
0.0326713
0.0322699
0.0322696
0.0326695
0.0333261
0.0326711
0.0329088
0.0322686
0.0326702
0.0322702
0.0322696
0.0329076
0.0326711
0.0322707
0.0322695
0.0322704
0.0329075
0.0322705
0.0329048
0.0322704
0.0326712
0.0329085
0.0333228
0.0322712
0.0322688
0.0333251
0.03267
0.0322705
0.0322711
0.0329101
0.0322692
0.032271
0.0322703
0.0322702
0.032907
0.0322702
0.0329085
0.0322694
0.0329077
0.0322727
0.0322713
0.0326694
0.0322702
0.0322701
0.032909
0.0322702
0.0322695
0.0333251
0.0322699
0.0322698
0.0326717
0.0326721
0.0337525
0.0326731
0.0322708
0.032267
0.0322706
0.0326724
0.0322707
0.0326694
0.0337512
0.0326715
0.0329079
0.0322686
0.033325
0.0322716
0.0326723
0.0322707
0.0322712
0.0322715
0.0329081
0.0322709
0.0333249
0.032908
0.0322686
0.0322727
0.0329079
0.0326693
0.0329073
0.0322711
0.0322713
0.0322696
0.0322702
0.0322716
0.0322699
0.0322716
0.0326716
0.0322714
0.0322695
0.0322683
0.0322699
0.0326712
0.0329071
0.032272
0.0333252
0.032672
0.0322687
0.0322692
0.0322714
0.03291
0.0329069
0.0322697
0.0326708
0.0322714
0.0322711
0.0322704
0.0322699
0.0318755
0.0322712
0.0322715
0.0322702
0.0322689
0.0322689
0.0322698
0.0329082
0.0322694
0.0322699
0.0322691
0.0322684
0.0322709
0.0322714
0.0329064
0.0322703
0.0322713
0.0329054
0.0340055
0.0329075
0.0329085
0.0322703
0.0329074
0.0322686
0.0322686
0.0322709
0.0322711
0.0329081
0.0322711
0.0326716
0.0322717
0.0322705
0.0322721
0.0322715
0.03227
0.0322688
0.0322722
0.0329091
0.0322701
0.03291
0.0326709
0.0322712
0.032268
0.0329066
0.032268
0.0333244
0.0322704
0.0333245
0.03227
0.0322705
0.032267
0.0322704
0.0322713
0.0322693
0.032907
0.031878
0.0329073
0.0322727
0.03291
0.0329082
0.032271
0.0322702
0.0326707
0.0337517
0.0333236
0.0322703
0.0322703
0.0322709
0.0322707
0.0326699
0.0322699
0.0326718
0.0322703
0.0322689
0.0322701
0.0329071
0.0322691
0.0322691
0.032268
0.0333261
0.0329083
0.0329077
0.0326715
0.0326711
0.0329072
0.0326717
0.0322698
0.0329076
0.0322691
0.0322691
0.0329085
0.0322714
0.0322717
0.0322716
0.0329076
0.0322706
0.0326708
0.0329052
0.0322689
0.0322685
0.0322687
0.0326722
0.0329089
0.0322708
0.0322703
0.0322694
0.0322714
0.032269
0.0326704
0.0322708
0.0322707
0.0322691
0.0329075
0.032271
0.0322714
0.0322692
0.0322679
0.0322711
0.0322695
0.03227
0.0329087
0.0322703
0.0326709
0.032907
0.034004
0.0333246
0.0329085
0.0322691
0.0322687
0.032907
0.0340036
0.0329071
0.0322701
0.0322687
0.0333253
0.0322714
0.0326707
0.0322712
0.03291
0.0322689
0.0333258
0.0329094
0.0322711
0.0322703
0.0333242
0.0322715
0.033324
0.032272
0.0333266
0.03227
0.0322697
0.0326716
0.0333234
0.0322715
0.032908
0.0329068
0.0340046
0.0333251
0.0322674
0.0322709
0.03227
0.0322696
0.0322709
0.0333231
0.0322705
0.0322707
0.0326722
0.0326716
0.0326709
0.0322698
0.032908
0.0326714
0.0326725
0.0329075
0.0322702
0.0326708
0.0329058
0.0322675
0.0322702
0.0322685
0.0322706
0.03227
0.0322699
0.0326703
0.0322712
0.0322688
0.0322704
0.0322697
0.0329086
0.0329061
0.0326717
0.0329059
0.0322708
0.0322709
0.0322702
0.032907
0.0329085
0.0322691
0.0322713
0.0329078
0.0326722
0.032271
0.0329074
0.0322714
0.03227
0.0322709
0.0322718
0.0322707
0.0322692
0.0322682
0.0322703
0.0329062
0.0322687
0.0322665
0.0322691
0.0322693
0.0322688
0.0322705
0.0322673
0.0322708
0.0326721
0.0326712
0.032265
0.0322716
0.0322674
0.0322689
0.0322711
0.0322706
0.0322709
0.0329098
0.0333242
0.0329093
0.0322703
0.0322718
0.0322721
0.0322702
0.0322689
0.0322718
0.0333243
0.033754
0.0333237
0.033326
0.032269
0.0326725
0.032269
0.0322703
0.03227
0.0329084
0.0322689
0.0329095
0.0322692
0.0333248
0.0333243
0.0322699
0.0322692
0.0322706
0.0322703
0.033324
0.0322682
0.0322717
0.0326709
0.0329087
0.0329073
0.0322708
0.0326714
0.0322708
0.0322735
0.0322709
0.0322708
0.0326719
0.0329053
0.0329082
0.0322703
0.0329097
0.0340054
0.0329065
0.0322703
0.0322685
0.0322696
0.0329099
0.0326697
0.0322703
0.0333245
0.0329085
0.0322697
0.0322692
0.0326706
0.0329072
0.0329096
0.0322698
0.0322713
0.0329071
0.0329068
0.0322689
0.0326726
0.0337509
0.0326704
0.0333243
0.0322695
0.0322675
0.0322714
0.0333249
0.0322687
0.0322698
0.0322706
0.0322704
0.0322711
0.0329076
0.0340062
0.0329084
0.0326712
0.0329087
0.0329073
0.0329089
0.0329067
0.0322681
0.0322703
0.0333255
0.033752
0.0326704
0.0322684
0.0326718
0.0333255
0.0333234
0.0322702
0.0322698
0.0326696
0.0326735
0.0322676
0.0326713
0.0322711
0.0322715
0.032671
0.0326715
0.0322707
0.0322708
0.0329082
0.0340052
0.0333245
0.0322709
0.03227
0.0326696
0.0322704
0.0326712
0.0329071
0.0322718
0.0322715
0.0329086
0.0326681
0.0322696
0.0322697
0.0329079
0.0333271
0.0322704
0.0329056
0.0329097
0.032908
0.0329096
0.0329092
0.0329083
0.0322686
0.0329078
0.0322707
0.0322703
0.0322702
0.0322689
0.033324
0.0337508
0.0333243
0.0322725
0.032271
0.0322695
0.0322699
0.0322711
0.0322704
0.032672
0.0322703
0.0329073
0.0326725
0.0322721
0.0329093
0.0333257
0.0340027
0.0329085
0.0322711
0.032908
0.0329078
0.0329066
0.0322713
0.0322691
0.0329061
0.0340057
0.0329048
0.0322699
0.0322703
0.0329104
0.0329091
0.0322702
0.0322694
0.0329091
0.0333252
0.0322691
0.0322709
0.0322701
0.0326683
0.0329071
0.0322701
0.0322715
0.0329083
0.0333243
0.0322721
0.0326705
0.032907
0.0322707
0.0326697
0.0322707
0.0322693
0.0322685
0.0329066
0.0326708
0.0322692
0.0318757
0.0329067
0.0322705
0.0333235
0.0322733
0.0329073
0.0322696
0.032672
0.0329091
0.0322713
0.0326712
0.0322695
0.0322697
0.0322706
0.0322712
0.0326728
0.0326709
0.0322706
0.0322676
0.0322695
0.0322707
0.0322713
0.032909
0.0322696
0.0326703
0.0322686
0.032908
0.034005
0.0329071
0.0322707
0.03227
0.0322712
0.0322705
0.0322705
0.0322712
0.0329089
0.0333247
0.0322705
0.03227
0.0329085
0.0322713
0.0329068
0.0322716
0.0329081
0.0322714
0.0322713
0.032271
0.0326704
0.0329084
0.0329103
0.0322707
0.0322698
0.0322698
0.0322705
0.0329083
0.0322702
0.0322672
0.0322702
0.0316575
0.0326715
0.03267
0.0326695
0.0333251
0.0326697
0.0337529
0.0333227
0.0340049
0.0329032
0.0322688
0.0333255
0.0322702
0.0326713
0.0337545
0.033326
0.0322698
0.0322702
0.0326731
0.03227
0.0322647
0.0326707
0.033753
0.0326704
0.0322708
0.0329076
0.0326696
0.0322698
0.0329084
0.0322693
0.0322677
0.0329066
0.0322705
0.0326725
0.0322693
0.0322718
0.0322693
0.0333233
0.0329061
0.0326712
0.0329076
0.0322701
0.0329081
0.0322696
0.0322684
0.0329068
0.032268
0.0326687
0.0322694
0.0322726
0.0326719
0.0322693
0.032269
0.0322725
0.0326709
0.0329082
0.0322714
0.0322719
0.0322692
0.0322686
0.0329081
0.0322708
0.0322692
0.0322724
0.032908
0.0322708
0.0326709
0.0326713
0.0326726
0.0329079
0.0322681
0.0326717
0.0322698
0.0322692
0.03227
0.0329067
0.0326705
0.0326719
0.0329062
0.0322721
0.0322717
0.0322705
0.0326724
0.0329059
0.0322705
0.0322693
0.0333247
0.0337494
0.0326712
0.0326725
0.032269
0.0322702
0.0329076
0.0329082
0.0340054
0.0329073
0.0333246
0.0329099
0.032272
0.0322727
0.0326722
0.0329081
0.0322679
0.0329077
0.0340036
0.032908
0.0322721
0.032271
0.0322675
0.0326686
0.0322708
0.0326696
0.0329081
0.0322699
0.0322697
0.0329088
0.0329076
0.03227
0.032272
0.0322687
0.0322699
0.0329072
0.034006
0.0329067
0.0326673
0.0322705
0.032269
0.0322688
0.0322689
0.0322728
0.0333261
0.0326702
0.0333246
0.0329055
0.0326712
0.0322708
0.0322716
0.0326705
0.0329095
0.0329087
0.0326721
0.032907
0.0322685
0.0322701
0.0322702
0.032908
0.0329082
0.0322702
0.0322697
0.0322724
0.0322715
0.032672
0.03227
0.0322705
0.0329036
0.0322707
0.0322706
0.0322682
0.0322713
0.0329068
0.0329085
0.03227
0.0322685
0.0322707
0.0329103
0.032909
0.032269
0.0322705
0.0329078
0.0329077
0.0326705
0.0322698
0.0322704
0.0322707
0.0322708
0.0322705
0.0329083
0.0322708
0.0322715
0.0326708
0.03227
0.0322706
0.0322689
0.0322717
0.0322705
0.0322717
0.0322712
0.0326724
0.03227
0.0326707
0.032269
0.0322713
0.0322718
0.0333251
0.0333234
0.0329075
0.0322706
0.0329081
0.032269
0.0326706
0.0329058
0.0322697
0.0322698
0.0322673
0.0322693
0.0329062
0.0322691
0.0322709
0.0322688
0.0322702
0.0329095
0.0326702
0.0326718
0.0322708
0.0322704
0.0322692
0.0322705
0.0322677
0.032672
0.032906
0.0333218
0.0322701
0.032269
0.0326721
0.032272
0.0322717
0.0322706
0.0326712
0.0326713
0.0329072
0.0329073
0.0326703
0.0326721
0.0326715
0.0322702
0.0322683
0.0326697
0.0329064
0.032272
0.0322691
0.0326712
0.0326742
0.0322695
0.0326681
0.0333244
0.0322712
0.0329081
0.0329086
0.0322718
0.0326732
0.0326732
0.0322663
0.0326702
0.0322702
0.0329076
0.0329071
0.0322693
0.0326717
0.0329044
0.0326708
0.0322692
0.0322695
0.0322715
0.0329074
0.0340034
0.0329044
0.0333245
0.032674
0.0322694
0.0326707
0.0322711
0.0322694
0.0322707
0.0329089
0.0326693
0.0322696
0.0322703
0.0322702
0.0316525
0.0322707
0.0322706
0.03227
0.0322702
0.0329048
0.0329065
0.0329092
0.0322711
0.0322703
0.032271
0.0322688
0.0326721
0.0322706
0.0322667
0.0326695
0.0329101
0.0322698
0.0322697
0.0322708
0.0322702
0.0322685
0.0322685
0.0322697
0.03227
0.0326676
0.0326667
0.0337511
0.0326703
0.0322707
0.0322712
0.0326714
0.0326698
0.0322705
0.0322709
0.0329064
0.034006
0.0329086
0.0329092
0.0322703
0.0322699
0.0326692
0.0326698
0.0322685
0.0329068
0.0322705
0.0326725
0.032273
0.0322702
0.0329087
0.0329085
0.0322701
0.0322697
0.0329081
0.0322708
0.0322717
0.0322697
0.0322708
0.0322694
0.0322715
0.0322708
0.0329075
0.0326725
0.0322716
0.0322675
0.0322704
0.0322695
0.0322697
0.0322712
0.032272
0.0322703
0.0329071
0.0322714
0.0322698
0.0322715
0.0329075
0.0322703
0.0329081
0.0329075
0.0326712
0.0322713
0.0329072
0.0333244
0.032906
0.0329089
0.0340043
0.0333215
0.033324
0.0322704
0.0322713
0.0326707
0.0337516
0.0326698
0.0329077
0.0326697
0.0337529
0.0326721
0.0322705
0.0333257
0.0329089
0.0322715
0.0322699
0.0322703
0.0326712
0.0322679
0.0322721
0.0322717
0.0326701
0.0322688
0.0326707
0.0326688
0.0326705
0.0329089
0.0322729
0.0326727
0.032669
0.0322697
0.0322708
0.0322718
0.0329067
0.0322715
0.0322718
0.0322707
0.0322669
0.0329059
0.033323
0.0329097
0.0322697
0.0322688
0.032907
0.0329069
0.0322682
0.0326715
0.0322708
0.0333231
0.0326692
0.032669
0.0329069
0.032907
0.0322711
0.0322696
0.0329072
0.0340061
0.0329073
0.0322717
0.0322728
0.0322712
0.0322713
0.0329072
0.0322713
0.0326711
0.032271
0.0333262
0.0337533
0.0326721
0.0329087
0.0322717
0.0329084
0.0326719
0.0322704
0.0322701
0.0329074
0.0322717
0.0326724
0.0322696
0.0326704
0.0333244
0.03227
0.032271
0.03227
0.0322683
0.0322705
0.0322686
0.0322699
0.0329087
0.0329081
0.0322687
0.0329072
0.0322714
0.0322701
0.0326711
0.0329078
0.0322703
0.0322683
0.0322706
0.0326717
0.0322694
0.0322672
0.032908
0.0322694
0.0322696
0.0322692
0.0322704
0.0326731
0.0329075
0.0322688
0.0322691
0.0329059
0.032672
0.0322696
0.0322683
0.0322698
0.0322695
0.0326727
0.0322722
0.0326716
0.0326713
0.0333254
0.0322722
0.0329086
0.0326703
0.0329071
0.0329066
0.0326687
0.0322686
0.0322708
0.0326707
0.0337526
0.0326699
0.0326715
0.0322703
0.0333255
0.0322719
0.032907
0.0329072
0.0322683
0.0329083
0.0326725
0.0322719
0.0329093
0.0322701
0.0326693
0.0337527
0.0326709
0.0326726
0.0322698
0.0329072
0.0329096
0.0322706
0.0322706
0.0322693
0.0326716
0.0329051
0.0322711
0.0329077
0.0322698
0.0322701
0.0329085
0.0326707
0.0329091
0.0322707
0.0322704
0.0322688
0.032271
0.032907
0.0326698
0.0322689
0.0326717
0.0329093
0.032269
0.0322706
0.0322694
0.0322698
0.0326696
0.0322683
0.032671
0.0322711
0.0322721
0.0329091
0.0340053
0.0329046
0.0322699
0.0329085
0.0322666
0.0322705
0.032269
0.0322681
0.0329056
0.0326714
0.0322708
0.0322717
0.0333252
0.0322693
0.0326709
0.0322697
0.0329082
0.0322702
0.0326697
0.0329073
0.0322722
0.0322687
0.0322718
0.0322711
0.0322712
0.0322727
0.0322707
0.0322722
0.0322688
0.0322708
0.0322707
0.0333234
0.0322694
0.0329078
0.0322662
0.0329061
0.0322718
0.0329084
0.0340043
0.0329082
0.0329096
0.0322673
0.0322713
0.0326719
0.0337525
0.0333257
0.0333259
0.0326706
0.0322706
0.0333248
0.0340001
0.0329041
0.0322692
0.0326701
0.0322717
0.0322705
0.0326714
0.0322703
0.0326719
0.0329072
0.0329078
0.0322691
0.0322701
0.0329069
0.0340052
0.0329089
0.0326718
0.0322711
0.032271
0.0322708
0.0322682
0.03291
0.0322709
0.0322708
0.0322699
0.0329102
0.0322698
0.0322692
0.0326702
0.0322703
0.0329081
0.0322697
0.0329059
0.032271
0.0329075
0.032269
0.0329093
0.0326712
0.0322703
0.0322685
0.0326712
0.0322694
0.03227
0.032269
0.032271
0.0322687
0.0322697
0.0329066
0.0329095
0.0322705
0.032272
0.0322707
0.0322712
0.0322669
0.0322669
0.0326685
0.0329078
0.0322701
0.0322695
0.0322678
0.0322708
0.0322696
0.0322707
0.0322707
0.0326722
0.0329082
0.0322702
0.0318776
0.032268
0.0322706
0.0333262
0.0329061
0.0322694
0.03227
0.0322705
0.0329083
0.0322663
0.0322706
0.0329095
0.0322707
0.0329066
0.0322691
0.0333239
0.0322708
0.033324
0.0340019
0.0329059
0.0322683
0.0322723
0.0322703
0.0329098
0.0329097
0.0326704
0.0326701
0.0322686
0.032266
0.0329082
0.0340042
0.032908
0.0326692
0.0322708
0.0322704
0.0333235
0.0322691
0.0322705
0.0329081
0.0329087
0.032272
0.0322676
0.032271
0.0322726
0.0322706
0.0326717
0.0322688
0.0322703
0.032269
0.0329084
0.0322642
0.0322705
0.032672
0.0322697
0.0329092
0.0322694
0.0322715
0.0322729
0.0333255
0.0322676
0.0322682
0.0326717
0.0322691
0.032669
0.0326735
0.0326722
0.0333239
0.0322693
0.0322694
0.0333242
0.0322697
0.0322716
0.0322704
0.0322702
0.0322715
0.0322718
0.0322694
0.0322701
0.0329063
0.032908
0.0333254
0.0329086
0.0322704
0.0322728
0.0326718
0.0322699
0.0333255
0.0322695
0.0322704
0.0326699
0.0322713
0.0329096
0.0322674
0.0322683
0.0322697
0.0322707
0.032271
0.0322705
0.0322699
0.0322701
0.0322688
0.0326726
0.0322707
0.0322719
0.0329084
0.0322693
0.0326691
0.0326712
0.032271
0.0322695
0.0322707
0.0322696
0.03227
0.032271
0.0326713
0.0322698
0.032269
0.0326718
0.0322707
0.0322702
0.0322701
0.0322698
0.0322704
0.03227
0.0322705
0.0322701
0.0329074
0.032908
0.0322696
0.0322693
0.0322704
0.0322711
0.0322694
0.0322708
0.0322698
0.0322704
0.0326713
0.032907
0.0329079
0.0326733
0.0322692
0.0329087
0.0322705
0.0322695
0.032268
0.0333245
0.0333226
0.0326712
0.032908
0.0329088
0.0322715
0.0322708
0.0326723
0.0322706
0.0326725
0.0322714
0.03227
0.032271
0.0326715
0.0333254
0.0326724
0.0326717
0.0329073
0.0326709
0.032908
0.0329073
0.0322708
0.0329087
0.0333244
0.0333231
0.0329082
0.0322697
0.0326724
0.0322713
0.0326722
0.0322693
0.0322693
0.0329075
0.0322671
0.0326695
0.0322691
0.0326713
0.0329065
0.0322705
0.0322726
0.0322707
0.0322695
0.0322695
0.0322715
0.0322684
0.0322698
0.0322703
0.0333269
0.0322711
0.0329089
0.0322708
0.0322695
0.0322705
0.0322703
0.0322699
0.0322709
0.0329071
0.0322704
0.0322686
0.0329097
0.0322709
0.0329068
0.0329085
0.0322684
0.0326711
0.0329075
0.0322701
0.0322692
0.032271
0.032671
0.0326702
0.0337524
0.0326694
0.0329093
0.0322693
0.0322714
0.0322705
0.0322679
0.0326708
0.0329054
0.0329093
0.032908
0.0322702
0.0329075
0.0322706
0.0326704
0.03227
0.0322692
0.0322699
0.0322712
0.0322694
0.0322688
0.0322698
0.0322697
0.0326702
0.0322691
0.0322685
0.0322687
0.0322685
0.0322708
0.0322737
0.0322711
0.0326717
0.032271
0.0322708
0.0329063
0.0329079
0.032672
0.0322711
0.0326704
0.0322701
0.0322726
0.0329082
0.0322715
0.0326695
0.0322701
0.0326709
0.0322693
0.0322711
0.0329079
0.0322693
0.0322709
0.0326709
0.0322702
0.0326701
0.0329066
0.0326707
0.0326711
0.0322703
0.032271
0.0329068
0.0326714
0.0322711
0.03227
0.0318778
0.0322673
0.0322713
0.03227
0.0326717
0.0326723
0.0329064
0.0322683
0.0322681
0.0322712
0.0322684
0.0329093
0.032272
0.0333253
0.0337511
0.0340069
0.0329076
0.0329075
0.0322687
0.032909
0.0329075
0.0333246
0.0333257
0.0322693
0.0329086
0.0322702
0.0322714
0.0322709
0.0329065
0.0322688
0.0326722
0.0322701
0.0326718
0.032272
0.0326735
0.0322714
0.0333268
0.0322719
0.03227
0.0329059
0.0326729
0.0322687
0.0322694
0.032271
0.0322704
0.0322708
0.0326694
0.0322715
0.0326707
0.0322684
0.033325
0.0322698
0.0326715
0.0337528
0.0326698
0.0322695
0.0322702
0.0322711
0.0322705
0.032268
0.032268
0.0326692
0.0326723
0.0326723
0.0322711
0.0326725
0.0326707
0.0322706
0.0329081
0.0329083
0.0326717
0.0322704
0.0322703
0.0326706
0.0322716
0.0322681
0.0322711
0.032271
0.0322712
0.0326707
0.0322707
0.033324
0.0326704
0.0329063
0.0329094
0.0322711
0.0333249
0.0322692
0.0322708
0.0322716
0.0329068
0.0329088
0.0322717
0.0322696
0.0322699
0.0333244
0.0322692
0.0333235
0.0322722
0.0322694
0.0326707
0.0322692
0.0322705
0.0329089
0.0322701
0.03227
0.0322705
0.0326723
0.0322692
0.0322709
0.0322701
0.0329065
0.0329106
0.0326719
0.0322685
0.0333266
0.0322701
0.0322707
0.0326708
0.0322714
0.0322699
0.0329091
0.0326723
0.0329062
0.0322662
0.0329069
0.0322724
0.0329082
0.0322711
0.0322689
0.032269
0.0329083
0.032272
0.0326707
0.032671
0.0333224
0.0322695
0.0333239
0.0333237
0.0322716
0.0326703
0.0329073
0.0340083
0.0329105
0.0318783
0.032907
0.0322695
0.0322679
0.0322703
0.0322713
0.0333234
0.0322705
0.0329083
0.034003
0.0329064
0.0322715
0.0322701
0.0326709
0.0326726
0.0322711
0.0322709
0.0322703
0.0322687
0.0329068
0.032673
0.0322708
0.0326725
0.0329081
0.0326712
0.0322695
0.0322707
0.0322682
0.0322706
0.032269
0.0329059
0.0322712
0.0322716
0.0326724
0.0322687
0.0329074
0.032271
0.0322712
0.0326709
0.032269
0.0329064
0.0329068
0.0322701
0.0322717
0.0329086
0.0322692
0.0322726
0.0322707
0.0322702
0.0322701
0.0322704
0.0322708
0.0322683
0.0322692
0.0326712
0.0322707
0.0322704
0.0322717
0.0326701
0.0322674
0.0322709
0.0322697
0.0329078
0.0326726
0.0326726
0.0322685
0.0322707
0.0326731
0.0329069
0.0322688
0.0326718
0.0329083
0.0322713
0.0326723
0.03227
0.0326714
0.0329088
0.0326716
0.0322699
0.0322714
0.0326707
0.032272
0.0322705
0.0329061
0.0329064
0.0340035
0.0329077
0.032671
0.0326729
0.0326703
0.0337533
0.0333237
0.0333257
0.0329077
0.0329082
0.0326686
0.0329093
0.0322714
0.0322687
0.032908
0.0340052
0.0329061
0.0322703
0.032907
0.0333235
0.0322706
0.03227
0.0322673
0.0333245
0.0340051
0.0329066
0.0329054
0.0329074
0.0326713
0.032671
0.0322705
0.0329068
0.0322719
0.0326718
0.0329055
0.0322704
0.0322716
0.033327
0.032271
0.0322709
0.033324
0.0322696
0.0322722
0.0322712
0.0322695
0.0322701
0.032672
0.0329067
0.0322694
0.0326712
0.0322697
0.0322713
0.0322715
0.0326707
0.0322714
0.0322685
0.0329079
0.0322686
0.0326699
0.0322692
0.0326715
0.0337521
0.0349084
0.0346183
0.033484
0.0324173
0.0317792
0.0317783
0.032802
0.0317772
0.0328032
0.0317793
0.0317796
0.032419
0.0317826
0.0317795
0.0317798
0.0321487
0.0317809
0.0317805
0.0317811
0.0321477
0.0317802
0.0317798
0.0317779
0.0317801
0.0317788
0.031779
0.0324211
0.0321482
0.0317803
0.0328022
0.0317812
0.031778
0.0317771
0.0321481
0.0324175
0.0317781
0.0317771
0.0321509
0.0311649
0.0317784
0.0321493
0.0321471
0.0317788
0.0317795
0.0317784
0.0324207
0.0317815
0.0324183
0.0317788
0.0317801
0.0321468
0.0317802
0.0317802
0.0321495
0.0317793
0.0317788
0.0317765
0.0317812
0.0321463
0.0321461
0.0317799
0.0321478
0.0317778
0.0317804
0.0317801
0.0317809
0.0321484
0.032418
0.0317807
0.0324201
0.03178
0.0317806
0.0317766
0.0317808
0.0317795
0.0317808
0.0311629
0.03178
0.0317802
0.0317811
0.0317801
0.0324209
0.0317796
0.0317802
0.0317809
0.0317806
0.0317809
0.0324189
0.0317801
0.0317787
0.0317798
0.0317782
0.0311651
0.0321457
0.032148
0.0317807
0.0311653
0.0321471
0.0317806
0.0324178
0.0324206
0.0317807
0.0324192
0.0324188
0.0317825
0.0321489
0.0317811
0.0317808
0.032149
0.031779
0.0321482
0.0317788
0.0317789
0.0317809
0.0317798
0.0317808
0.0317814
0.0317803
0.0321469
0.0331923
0.0321472
0.0311635
0.0321487
0.0324187
0.0317788
0.0321471
0.0321485
0.0324187
0.0321485
0.0317815
0.0321489
0.0317802
0.0317805
0.0321468
0.031781
0.0317803
0.0317793
0.03178
0.0317808
0.0317821
0.0317806
0.0317801
0.0317801
0.0317815
0.0321492
0.0317811
0.0317811
0.0317794
0.0321491
0.0317796
0.0317798
0.0311659
0.0317794
0.0317795
0.0317797
0.0317795
0.0314201
0.0324186
0.0321496
0.0317799
0.0317815
0.0314188
0.0308177
0.0317805
0.0324202
0.0317811
0.0317813
0.031781
0.0324199
0.0317776
0.0321494
0.0317794
0.0317792
0.0317792
0.0311643
0.0317791
0.0328028
0.0317793
0.0317795
0.0317794
0.0317819
0.0317794
0.0317795
0.0321469
0.0317801
0.0317804
0.0321497
0.0324181
0.0317783
0.032148
0.0328006
0.032147
0.032419
0.0317766
0.0317806
0.0317815
0.0317795
0.0317813
0.0317789
0.0317798
0.0321483
0.0317795
0.0317805
0.0321484
0.0317794
0.032419
0.0317801
0.0317812
0.0321463
0.0317799
0.0317804
0.032149
0.0324172
0.0324188
0.0317755
0.0321479
0.0311644
0.0317802
0.0317808
0.0324186
0.0317808
0.0317802
0.0317797
0.0317816
0.0321479
0.0324218
0.0317798
0.0321468
0.0317819
0.0317792
0.0317789
0.0317788
0.0317797
0.031779
0.0317818
0.0317791
0.0317768
0.0317799
0.0317804
0.0324193
0.0317816
0.0317802
0.0324191
0.0334845
0.0324187
0.0321484
0.0317786
0.0317798
0.0324179
0.0317805
0.0321494
0.0324208
0.0317813
0.0324186
0.0317814
0.0321491
0.0317806
0.0311662
0.0317796
0.0317805
0.0317794
0.0317801
0.0321479
0.0317809
0.0317787
0.0321457
0.0328022
0.0317793
0.0317814
0.0317794
0.0321491
0.0317802
0.0317803
0.0321486
0.0317813
0.0317808
0.0324176
0.0321482
0.0317792
0.0328049
0.0328022
0.0317791
0.031781
0.032419
0.0317807
0.032148
0.0317806
0.0317823
0.0321467
0.0328022
0.0317805
0.0317801
0.0324184
0.0317804
0.0321471
0.0317787
0.0321475
0.0317788
0.0317785
0.0317772
0.0317787
0.0317813
0.0314177
0.0317809
0.0321487
0.0317816
0.0324185
0.0321477
0.0317794
0.0317788
0.0317781
0.0317797
0.0321444
0.0317772
0.0317815
0.0317792
0.0317806
0.0324155
0.0328028
0.0321487
0.0321492
0.0317817
0.0321479
0.031778
0.0317791
0.031782
0.0317802
0.031779
0.0317803
0.0317817
0.0324187
0.0321471
0.0317799
0.0328018
0.0317806
0.0317807
0.031778
0.0317791
0.0317791
0.0317799
0.0317815
0.0324193
0.0324194
0.0317799
0.0317754
0.0317802
0.0317812
0.0317787
0.0317787
0.032418
0.0317794
0.0317811
0.0317777
0.032148
0.03178
0.0324183
0.0324161
0.0321481
0.0331953
0.0321459
0.0317812
0.0317807
0.0317793
0.0317799
0.0324179
0.0317809
0.0317811
0.0317807
0.0321482
0.0317801
0.0317806
0.0317803
0.0317796
0.0321463
0.0317788
0.0317781
0.0317812
0.0317791
0.0311654
0.0317777
0.0317789
0.0317813
0.0324179
0.0328025
0.0324179
0.0317805
0.0317804
0.0317784
0.0317786
0.0317802
0.0317802
0.0317801
0.0317779
0.0317779
0.0314195
0.0317803
0.0321475
0.0317808
0.0317793
0.0321472
0.0317805
0.031781
0.0324204
0.0317802
0.0317778
0.0324197
0.0321488
0.0317787
0.0308175
0.0317806
0.0321478
0.0321492
0.0321475
0.0324168
0.0317804
0.0321484
0.0324183
0.0317773
0.0324191
0.0321471
0.03178
0.0321463
0.0317788
0.0317807
0.0314197
0.0317797
0.0317784
0.0317805
0.0317799
0.0324183
0.0317798
0.0321488
0.0317795
0.0317787
0.0324175
0.0328
0.0317822
0.0317791
0.0317823
0.0317809
0.0324191
0.031781
0.0311655
0.0317784
0.0311648
0.03178
0.0321481
0.0317808
0.0317792
0.0317789
0.0328001
0.0317786
0.0317769
0.0317821
0.0317803
0.0317774
0.0317794
0.0321483
0.0317785
0.0324175
0.0321504
0.0317819
0.0317811
0.0317777
0.0317783
0.0321492
0.0331958
0.0321472
0.0317796
0.0317815
0.0321474
0.031779
0.0317814
0.0317785
0.0321489
0.0321476
0.0317793
0.0324168
0.0317779
0.0317803
0.0317802
0.0324202
0.0321475
0.0317803
0.0324191
0.0321432
0.0317799
0.0317801
0.0311632
0.0317801
0.0321476
0.0317797
0.0317798
0.0321465
0.0331925
0.0321462
0.0324179
0.0317807
0.0321499
0.032149
0.031779
0.0317797
0.0314182
0.0317807
0.0317809
0.031781
0.0324178
0.0334824
0.0324172
0.0317808
0.031781
0.0321479
0.0331927
0.0321471
0.0311655
0.0317808
0.0328025
0.0317808
0.0317789
0.0321478
0.0317793
0.0311639
0.0317763
0.0317807
0.0317803
0.0317803
0.0317777
0.0321484
0.0324201
0.0317807
0.0321484
0.0317797
0.0321486
0.0324188
0.0314193
0.0317802
0.0317786
0.0324176
0.0317785
0.0324199
0.0317814
0.0314201
0.0317805
0.032419
0.0328016
0.0317789
0.0321489
0.0321481
0.0317806
0.0317824
0.0317804
0.0317804
0.0317795
0.0317797
0.0317797
0.0317818
0.0321478
0.0317802
0.0317792
0.0317812
0.0317792
0.0321466
0.0317807
0.0317803
0.0317793
0.0317814
0.031779
0.0324184
0.0334828
0.0324188
0.0317791
0.0317789
0.0317824
0.0317784
0.0317815
0.0317791
0.0317803
0.0317797
0.0321482
0.0317793
0.031778
0.0317792
0.0317799
0.0317807
0.0324177
0.0317798
0.0317812
0.0317796
0.0317807
0.03178
0.0324203
0.031779
0.0321465
0.0317817
0.0317779
0.0317787
0.0324198
0.0314168
0.0324212
0.0321467
0.0317784
0.0317801
0.03178
0.0317789
0.0324184
0.0317815
0.0321494
0.031779
0.0324189
0.0321486
0.0317799
0.0317806
0.0317804
0.0317813
0.0317806
0.0317807
0.0317793
0.0324184
0.0321477
0.0317805
0.0324181
0.0317796
0.0317805
0.0317826
0.0317797
0.0317796
0.0321476
0.0324191
0.0317777
0.0317779
0.0314179
0.031782
0.0317805
0.0317806
0.03178
0.0321466
0.0317816
0.0321486
0.0317805
0.0324204
0.0317784
0.0317782
0.0324203
0.0317796
0.0317813
0.0321468
0.031777
0.0317802
0.0317791
0.03242
0.031779
0.0317796
0.03178
0.0317798
0.0317808
0.0317799
0.0321478
0.0317782
0.0317802
0.0317782
0.031779
0.0317795
0.0321485
0.031781
0.0317804
0.0324174
0.0321464
0.0317797
0.0317807
0.0321478
0.0317801
0.0317785
0.0317792
0.0324183
0.0317787
0.0317801
0.0324196
0.0317798
0.0317802
0.0317784
0.0317786
0.0324197
0.0317801
0.03178
0.0324189
0.0317797
0.0321488
0.0317775
0.0317813
0.0321462
0.0317797
0.0311642
0.0311648
0.0317799
0.0324199
0.0324202
0.0317794
0.0324182
0.0317804
0.0317813
0.0317812
0.0317799
0.0321489
0.0317787
0.0321483
0.03178
0.0317786
0.0317784
0.0317801
0.0317769
0.0324164
0.0317807
0.0321482
0.0311651
0.0317777
0.0317793
0.0317801
0.0317774
0.0317777
0.0317786
0.0317794
0.0317796
0.0324194
0.0314197
0.0324203
0.032419
0.0317804
0.031781
0.0317796
0.0317801
0.0317815
0.0321477
0.0324195
0.033483
0.0324197
0.0317794
0.03178
0.031781
0.0321475
0.0317799
0.0317804
0.0321486
0.0324195
0.0317796
0.0324188
0.0317802
0.0317795
0.031781
0.0321471
0.0328018
0.0317799
0.0317809
0.0317813
0.0317789
0.0314187
0.0317788
0.0321478
0.031782
0.0317797
0.0317785
0.0317811
0.0321488
0.0331933
0.0321475
0.0317801
0.0321479
0.0317802
0.031779
0.0317806
0.0324186
0.0317806
0.0324212
0.0317825
0.0317809
0.0311666
0.0321485
0.0317812
0.0321483
0.0321487
0.0317815
0.0317796
0.0317788
0.0317791
0.0317798
0.0317804
0.0321477
0.0317816
0.0317783
0.0317784
0.0317799
0.0321482
0.0317801
0.0324172
0.0317801
0.0317804
0.0317787
0.0317782
0.0328021
0.0324199
0.0321481
0.0317786
0.0328026
0.0317805
0.0317798
0.0317806
0.0321481
0.0317807
0.0317801
0.0328027
0.0324179
0.0317802
0.0317794
0.031165
0.0317799
0.0317811
0.0317786
0.0317799
0.0317798
0.0317806
0.0314193
0.0317787
0.031782
0.0311629
0.0317799
0.0328026
0.0321483
0.0317809
0.0317792
0.0324168
0.0317798
0.0317811
0.0317788
0.0324198
0.0317824
0.0317802
0.0317809
0.0317798
0.0317792
0.0321494
0.0317788
0.0327991
0.0321465
0.0317797
0.0328032
0.0321493
0.0317787
0.0321469
0.031778
0.0317803
0.0321479
0.0331926
0.0321483
0.0317812
0.0321488
0.0324197
0.0317785
0.0321469
0.0317796
0.0324195
0.032148
0.0317792
0.0317808
0.0317796
0.0317816
0.0317812
0.0317788
0.0317797
0.0317807
0.0317807
0.0317795
0.0321491
0.0324199
0.0324193
0.0317803
0.0324214
0.0317818
0.03178
0.0321484
0.0317807
0.0314182
0.0317794
0.0317801
0.0317809
0.0311655
0.0311635
0.0317792
0.0317793
0.0317807
0.0317806
0.0317792
0.03178
0.0317784
0.0317799
0.0317795
0.0317811
0.0317801
0.0321475
0.0317799
0.0321492
0.0317795
0.0317777
0.0324201
0.0317798
0.0317807
0.0324203
0.0317823
0.0321487
0.0317813
0.0317798
0.0324175
0.0317803
0.0328022
0.0317786
0.0317804
0.0317792
0.0317802
0.0317787
0.0317796
0.0321482
0.0317821
0.0317805
0.0317782
0.0317788
0.0317791
0.0324187
0.0317798
0.0317817
0.0317782
0.0324199
0.031781
0.0317796
0.0324209
0.031782
0.0321489
0.0317811
0.0317795
0.031778
0.032149
0.0317805
0.0324185
0.0314162
0.0317775
0.0317798
0.0317782
0.0314212
0.0317813
0.0317798
0.0317794
0.0321435
0.0321458
0.0317762
0.0317806
0.0317794
0.031417
0.0317774
0.032148
0.0317789
0.0314184
0.0317802
0.0321487
0.0317769
0.0317785
0.0317812
0.0328012
0.0317819
0.0324199
0.0317809
0.0317802
0.0324195
0.032147
0.0317755
0.0321495
0.0317808
0.0317777
0.0317795
0.0321483
0.0317804
0.031779
0.032801
0.0317772
0.0321478
0.0317809
0.0317805
0.0317807
0.0317811
0.0317809
0.0324191
0.031781
0.0317807
0.0317817
0.0317795
0.032149
0.0317797
0.0317802
0.03178
0.0324187
0.0317787
0.0317777
0.0314189
0.0317809
0.0317808
0.0317802
0.0317806
0.0317798
0.0317772
0.0324186
0.0317819
0.0317803
0.0324174
0.0317798
0.0311616
0.0317782
0.0317783
0.0321478
0.0317775
0.0317812
0.0321487
0.0331944
0.0321477
0.0317816
0.0321459
0.0321446
0.0317801
0.0317771
0.0324169
0.0317802
0.0317789
0.0317793
0.0324194
0.0317807
0.0321476
0.0331943
0.0321472
0.0317815
0.0324153
0.0324196
0.0317796
0.0317795
0.0324169
0.0324189
0.0321466
0.0331946
0.032148
0.0317802
0.0324176
0.0317812
0.0317806
0.0317804
0.0324186
0.0321475
0.0317807
0.0317787
0.0321484
0.0311647
0.0317796
0.0317804
0.031779
0.0317788
0.0317808
0.0324195
0.0317809
0.0317802
0.0321478
0.0317795
0.0317792
0.031779
0.0321473
0.0317798
0.0317789
0.0317791
0.0317805
0.0317804
0.0317804
0.0317812
0.0317821
0.031782
0.0327982
0.0317788
0.0317791
0.0311652
0.0317805
0.0317793
0.0317798
0.0317811
0.0321466
0.0317798
0.0317797
0.0317777
0.0317801
0.0321482
0.0328032
0.0324198
0.0317808
0.0317793
0.03178
0.0317796
0.0324186
0.0317802
0.0317809
0.0317791
0.0317803
0.0317793
0.0321472
0.0321484
0.0317802
0.0317806
0.0317801
0.0324196
0.0317795
0.0321491
0.0311652
0.0317785
0.0317812
0.0317802
0.0321467
0.0328027
0.0331964
0.032802
0.0317803
0.03242
0.0317759
0.0324183
0.0317795
0.0321459
0.0317796
0.0317796
0.0317808
0.032418
0.0317804
0.0317807
0.0317798
0.0317801
0.0317815
0.0317821
0.0317779
0.0324189
0.0317812
0.0317787
0.031779
0.0317809
0.0324218
0.0334826
0.0328012
0.0317784
0.0317786
0.0324199
0.032149
0.0317784
0.0317805
0.0311664
0.0321463
0.0317789
0.0317797
0.031779
0.0324199
0.0317808
0.031781
0.0321498
0.0317781
0.0317815
0.0317799
0.0317786
0.0317811
0.0317815
0.0317786
0.0317783
0.0324205
0.0317809
0.0317801
0.0317809
0.0317811
0.0324183
0.0334839
0.0324165
0.0317793
0.031781
0.0317808
0.0328034
0.0317793
0.0321466
0.0317799
0.031777
0.0321471
0.0324181
0.0317806
0.0311658
0.0317807
0.0314194
0.0317823
0.0317809
0.0328021
0.0321443
0.0317803
0.0317798
0.0317821
0.0324201
0.0334834
0.0324196
0.033478
0.0324193
0.0314188
0.0324185
0.0317807
0.0328007
0.0317789
0.0324196
0.0321464
0.0317789
0.0317751
0.0317813
0.0324205
0.0317806
0.0317803
0.0317809
0.031779
0.03242
0.0317794
0.0317789
0.0317781
0.0317781
0.0324215
0.0317798
0.0317793
0.0317797
0.0317815
0.0324198
0.0321499
0.0317793
0.0324193
0.0334835
0.0324192
0.0317803
0.0317817
0.031778
0.0317794
0.032418
0.0317788
0.0317794
0.0317801
0.0324198
0.0324172
0.0321471
0.0317786
0.0317811
0.031781
0.0317799
0.0317801
0.0328032
0.0317797
0.0317808
0.0328019
0.0324172
0.0317779
0.0321477
0.0324202
0.031781
0.031418
0.0317809
0.0324199
0.0334844
0.0331936
0.0328016
0.0317818
0.0314194
0.0317786
0.0311652
0.0314194
0.0324169
0.0317782
0.0317827
0.031778
0.0321471
0.0317786
0.0317812
0.0317814
0.0317807
0.0321455
0.0317783
0.0321461
0.0317795
0.0317789
0.0317797
0.03178
0.0328021
0.0317771
0.0317801
0.0317799
0.031781
0.0324184
0.0317798
0.0317812
0.032419
0.0334831
0.0324201
0.0317809
0.0317802
0.0317756
0.0321478
0.0317798
0.0317758
0.0324195
0.0321492
0.03178
0.0317788
0.03178
0.0317778
0.0321477
0.0317802
0.0321482
0.0321479
0.0317806
0.0317787
0.0324193
0.0317794
0.0317799
0.0317792
0.0317804
0.0321478
0.0317792
0.0314212
0.0317809
0.0317821
0.0324188
0.031779
0.0317795
0.031779
0.0317804
0.0324186
0.0324172
0.0317799
0.0317783
0.0314176
0.0317804
0.0317809
0.0317796
0.0317811
0.0317787
0.0311657
0.0317805
0.0317808
0.0324201
0.0317806
0.0321428
0.0317782
0.031781
0.0317793
0.0324195
0.0321478
0.0317801
0.0317786
0.0317811
0.0324204
0.0317803
0.0317789
0.0317798
0.0317807
0.0317809
0.0317783
0.0317797
0.0317786
0.0317796
0.0317818
0.0317801
0.0317797
0.0317798
0.0317807
0.0317797
0.0321484
0.0331931
0.0321476
0.0317802
0.0317803
0.0317768
0.0324191
0.0321478
0.0328043
0.0317785
0.0317808
0.0317787
0.0317823
0.0317803
0.0317799
0.0317793
0.0317808
0.0317795
0.0328015
0.0317767
0.0317771
0.0317806
0.0321475
0.0324181
0.0317822
0.0321497
0.0317802
0.0324192
0.0317817
0.03178
0.0324163
0.0321475
0.0317811
0.0317822
0.032421
0.03178
0.0314204
0.0317797
0.0317806
0.0328025
0.0324199
0.0317822
0.0317784
0.0321486
0.0317795
0.0311638
0.0317794
0.0314168
0.0317786
0.0317809
0.03178
0.0317789
0.0321482
0.0321486
0.0328013
0.0317763
0.0317793
0.0317814
0.0317773
0.0314215
0.0317803
0.0317802
0.0317789
0.0324206
0.0317808
0.0321475
0.0317806
0.0317812
0.0317795
0.0321486
0.0321501
0.0317807
0.0317804
0.0317782
0.0317811
0.0324175
0.0321483
0.0317801
0.0317801
0.031778
0.0324204
0.0334808
0.0324174
0.031778
0.0324193
0.0317797
0.0317806
0.0317809
0.031163
0.0317813
0.0317795
0.0314186
0.0317788
0.0328039
0.0321483
0.03178
0.0324188
0.0317801
0.0317793
0.0317804
0.0324215
0.0321475
0.0317811
0.031778
0.0317803
0.0311663
0.0317801
0.0317792
0.0328031
0.0317803
0.0317805
0.031781
0.0317791
0.0317725
0.0328006
0.033483
0.032419
0.0324176
0.0317813
0.03178
0.0317806
0.0311652
0.0321465
0.0317792
0.0317794
0.0317814
0.0317794
0.0317799
0.0328031
0.0324183
0.0317814
0.0317817
0.0317776
0.0321487
0.0324172
0.0317782
0.0317802
0.032149
0.0324179
0.0317798
0.0317804
0.0317799
0.0317802
0.0317806
0.0317801
0.032149
0.0317795
0.0324185
0.0317777
0.0317793
0.0317791
0.0324188
0.0317802
0.0317815
0.0324182
0.0317798
0.0317801
0.0317799
0.0317808
0.0321489
0.0317806
0.0317801
0.0317794
0.0324187
0.0321499
0.0331945
0.0328031
0.0317812
0.0321468
0.0328029
0.0334835
0.0324187
0.0317798
0.0317803
0.0324196
0.0317774
0.0317802
0.0321462
0.0321469
0.033194
0.0327998
0.0317796
0.032149
0.0328014
0.0317801
0.0317815
0.0317803
0.0317798
0.0317809
0.0311652
0.0317822
0.0324188
0.0317796
0.0317815
0.0317814
0.0317804
0.0321465
0.0327995
0.0334846
0.0324177
0.0324187
0.0321474
0.0328018
0.0317802
0.0317793
0.0317798
0.0317814
0.0317794
0.0324164
0.0328025
0.03178
0.0317809
0.0324176
0.0321483
0.031781
0.0317792
0.031779
0.0328029
0.0324199
0.0334833
0.0328024
0.0324196
0.0324211
0.0317819
0.0324195
0.0321495
0.0317799
0.0317788
0.032148
0.0321483
0.0324199
0.0317804
0.031166
0.0314183
0.0324177
0.0317801
0.0317794
0.0321478
0.0317815
0.031779
0.0317824
0.0317809
0.0324196
0.0317777
0.0317809
0.0317784
0.0317806
0.0328039
0.031779
0.0317794
0.0317804
0.0317801
0.0317794
0.032149
0.031779
0.0317782
0.0321471
0.0321467
0.0321481
0.0317816
0.0317814
0.0311614
0.0317789
0.0321484
0.0317802
0.0317782
0.0317806
0.0317822
0.0321482
0.03178
0.0317797
0.0317783
0.0324192
0.0317764
0.0321461
0.0317792
0.031779
0.0314202
0.0324203
0.0317796
0.0317796
0.0314177
0.0317798
0.0324196
0.031781
0.0317794
0.0311664
0.0317798
0.0321488
0.0324186
0.0317797
0.0317804
0.0317822
0.0324175
0.0321471
0.0317798
0.0317765
0.0324189
0.0324206
0.0321481
0.0317804
0.0317789
0.0317794
0.031778
0.0317802
0.0317794
0.0328012
0.0317793
0.0317808
0.0321487
0.0321459
0.0321475
0.0317795
0.0317789
0.0324191
0.0317805
0.0317801
0.0314195
0.0317798
0.0317813
0.032419
0.031779
0.0321475
0.0317806
0.0317806
0.031783
0.0317813
0.031781
0.0324217
0.0317808
0.0324177
0.0321469
0.0311643
0.0317806
0.031782
0.0321484
0.0321493
0.0317805
0.0321481
0.0331927
0.032146
0.03178
0.0321475
0.0317782
0.0324186
0.0317803
0.0321481
0.0324191
0.0321485
0.0324197
0.0324192
0.0314219
0.0317784
0.0321492
0.0317794
0.0324188
0.0324196
0.0317784
0.0328004
0.0324199
0.0321487
0.0317805
0.0317802
0.0321464
0.0321461
0.033194
0.0321481
0.0324166
0.0317799
0.0324192
0.0317806
0.0317806
0.0317809
0.0317788
0.0317812
0.0317805
0.0317807
0.0321486
0.0324167
0.0317795
0.0317804
0.0317807
0.03178
0.0321495
0.0324196
0.0317798
0.0317784
0.0321481
0.0324192
0.0317814
0.031779
0.0321476
0.0317801
0.0317822
0.0317809
0.0324164
0.0317795
0.0317786
0.0317777
0.0328017
0.0317796
0.0317812
0.0317793
0.0324187
0.0317786
0.0317803
0.0317816
0.0324183
0.0317798
0.03178
0.0321483
0.0317809
0.0317759
0.0324199
0.0317783
0.0317804
0.0324185
0.0321486
0.0317787
0.0317809
0.0317815
0.0317811
0.0317805
0.0317804
0.0324188
0.0328009
0.031779
0.0317788
0.0317816
0.0324193
0.0324192
0.0321471
0.0331932
0.0321448
0.0321487
0.0317819
0.0317812
0.0317806
0.0317796
0.0321453
0.0317789
0.0317787
0.0328026
0.031781
0.031779
0.0317816
0.0317785
0.0317811
0.0317801
0.0317792
0.0317776
0.0317807
0.0317807
0.031779
0.031778
0.0317794
0.0317809
0.0317808
0.0324195
0.0324166
0.0317808
0.0321471
0.0321489
0.0317816
0.032148
0.031779
0.0317791
0.0317794
0.0317808
0.0317788
0.0324177
0.0317795
0.0317785
0.0317793
0.0317814
0.0317801
0.0317816
0.0321483
0.0317804
0.0317805
0.0321478
0.0317805
0.0324187
0.03178
0.0324187
0.0324163
0.031778
0.031781
0.0317781
0.0317808
0.032422
0.0317795
0.0324172
0.031782
0.0317801
0.0321482
0.0324174
0.0314185
0.0317783
0.0317798
0.0311659
0.0317805
0.0317799
0.03178
0.0317815
0.0317801
0.0317802
0.0314206
0.0317818
0.0324196
0.0317784
0.0317809
0.0317804
0.0317805
0.0324208
0.0317796
0.0321471
0.0317816
0.0317767
0.0317807
0.0317812
0.0317802
0.0321499
0.0317828
0.0314163
0.0324177
0.0321465
0.0317791
0.0317789
0.0321477
0.0317808
0.0317807
0.0324177
0.0317785
0.0317809
0.0317774
0.0317814
0.032802
0.0317808
0.0321484
0.031781
0.0317822
0.0317807
0.0317814
0.0317805
0.031778
0.0317796
0.031781
0.0317781
0.0317803
0.0324177
0.0317801
0.0324189
0.0317804
0.0321471
0.033193
0.0321465
0.0317816
0.0317799
0.0324183
0.0317789
0.032419
0.0317809
0.0317799
0.0324195
0.0317792
0.0317814
0.0317803
0.0321484
0.0317807
0.0317808
0.0317773
0.0317796
0.0317799
0.0317812
0.0317812
0.0317819
0.0317772
0.0317797
0.0321484
0.0321485
0.0321468
0.0324168
0.0317814
0.0317796
0.0317798
0.0317798
0.031779
0.031779
0.0317802
0.0317783
0.0317782
0.031778
0.0317788
0.0317798
0.0317785
0.031779
0.0321482
0.031779
0.0324192
0.0321483
0.0317798
0.0321478
0.03178
0.0317791
0.0317804
0.031781
0.0328003
0.0317771
0.0324185
0.0317748
0.0317782
0.0317809
0.0311654
0.0317806
0.0317763
0.0321464
0.0311647
0.0317787
0.0317791
0.0317802
0.0317799
0.0311654
0.032145
0.0317803
0.0317799
0.031782
0.0317798
0.0324189
0.0317808
0.0317789
0.0321479
0.0331924
0.03431
0.0339835
0.0328886
0.031862
0.0318615
0.0312257
0.0312239
0.030613
0.0312266
0.0312234
0.0312252
0.0312258
0.0318625
0.0315612
0.0312246
0.0312225
0.031226
0.0315607
0.0325689
0.0322118
0.0312244
0.0315607
0.0318598
0.0312259
0.0312265
0.031224
0.0318605
0.0312245
0.0312255
0.031223
0.0312259
0.0312246
0.0312248
0.0312253
0.0318613
0.0312249
0.0308962
0.0312253
0.0308938
0.0312244
0.0312237
0.0312248
0.0312243
0.0312238
0.030613
0.0312255
0.0318632
0.031225
0.0312253
0.0312268
0.031558
0.031224
0.0306116
0.0312264
0.0315604
0.0315603
0.0312254
0.0312235
0.0312222
0.0312237
0.0312251
0.0318605
0.031224
0.0312248
0.0312241
0.0312246
0.0312269
0.0308979
0.0312261
0.0312253
0.0312256
0.0312249
0.0312256
0.0306124
0.0312244
0.0306122
0.0312236
0.0312256
0.0312259
0.0312252
0.0312243
0.0318626
0.0312234
0.0315595
0.0312232
0.0318631
0.0315601
0.0325669
0.0315586
0.0315586
0.0312204
0.0308964
0.0312251
0.031225
0.031225
0.0312261
0.0312248
0.0312265
0.031224
0.0312265
0.0306119
0.0312259
0.0312242
0.0312259
0.0318623
0.0312238
0.03156
0.0312196
0.0315582
0.0312251
0.0312246
0.0315617
0.0318634
0.031225
0.031224
0.0312221
0.0312249
0.0312246
0.0312241
0.0318627
0.0318621
0.0322119
0.0315591
0.0325682
0.0315569
0.0322119
0.0312254
0.0312226
0.0318586
0.0318635
0.0315604
0.0312256
0.0312228
0.0318628
0.0318604
0.0315579
0.0312254
0.030612
0.0312241
0.031225
0.0312248
0.0312237
0.0312253
0.0315608
0.031225
0.0312258
0.031224
0.0312243
0.0315603
0.031226
0.0315613
0.0325621
0.0315608
0.031225
0.0312237
0.0318625
0.0312263
0.0315606
0.0322083
0.0315588
0.0306114
0.0312247
0.0312236
0.0312256
0.0315614
0.0312248
0.0308957
0.0318626
0.031226
0.0312256
0.031862
0.0312255
0.0312254
0.0312255
0.0312249
0.0312265
0.0312229
0.031226
0.030897
0.0312243
0.030895
0.0312221
0.030612
0.0315581
0.0318621
0.0315621
0.0306111
0.0312252
0.0312248
0.0312256
0.0312241
0.0312244
0.0315592
0.0312246
0.0315602
0.0312255
0.031226
0.0312254
0.0318618
0.0318626
0.0312262
0.0315602
0.0312252
0.0312243
0.0318621
0.031226
0.0312256
0.0312245
0.0312248
0.0315619
0.0312255
0.031226
0.0308964
0.0312244
0.0312255
0.0312248
0.0312247
0.0308963
0.0312248
0.0312241
0.0312253
0.0306096
0.0312258
0.0312248
0.031862
0.0318604
0.0328894
0.0318621
0.0308948
0.0312247
0.0315578
0.0312258
0.0312241
0.0312261
0.0312258
0.0312228
0.0318614
0.03156
0.031561
0.0312242
0.0315587
0.0312267
0.0312264
0.0318631
0.0315593
0.0312254
0.0312245
0.0312253
0.0312259
0.0318615
0.0318626
0.0312255
0.0312266
0.0312244
0.0312262
0.0312233
0.0312245
0.031224
0.0308973
0.0312259
0.0315607
0.0312258
0.0318619
0.0312264
0.0318611
0.0315608
0.0312253
0.0312256
0.0312268
0.0318643
0.031225
0.0322102
0.03186
0.0328902
0.0318627
0.0312241
0.0312249
0.0318633
0.0318631
0.0312248
0.0318612
0.0312248
0.0308967
0.0318607
0.031863
0.0312255
0.0315605
0.0312256
0.0312251
0.0312268
0.0318608
0.0322109
0.0328884
0.031862
0.0312231
0.0322095
0.0312235
0.0312233
0.0312249
0.0318601
0.0318612
0.0328879
0.03221
0.0325673
0.0315592
0.0312259
0.0315613
0.0318625
0.0312241
0.0312246
0.0312242
0.0312234
0.0312253
0.0312238
0.0315612
0.0312242
0.0312245
0.0308961
0.0312229
0.0312271
0.0318593
0.0315593
0.0312262
0.031225
0.0308954
0.0312244
0.0312262
0.0312256
0.0312274
0.0312261
0.0315605
0.0312234
0.0312256
0.0312248
0.0312231
0.0312249
0.0318617
0.0312253
0.0312247
0.0318617
0.0312256
0.0312245
0.0312241
0.0318632
0.0312259
0.0312254
0.0312263
0.0312272
0.0312257
0.0315605
0.031226
0.0312258
0.0312249
0.0318628
0.031225
0.0315601
0.0312251
0.0318614
0.0328878
0.0318606
0.0318635
0.031225
0.0312266
0.0308968
0.0312261
0.0312253
0.0315612
0.0312245
0.0312233
0.0318623
0.0312227
0.0312248
0.0312251
0.0312248
0.0315611
0.0312246
0.0306122
0.0315608
0.0318626
0.0318629
0.0312251
0.0312245
0.030896
0.0312244
0.0312264
0.0312258
0.0312213
0.0318629
0.0318621
0.0312253
0.0312238
0.0312253
0.0315613
0.0325677
0.0322118
0.0312247
0.0312261
0.0312221
0.0315594
0.0318594
0.0312243
0.0318622
0.0318619
0.0312243
0.0312241
0.031224
0.0312251
0.0315607
0.0312271
0.031225
0.0312263
0.0312253
0.0312247
0.0322116
0.0312238
0.0318618
0.0312249
0.0312258
0.0318621
0.0312263
0.0315616
0.0312256
0.0312253
0.0312265
0.0312251
0.0318635
0.0312251
0.0312223
0.0308957
0.0312245
0.0318597
0.0318609
0.0315598
0.0312256
0.0312238
0.0312229
0.0312261
0.0312243
0.0318611
0.0318623
0.0312256
0.0312239
0.0312265
0.031227
0.0312237
0.0312254
0.0312248
0.031224
0.0322106
0.0312244
0.0318631
0.0318619
0.0312246
0.0315616
0.0318627
0.0312259
0.0312255
0.031223
0.0302962
0.031223
0.0315601
0.0312255
0.0318618
0.0312255
0.0315607
0.0318627
0.0312228
0.0312256
0.0318612
0.0312236
0.0315615
0.0322121
0.0315588
0.0312249
0.0318609
0.0312261
0.0312245
0.0312264
0.031223
0.031223
0.0315599
0.0315601
0.0312249
0.0312252
0.0308976
0.0312228
0.0312243
0.0312243
0.0312256
0.0318621
0.0328884
0.0318588
0.0312221
0.0315613
0.0318611
0.0312251
0.0306137
0.0312254
0.0312262
0.0315618
0.0312231
0.0322091
0.0312252
0.031224
0.0312224
0.0306123
0.0315589
0.0312265
0.0312249
0.0315606
0.0312251
0.0315596
0.0312248
0.0318625
0.0312264
0.0312227
0.0312245
0.0315601
0.0312244
0.0315614
0.0312255
0.0312256
0.0318639
0.0318633
0.0312258
0.0312245
0.0312256
0.0302981
0.0312248
0.0318614
0.0312237
0.0312256
0.0318615
0.0328858
0.0318619
0.0318622
0.0312263
0.0312258
0.0315583
0.0312251
0.0312228
0.0312262
0.0312258
0.031226
0.0308924
0.0318614
0.0315618
0.0312251
0.0312238
0.0312225
0.0312243
0.0312257
0.0312253
0.0312262
0.0312249
0.0315599
0.031224
0.0315598
0.0312256
0.0312246
0.0312258
0.0318616
0.0328869
0.0318618
0.0312252
0.031225
0.0312252
0.0315597
0.031222
0.0312247
0.031224
0.0312251
0.0312258
0.0315605
0.0322109
0.0312266
0.0306137
0.0312246
0.0315603
0.0312254
0.0318615
0.0312247
0.0318638
0.0318621
0.030895
0.0318621
0.0312247
0.0318621
0.0312261
0.0312258
0.0318625
0.0312254
0.0312245
0.0312248
0.0312257
0.0312262
0.0315596
0.0312247
0.0312266
0.0312256
0.031225
0.031226
0.0312258
0.03156
0.0312248
0.0315608
0.0312224
0.0315583
0.0312239
0.0306129
0.0312238
0.0315581
0.0312249
0.0312244
0.0312253
0.0312261
0.0312256
0.0318612
0.0312231
0.0315598
0.0315613
0.0312244
0.0315591
0.032568
0.0315618
0.0318624
0.031225
0.0312259
0.031226
0.0312259
0.0318626
0.0322111
0.0328903
0.0318608
0.0315626
0.0315596
0.0312231
0.0312259
0.0312251
0.0312246
0.0312258
0.0312267
0.0312248
0.0322107
0.0325652
0.0315582
0.0312258
0.0318624
0.0318618
0.0322114
0.0312258
0.0318607
0.0312258
0.0318641
0.0312258
0.0312258
0.0312252
0.0318631
0.0318638
0.031225
0.0312246
0.0315619
0.0312238
0.0312245
0.0318615
0.031227
0.031225
0.0312245
0.0318608
0.0312257
0.0312248
0.0312258
0.031861
0.0312243
0.0312258
0.0312245
0.0312249
0.031225
0.0312252
0.0312242
0.0312251
0.0318614
0.0312258
0.0312248
0.0312239
0.0318615
0.0312237
0.031225
0.0312251
0.0312266
0.0312238
0.0308962
0.0312239
0.0318573
0.0318618
0.0312267
0.031225
0.0308951
0.0312243
0.0312241
0.0312241
0.0318631
0.0312253
0.0312228
0.031561
0.0325679
0.031557
0.0312239
0.0315581
0.0312245
0.0318626
0.031224
0.0308962
0.030895
0.0312235
0.0315605
0.0312258
0.0312241
0.0312207
0.0312212
0.0306128
0.0312256
0.0312254
0.0312249
0.0312257
0.030895
0.031223
0.0312261
0.0318618
0.0312238
0.0312237
0.0318624
0.0312261
0.0315609
0.0312253
0.0312257
0.0315596
0.0315613
0.0315598
0.031226
0.0312259
0.0312261
0.0312243
0.0312259
0.0312241
0.0312266
0.0322104
0.0312244
0.0312249
0.0315607
0.0312248
0.0318613
0.0312247
0.0308976
0.0318629
0.0322135
0.0312246
0.031861
0.0315595
0.0312227
0.0312267
0.0315616
0.0312249
0.0312254
0.0318617
0.0312235
0.0312228
0.031225
0.0312244
0.0318604
0.0315612
0.0318623
0.0315579
0.0312253
0.0312258
0.0312241
0.0315602
0.0306121
0.0312261
0.0312269
0.0312268
0.0312257
0.031224
0.0318619
0.0312236
0.0318608
0.0312249
0.0312253
0.0312251
0.0315595
0.031561
0.0312255
0.0312247
0.0312259
0.0318609
0.0312254
0.0315624
0.0312267
0.0312225
0.031225
0.0312247
0.0318625
0.0312254
0.0312234
0.0308988
0.031225
0.0312266
0.0318622
0.031226
0.0312259
0.0312255
0.0312258
0.0312258
0.0312253
0.0312253
0.0315611
0.0312258
0.0312248
0.0318629
0.0312254
0.0312244
0.0312252
0.0312245
0.0312253
0.0312272
0.030612
0.0312258
0.0318599
0.0318627
0.0312249
0.0312251
0.0318622
0.0308961
0.0312252
0.0318582
0.0312239
0.0312271
0.0315616
0.0312259
0.0312249
0.0312263
0.0312246
0.0312226
0.0315606
0.031561
0.0312257
0.0318629
0.0312246
0.0312231
0.0312241
0.0312266
0.0318616
0.0312262
0.0322108
0.0312235
0.0312254
0.0312239
0.0312254
0.0312244
0.0312235
0.0312265
0.0318604
0.0315581
0.0312264
0.0312249
0.031227
0.0312248
0.0312234
0.0312234
0.0312272
0.0318606
0.0312249
0.0312236
0.0312234
0.0312255
0.0308976
0.0312224
0.0312225
0.0312237
0.0312257
0.0312257
0.0318634
0.0312246
0.0312257
0.031225
0.0312242
0.0306126
0.0312244
0.031226
0.0312252
0.0312238
0.0318632
0.0315601
0.0322104
0.0312234
0.0318621
0.0312268
0.0312254
0.031226
0.0318614
0.0318625
0.0312225
0.0312244
0.0312242
0.0312217
0.031859
0.0312273
0.0312248
0.0312251
0.031222
0.0318613
0.0312259
0.0312249
0.0312248
0.0312254
0.0312248
0.0306133
0.0312262
0.0312256
0.0312246
0.0312254
0.0312238
0.0315588
0.0312256
0.0315615
0.031225
0.0318624
0.0312245
0.0312242
0.031225
0.0302971
0.0312266
0.0306111
0.0315592
0.0312258
0.03156
0.0312268
0.0312259
0.0312249
0.0312254
0.0302956
0.0312218
0.0312231
0.0312247
0.0312243
0.0312262
0.0318619
0.0312268
0.030894
0.0312264
0.0306107
0.0308975
0.0312243
0.031224
0.0312237
0.0315626
0.0312249
0.0322118
0.0312254
0.0312261
0.0312248
0.0308948
0.0312274
0.0312251
0.0318629
0.030897
0.0312253
0.031859
0.0328905
0.0318625
0.0312246
0.0312241
0.0312249
0.0312247
0.0312234
0.0312259
0.0312263
0.0315601
0.0312258
0.0315607
0.0318641
0.0312275
0.0312263
0.031861
0.0312272
0.0312259
0.0318623
0.0312252
0.031225
0.0318616
0.0312263
0.0318634
0.0312249
0.0306112
0.0312254
0.0312241
0.031861
0.0312236
0.0318616
0.0312256
0.031863
0.0312235
0.0312251
0.0318626
0.0312247
0.0312269
0.0312264
0.031225
0.031226
0.031227
0.0312251
0.0312256
0.0315606
0.0318599
0.0315582
0.0312239
0.031863
0.0315607
0.0312255
0.0312247
0.0308945
0.0318611
0.031556
0.0318593
0.0312218
0.0315602
0.0312234
0.0312251
0.031225
0.0315608
0.0312249
0.0306127
0.0308975
0.0312259
0.0312243
0.0318623
0.0312254
0.0312254
0.0312257
0.0312259
0.0312264
0.0315583
0.0312244
0.0308966
0.0308969
0.031224
0.0312244
0.0312256
0.0306126
0.0312261
0.0315581
0.0312242
0.0312254
0.0312257
0.030894
0.031225
0.0318624
0.0312249
0.0318603
0.0312248
0.0312243
0.0312245
0.0306108
0.0312259
0.0312257
0.0318609
0.031559
0.0312243
0.0312247
0.0312241
0.0318627
0.0312245
0.0312244
0.031225
0.0318628
0.0315612
0.0312235
0.0315606
0.0312254
0.0312243
0.0322103
0.0328884
0.0318624
0.0312242
0.0315604
0.0312254
0.0312256
0.0318603
0.0312235
0.031226
0.0312261
0.0315597
0.0312245
0.0312238
0.0312261
0.0312231
0.0312239
0.0312226
0.0312218
0.0312243
0.0308955
0.0318627
0.0312238
0.031225
0.0318607
0.0312248
0.0318635
0.03156
0.0312251
0.0312254
0.0315611
0.0318639
0.0312248
0.0322116
0.0312249
0.0318618
0.0308954
0.0312248
0.0318605
0.0312251
0.0306122
0.0312246
0.0312256
0.0312254
0.0306138
0.031225
0.0312243
0.0312226
0.0312251
0.0312246
0.0312257
0.0312243
0.0312242
0.0312243
0.0318622
0.0312236
0.0312254
0.0308975
0.0312263
0.0318626
0.0318606
0.0312224
0.0312244
0.0312241
0.0315601
0.0312242
0.0318638
0.0312262
0.0312245
0.031225
0.031224
0.0315602
0.0306141
0.0312254
0.0312245
0.0318609
0.0312263
0.0312244
0.0308963
0.0312247
0.0312263
0.0308971
0.031226
0.0312258
0.0318617
0.0315605
0.0312244
0.0315598
0.0312263
0.031227
0.0312268
0.0312252
0.0312246
0.0312247
0.0312225
0.0312265
0.0312243
0.0315598
0.0312247
0.0318595
0.0312241
0.0315597
0.0322119
0.0312257
0.031561
0.0325668
0.0315594
0.0312253
0.0312228
0.0312252
0.0312247
0.0315573
0.0312258
0.0306111
0.0312241
0.0312238
0.031225
0.0318638
0.0312266
0.0315591
0.0318621
0.0328895
0.0318634
0.0312271
0.0312263
0.0312259
0.0312254
0.0312246
0.031225
0.0312236
0.0306118
0.0312251
0.031226
0.0312258
0.0312267
0.0312257
0.0312237
0.0318626
0.0315613
0.0312272
0.0318637
0.0312244
0.0306127
0.0312258
0.0312256
0.0312255
0.0312258
0.0322104
0.0318626
0.0315596
0.0322114
0.0315607
0.0312254
0.0312237
0.0318603
0.0312266
0.0312267
0.0312257
0.0318617
0.0318612
0.0315602
0.0312246
0.0312254
0.031227
0.0318608
0.0312238
0.0312256
0.0312257
0.0312255
0.0312242
0.0312255
0.031862
0.0318639
0.0312255
0.0318628
0.0308952
0.0312259
0.0312264
0.0312243
0.0312244
0.0312248
0.0318624
0.0312261
0.0312241
0.0312231
0.0312269
0.031225
0.0312243
0.0312269
0.0312262
0.0312261
0.032211
0.0315592
0.0312259
0.0318616
0.0312244
0.0312258
0.0308927
0.0312264
0.0312236
0.0312259
0.031224
0.031223
0.0315613
0.0312243
0.0315582
0.0312242
0.0312264
0.0312243
0.0306132
0.0312254
0.0302974
0.0312236
0.0312245
0.0315612
0.0312266
0.0312251
0.0318627
0.0312252
0.0312236
0.0312247
0.0315619
0.0312242
0.0312268
0.0312259
0.0315613
0.0312262
0.0312258
0.031227
0.030896
0.0312265
0.0318603
0.0308957
0.031226
0.0312248
0.0312252
0.0308973
0.0318609
0.031225
0.0312239
0.0312257
0.0312239
0.0312245
0.031226
0.0312231
0.0312229
0.0312253
0.0312247
0.0312249
0.0315605
0.0318611
0.0328886
0.0322116
0.0312258
0.031559
0.031863
0.0312263
0.0318622
0.0312268
0.0312255
0.031561
0.0312219
0.0312246
0.0312224
0.0312247
0.0318612
0.0328898
0.0322116
0.0312263
0.0312242
0.0312255
0.0312254
0.032211
0.0312242
0.0308958
0.0312252
0.0312249
0.0312253
0.0312243
0.0312239
0.0306116
0.0312235
0.0312236
0.0312254
0.0312264
0.0312237
0.0312237
0.0312249
0.0312264
0.0312246
0.0312254
0.0312251
0.0312267
0.0315584
0.0312238
0.0312247
0.0306117
0.031224
0.0308969
0.0312257
0.0312261
0.0312244
0.0322091
0.031558
0.0312242
0.0312259
0.0315605
0.0312258
0.0312259
0.0312257
0.0312253
0.031559
0.0312255
0.0312236
0.0312248
0.0312249
0.0318619
0.0308981
0.0306137
0.0312244
0.0315601
0.0318615
0.0312259
0.0312237
0.0312252
0.0312259
0.0312277
0.0312241
0.0312239
0.0315597
0.0318618
0.0312254
0.0312249
0.0318619
0.0312261
0.0312243
0.0312257
0.0312261
0.0312245
0.0312233
0.0312242
0.0312255
0.0318607
0.0312253
0.0312245
0.0312245
0.0318626
0.0312254
0.0322113
0.031561
0.0312239
0.0312254
0.0312254
0.0312238
0.0312255
0.0315606
0.0315606
0.0315607
0.0312247
0.0318597
0.0312255
0.0315607
0.0315595
0.0315589
0.0325674
0.0315603
0.0312259
0.0312239
0.0312247
0.0315598
0.0315595
0.0312241
0.0306133
0.0312241
0.0318604
0.0315597
0.0312236
0.0312245
0.0312232
0.0306107
0.031226
0.0312239
0.0318624
0.0312262
0.031561
0.0312264
0.0322122
0.0312262
0.0312255
0.031225
0.0312244
0.0312249
0.0312243
0.0306116
0.0306129
0.0312254
0.0312261
0.0318618
0.0312251
0.0312256
0.0306115
0.0312244
0.0312246
0.0306132
0.0312255
0.0312234
0.0315593
0.031225
0.0312234
0.0315593
0.0318639
0.0312243
0.0312261
0.0312252
0.0318604
0.0315606
0.0318634
0.0318611
0.031225
0.0312253
0.0315617
0.0312245
0.0315599
0.0312239
0.031224
0.0315602
0.0315611
0.0312247
0.0312242
0.0312241
0.0312251
0.0312245
0.0318629
0.0312252
0.0312243
0.0315597
0.0315601
0.0312262
0.0312265
0.0312275
0.0315596
0.0315598
0.0312249
0.0306115
0.0312268
0.0308962
0.0318627
0.0312262
0.0315615
0.0312251
0.0312244
0.0312237
0.0315588
0.0312259
0.0308949
0.031224
0.0312245
0.031226
0.0312241
0.0312233
0.0315603
0.0318622
0.0315602
0.0312257
0.0312267
0.0312253
0.0312238
0.0318623
0.0312258
0.0315607
0.0312251
0.0312231
0.0315612
0.0312245
0.0312272
0.0322116
0.0312254
0.0312235
0.030896
0.0312244
0.0312256
0.0315601
0.0312267
0.0312262
0.0312227
0.0315604
0.031223
0.0322115
0.0312232
0.0318616
0.0312249
0.031226
0.0306124
0.0306128
0.0312252
0.0318626
0.0328885
0.0318614
0.0318606
0.0312247
0.0315602
0.0312254
0.0302963
0.0312244
0.0312249
0.0312256
0.0312249
0.0312246
0.0312255
0.0312233
0.0306119
0.0312259
0.0308972
0.0312233
0.0312241
0.0318619
0.0328884
0.0318611
0.031225
0.0312252
0.0306126
0.0312252
0.0312266
0.0312269
0.0315596
0.0312265
0.0315624
0.031561
0.0318617
0.0318631
0.0318624
0.0312245
0.0315597
0.0318621
0.0312242
0.0315584
0.0306112
0.0312252
0.0318603
0.0312252
0.0312258
0.0312263
0.0318626
0.0312241
0.0315616
0.0312245
0.031223
0.0312253
0.0312236
0.0312264
0.0312243
0.0312224
0.0315587
0.0312239
0.0312255
0.0318623
0.0315586
0.0312236
0.0312227
0.0315602
0.0312245
0.0312252
0.0312252
0.0302946
0.0312247
0.0312249
0.0312226
0.0312244
0.0312247
0.0312255
0.0312228
0.0312261
0.0312261
0.0312267
0.0312247
0.0308942
0.0312252
0.0315598
0.0312253
0.0312261
0.031226
0.0312254
0.0312242
0.0312238
0.0312248
0.0312249
0.0312226
0.0312262
0.0312264
0.0315601
0.0318592
0.0315591
0.0318606
0.0312255
0.0312243
0.0312216
0.0318625
0.0322119
0.031861
0.0312264
0.0312265
0.0312257
0.0312253
0.0315612
0.0312247
0.0315603
0.0318602
0.0312249
0.0312252
0.0308966
0.031224
0.03156
0.0315602
0.0312235
0.0312249
0.0312235
0.0312249
0.0315606
0.0318603
0.0312237
0.0312256
0.0318596
0.0312249
0.0318622
0.0312252
0.0312259
0.0315605
0.0325667
0.0315595
0.0312244
0.0318629
0.0308941
0.0308923
0.0312236
0.0312269
0.031227
0.0312247
0.0312233
0.0312254
0.0315604
0.0312225
0.0312252
0.0312246
0.0315598
0.0312256
0.0312235
0.0312264
0.0312255
0.0312262
0.031226
0.0306128
0.0312245
0.030612
0.0312254
0.0312246
0.0315594
0.0312229
0.0312258
0.0312221
0.0318601
0.031225
0.0312251
0.0312273
0.0312255
0.0318637
0.0312258
0.0312264
0.0312235
0.0318611
0.0312252
0.0312243
0.0312245
0.0312266
0.0312249
0.0306133
0.0312255
0.0318618
0.0315613
0.0315605
0.0312241
0.0312271
0.031226
0.0312256
0.0308956
0.0312256
0.0312248
0.0315585
0.0312259
0.0312262
0.0312247
0.0312247
0.0312246
0.0315618
0.0312255
0.0312259
0.0312261
0.0322126
0.0312255
0.031225
0.031226
0.0315596
0.0312273
0.0312278
0.0318633
0.0312233
0.0308924
0.0312228
0.0318625
0.0322091
0.0312246
0.0312258
0.0312228
0.0312264
0.0315593
0.0315605
0.0312244
0.0318595
0.0312249
0.0312237
0.0312267
0.0312253
0.0312263
0.0315615
0.0315597
0.0312257
0.0312255
0.0312258
0.0312255
0.0312258
0.0312255
0.0312254
0.0312242
0.0312258
0.0312246
0.0318609
0.0312241
0.0315604
0.031224
0.0312266
0.0315587
0.0325675
0.0315605
0.0312255
0.0318625
0.0315587
0.0312247
0.0318605
0.0312228
0.0312242
0.0318604
0.0312243
0.0318629
0.0312243
0.0312268
0.031227
0.0308961
0.0312254
0.0312259
0.0308955
0.0308972
0.0312271
0.0315607
0.0312261
0.031226
0.0322116
0.0312241
0.0312245
0.0318603
0.0312219
0.0315626
0.0312246
0.0312248
0.0308952
0.0312258
0.0312263
0.0312213
0.0312243
0.0312245
0.0318627
0.0312243
0.0312255
0.030614
0.030897
0.0312237
0.0312254
0.0318621
0.0315592
0.0312263
0.0312231
0.0312252
0.0308958
0.0312266
0.0312246
0.030612
0.0312263
0.0308957
0.0312243
0.0312256
0.0315605
0.0325701
0.0315607
0.0312243
0.0312221
0.0315585
0.0315609
0.031224
0.031226
0.0315605
0.0306126
0.0312245
0.0312265
0.0312242
0.031225
0.0312265
0.0312266
0.0312245
0.0318627
0.0318629
0.0312242
0.0312237
0.0312257
0.0312235
0.0312249
0.0315607
0.0318618
0.0312254
0.031225
0.0312249
0.0312247
0.0312255
0.0312245
0.0322109
0.0318629
0.0312262
0.0318604
0.0312242
0.0312261
0.0318624
0.0312231
0.0312227
0.031863
0.0328884
0.0318604
0.031223
0.0315613
0.0325668
0.0315616
0.0312226
0.0312228
0.031559
0.0312253
0.0308985
0.031224
0.0312252
0.0318623
0.0312257
0.0312232
0.0312248
0.0312259
0.0315601
0.0312252
0.0315579
0.0322112
0.0312245
0.0322108
0.0312251
0.0318622
0.0318624
0.0312256
0.0318622
0.0315597
0.0312257
0.0312256
0.0312266
0.0312238
0.0312241
0.0312238
0.031225
0.0312261
0.0312237
0.0312245
0.0312203
0.0312235
0.0312242
0.030897
0.0318619
0.031863
0.0312257
0.0322093
0.031224
0.0312245
0.0312247
0.0312251
0.0312237
0.0312235
0.0306117
0.0308956
0.0318624
0.030897
0.0312251
0.0312263
0.0318606
0.0318626
0.0312266
0.0312258
0.0315605
0.0318634
0.0312259
0.0312238
0.0312244
0.0312257
0.0312243
0.0312225
0.0312244
0.0312243
0.0312234
0.0312244
0.0312261
0.0315597
0.0325686
0.03364
0.0332817
0.0322298
0.031557
0.0309122
0.0309142
0.0312432
0.0306114
0.0306126
0.0312429
0.030613
0.0306105
0.030611
0.031243
0.0306117
0.0315587
0.030609
0.0306121
0.0312434
0.0306114
0.031243
0.0306103
0.0306107
0.0306098
0.0306102
0.0309124
0.0306106
0.0312431
0.030612
0.0306129
0.0309139
0.0312406
0.0306108
0.030611
0.0306101
0.0312435
0.0312418
0.0306117
0.030914
0.0312422
0.0306127
0.0306113
0.0312435
0.0322294
0.0315582
0.031243
0.0306127
0.0312419
0.0306091
0.0306118
0.0303134
0.0306116
0.0306092
0.030608
0.0309134
0.0312435
0.0306116
0.0312427
0.0306126
0.0306104
0.0315565
0.0315576
0.0306115
0.0312434
0.0306124
0.0312447
0.0306114
0.0306104
0.0306125
0.0306114
0.0306109
0.0306125
0.0306121
0.0306112
0.0312414
0.031558
0.0306109
0.0306111
0.0306079
0.0309138
0.0306113
0.030611
0.0306085
0.0306104
0.0306111
0.0303107
0.0312438
0.0306116
0.0309146
0.0306105
0.0306097
0.0309145
0.0306135
0.0306096
0.030612
0.0306121
0.0312433
0.0306108
0.0306119
0.0306087
0.0306127
0.03061
0.0306106
0.0312452
0.0306106
0.0306122
0.0312434
0.0306118
0.0312421
0.0312442
0.030612
0.030914
0.0318795
0.0309132
0.030613
0.0312418
0.0306115
0.0306123
0.0306111
0.0309134
0.0306104
0.0306083
0.0306117
0.030914
0.0309133
0.0306112
0.0306119
0.0312419
0.0306125
0.0306082
0.0306099
0.0312431
0.0306108
0.0306124
0.0306117
0.0306116
0.0306101
0.0300026
0.0306101
0.0306102
0.0306103
0.0309159
0.0312429
0.0309144
0.0306125
0.0306114
0.0309153
0.0306117
0.0306111
0.0312412
0.0306122
0.0315569
0.0306122
0.0306109
0.0306117
0.0306094
0.0312407
0.0306135
0.0309142
0.03061
0.0312423
0.0306105
0.0306103
0.030612
0.0306117
0.0306123
0.0309137
0.0312416
0.0306105
0.0306117
0.0309127
0.031876
0.0309129
0.0306123
0.0306094
0.0315572
0.030612
0.0306099
0.0306115
0.0306119
0.0306127
0.0312427
0.0306069
0.0312412
0.030915
0.0306124
0.0306094
0.030611
0.0309134
0.0306103
0.0306118
0.0309151
0.0309123
0.0306122
0.0303117
0.0306098
0.0306108
0.0306097
0.0312403
0.0306111
0.0306119
0.0306109
0.0306082
0.0306102
0.0309141
0.0306115
0.0306121
0.0309154
0.0306106
0.0306106
0.030314
0.031242
0.0306107
0.0309132
0.03061
0.03061
0.030611
0.0309118
0.0306112
0.0306108
0.0306117
0.0306118
0.0306125
0.0312435
0.0309165
0.0306122
0.0312415
0.030611
0.0306115
0.0306107
0.0306129
0.0306118
0.030005
0.03061
0.0306093
0.0306108
0.0309151
0.0306126
0.0306113
0.0315589
0.0309138
0.0306074
0.0306105
0.0303149
0.0306121
0.0309149
0.031244
0.0312401
0.0309141
0.0312414
0.0312431
0.0306091
0.0306102
0.0306088
0.0306129
0.0309129
0.0312421
0.0306125
0.0306108
0.0306127
0.0306109
0.030611
0.0306114
0.0306119
0.0306107
0.0306118
0.0306112
0.0300021
0.0306141
0.0312421
0.0306121
0.0306096
0.0309146
0.0315591
0.0309144
0.0306111
0.0306116
0.0306122
0.0306116
0.0303136
0.030612
0.0306114
0.0309138
0.0306113
0.0309153
0.0306104
0.0312435
0.030612
0.0306124
0.0306122
0.0306115
0.0306103
0.0306099
0.0306094
0.031242
0.0306126
0.0306127
0.0306114
0.0306106
0.0303137
0.0306095
0.0312412
0.0309134
0.0309162
0.0309144
0.0306111
0.0306111
0.0306122
0.0306126
0.030315
0.0306123
0.0312426
0.0306114
0.0306095
0.0306087
0.0306108
0.0312417
0.032229
0.0315579
0.0312424
0.0312409
0.0306106
0.0309163
0.0306121
0.0306113
0.0306105
0.0306133
0.0306105
0.0306114
0.0306084
0.030916
0.0309146
0.0309144
0.0306126
0.030609
0.0306104
0.0312435
0.030611
0.0315579
0.031243
0.0306107
0.0306119
0.0306119
0.0306115
0.0306109
0.0306103
0.0306111
0.0312436
0.0306119
0.0306118
0.0312443
0.0312441
0.0309137
0.0306105
0.0312428
0.0306121
0.0306122
0.0303154
0.030613
0.0306108
0.0306114
0.0303137
0.0300045
0.0306102
0.03061
0.0312404
0.0306111
0.0309142
0.0318818
0.0309155
0.030612
0.0309134
0.0318786
0.0315599
0.0306122
0.0306112
0.0306099
0.0306128
0.0306119
0.0306115
0.0312441
0.0306129
0.0306122
0.0309128
0.0306104
0.0306109
0.0306101
0.0306106
0.0306122
0.0315591
0.0309136
0.0306123
0.0306099
0.0306114
0.0306109
0.0309155
0.0306115
0.0312426
0.0306125
0.0312439
0.0306113
0.0306116
0.0306105
0.0306108
0.0306108
0.0306115
0.0306105
0.030606
0.0303125
0.0312437
0.0322297
0.0312437
0.03061
0.0309142
0.0306122
0.0306108
0.0306114
0.0306112
0.0309141
0.0306116
0.0309143
0.0306107
0.0309162
0.030611
0.0306102
0.0306103
0.0306115
0.0315588
0.0306114
0.030613
0.0312432
0.0306108
0.0309139
0.0306113
0.0309154
0.0318801
0.0309128
0.0309136
0.0318814
0.0309139
0.0315592
0.0306132
0.030613
0.0300043
0.0306113
0.0312432
0.0309133
0.0306103
0.0306103
0.0306131
0.0309144
0.0312437
0.0306114
0.0306114
0.031241
0.0306122
0.0309146
0.0309135
0.0315573
0.0306093
0.031242
0.0306097
0.0306066
0.0312425
0.0306127
0.0306122
0.0306106
0.0306115
0.0306114
0.03061
0.0306088
0.0306106
0.0306112
0.0306106
0.0309116
0.0306108
0.0309128
0.0306118
0.0312389
0.0322303
0.0312427
0.0309143
0.0306113
0.0312434
0.0306104
0.0306119
0.0306125
0.0306118
0.0309145
0.0318806
0.0315593
0.0306101
0.030916
0.0306119
0.030612
0.0306113
0.0306119
0.030611
0.0306106
0.0306102
0.0315599
0.0312431
0.0306119
0.0306105
0.0306115
0.0306129
0.0312421
0.0306102
0.030612
0.0306118
0.0312426
0.0312421
0.0312442
0.0306109
0.0306106
0.0315568
0.0306108
0.0309146
0.0318791
0.0309127
0.030611
0.0306118
0.0306105
0.0306086
0.0306108
0.0306122
0.031241
0.0306055
0.0306102
0.0306135
0.0315607
0.0306088
0.0306114
0.0306109
0.0306108
0.030914
0.030612
0.0306102
0.0315548
0.0306111
0.0306123
0.030913
0.0306108
0.0312428
0.0322305
0.0312419
0.0306112
0.0306101
0.0306105
0.0306111
0.0306117
0.030612
0.0309148
0.0312431
0.0306095
0.0306115
0.031241
0.0306106
0.0306108
0.0300056
0.0309156
0.0312426
0.03061
0.0309143
0.0306115
0.0312437
0.0322296
0.0312399
0.0315569
0.0306099
0.0309143
0.0312446
0.0306106
0.0306112
0.0306117
0.0306108
0.03061
0.0306125
0.0312431
0.0306118
0.0303132
0.0312425
0.0312436
0.031559
0.0312437
0.0306112
0.0306087
0.0309157
0.0306117
0.0312439
0.0306116
0.03061
0.0303121
0.0312427
0.0309144
0.0306086
0.0306109
0.0306111
0.030608
0.0306118
0.0309149
0.0306118
0.0306111
0.0306115
0.0309153
0.0306093
0.0306102
0.0306114
0.0306106
0.0312406
0.0306103
0.0309131
0.0312407
0.0306118
0.0315576
0.0306092
0.0306104
0.030612
0.0306127
0.0306114
0.0309131
0.0312432
0.0306125
0.0306063
0.0312423
0.0306118
0.0312435
0.0306125
0.0306106
0.0312421
0.0306114
0.0306099
0.030915
0.0306097
0.0306114
0.0306108
0.0306123
0.0309139
0.0312398
0.0309135
0.0312425
0.0306117
0.0306114
0.0309135
0.0318802
0.0315585
0.030611
0.0306104
0.0306108
0.0312417
0.0306118
0.0312435
0.0312401
0.0322297
0.0312431
0.0306089
0.0306085
0.0306108
0.0306098
0.0300043
0.0306113
0.0306125
0.0306127
0.0306126
0.0312427
0.031243
0.0306114
0.0306117
0.0306123
0.0306113
0.0306111
0.0306117
0.0306093
0.0312414
0.0306116
0.0306127
0.0312426
0.0309151
0.0318806
0.0309156
0.0306124
0.03061
0.0312427
0.0306125
0.0306108
0.0300034
0.0306104
0.0306108
0.0312423
0.0322299
0.0315594
0.030611
0.0303123
0.0306118
0.0306135
0.0306103
0.0306114
0.0306105
0.0309148
0.0306143
0.0306105
0.0309145
0.0306121
0.0312427
0.030611
0.0306097
0.0306121
0.0306102
0.0312435
0.0306113
0.0306117
0.0315593
0.031243
0.0315597
0.0312427
0.0322282
0.0312398
0.0306104
0.0309138
0.0300041
0.0306111
0.0315571
0.0306105
0.0306112
0.0312433
0.0306116
0.0306111
0.030612
0.0306108
0.0306114
0.0306113
0.0306114
0.0306122
0.0309175
0.0306098
0.0309156
0.0306108
0.0312434
0.0306108
0.0306107
0.0306104
0.0306114
0.0306122
0.0306099
0.0306109
0.0306121
0.0312441
0.0312428
0.0306119
0.0306127
0.0306111
0.0306103
0.0306105
0.0306116
0.0303118
0.0306101
0.0312409
0.0306107
0.0306121
0.0312434
0.0306118
0.0306116
0.0306091
0.0306118
0.0312401
0.0309141
0.0306093
0.0312409
0.0306104
0.0306115
0.0312427
0.0309146
0.0312421
0.0306112
0.0306116
0.0306069
0.0306111
0.031244
0.0306102
0.0309153
0.0306121
0.0306105
0.0312413
0.0303147
0.0312422
0.0306115
0.0312442
0.0312414
0.0306116
0.0306109
0.0306111
0.0312431
0.0309153
0.0309146
0.0312426
0.0306108
0.0309151
0.0309127
0.0306101
0.0306103
0.0303138
0.0306103
0.0309118
0.0306117
0.0309147
0.0306116
0.0306103
0.0309144
0.0309125
0.0306108
0.0309156
0.0306102
0.0309144
0.0306094
0.030611
0.0312435
0.0306117
0.0309116
0.0318819
0.0309143
0.0306124
0.0306102
0.0312439
0.0303119
0.0312435
0.0306104
0.0306089
0.0306107
0.0306126
0.0312426
0.0306081
0.0306096
0.03061
0.0306081
0.0315591
0.031559
0.0322293
0.031556
0.0306122
0.0312431
0.0306121
0.0315583
0.0318794
0.0309126
0.030611
0.0306107
0.031244
0.0306108
0.0306106
0.0312426
0.030611
0.0303139
0.0306108
0.030311
0.0306086
0.0306096
0.0306111
0.0306119
0.0306124
0.0306129
0.0306112
0.0306103
0.0303119
0.0306109
0.0309159
0.030612
0.03061
0.0306117
0.0306108
0.0306105
0.0312423
0.0312443
0.030611
0.0312422
0.0306131
0.030612
0.0306117
0.0306108
0.0306093
0.0303115
0.0312421
0.0306106
0.0306115
0.0312413
0.0306113
0.0306129
0.0306104
0.0306114
0.0309152
0.03061
0.0306114
0.0312431
0.0309152
0.0315591
0.0318791
0.030914
0.0306109
0.0312438
0.0306104
0.0306122
0.030612
0.0306113
0.0312441
0.0312428
0.0306103
0.0306102
0.0306106
0.0306142
0.0309159
0.0309157
0.030612
0.0306097
0.0315574
0.0306112
0.0306128
0.0306124
0.0306103
0.0306112
0.0306112
0.0312422
0.0312435
0.0312431
0.0312408
0.0312437
0.0306107
0.030612
0.0306106
0.0306118
0.030914
0.030613
0.0312434
0.0312428
0.030609
0.0306118
0.0306132
0.0306111
0.0306095
0.0312435
0.0306122
0.0306122
0.0312423
0.0306107
0.0306107
0.0306104
0.0312391
0.0306113
0.0306119
0.0309155
0.0306113
0.0306097
0.0312411
0.0306104
0.0306103
0.0306096
0.0306117
0.0306114
0.0309122
0.0306124
0.0312436
0.0306113
0.0306112
0.0306113
0.0306113
0.0306112
0.0312422
0.0306126
0.0312416
0.030611
0.0306124
0.0306105
0.0309148
0.0312428
0.0303106
0.0300025
0.0306124
0.0306114
0.0312421
0.0303132
0.0306114
0.0309151
0.0306128
0.031244
0.0306118
0.0312418
0.0306107
0.0309142
0.0306123
0.0306129
0.0306111
0.03061
0.0306105
0.0309138
0.0306122
0.0306123
0.0306128
0.0306124
0.0306109
0.0309118
0.0306115
0.0306109
0.0306094
0.0309148
0.0312433
0.0306117
0.0306123
0.0306121
0.0306115
0.0312425
0.0309131
0.031244
0.030612
0.0306085
0.0309136
0.0312419
0.0322298
0.0312421
0.0306118
0.0312435
0.0306117
0.0306116
0.0315572
0.0306125
0.030611
0.0306119
0.0306107
0.0303083
0.0306105
0.0309142
0.0306102
0.0309159
0.0306112
0.0306121
0.0306117
0.030612
0.0315574
0.0309134
0.0309152
0.0306102
0.0312417
0.0306114
0.0315598
0.031244
0.0315599
0.0322272
0.0312431
0.0309148
0.030612
0.0300057
0.0309137
0.0306092
0.0306119
0.0306061
0.0303135
0.0312401
0.0312428
0.0312445
0.0306118
0.0306117
0.0312424
0.0306121
0.030612
0.0306136
0.0312441
0.0306105
0.0306109
0.0306103
0.0315585
0.0309143
0.0312428
0.0303138
0.0312415
0.0306122
0.0306121
0.0309148
0.03188
0.0309128
0.0306116
0.0306122
0.0306107
0.0306118
0.0309146
0.0306113
0.0306099
0.0315591
0.0322299
0.0312424
0.0309147
0.0306118
0.030612
0.030612
0.0306088
0.0312429
0.0306119
0.0309151
0.0309141
0.0306105
0.031243
0.0312426
0.0306103
0.0306107
0.0306108
0.0303129
0.0306113
0.0312426
0.0306118
0.0306124
0.0306119
0.0309139
0.0312427
0.0322292
0.031242
0.0306108
0.0306106
0.0306117
0.0306118
0.0306117
0.0306118
0.0306113
0.0309135
0.0306109
0.0306132
0.0306121
0.030611
0.0306089
0.0315576
0.0306113
0.031559
0.0306102
0.0306127
0.0306122
0.0306113
0.0306125
0.0306111
0.0309138
0.0312427
0.0306107
0.0306112
0.0306083
0.0306106
0.0306125
0.0315586
0.0312435
0.031242
0.0306126
0.0309154
0.0306092
0.0309126
0.0306092
0.0312415
0.0303109
0.0306106
0.030314
0.0306116
0.0306115
0.0306135
0.0306122
0.0312438
0.0312418
0.0306118
0.0312412
0.0306099
0.0300052
0.0306096
0.0306074
0.0306127
0.0306112
0.0309147
0.0309139
0.0309138
0.0312426
0.0309144
0.0309137
0.0306114
0.0309159
0.030611
0.0306104
0.0309142
0.031244
0.0306086
0.0306109
0.0306125
0.0312406
0.0306134
0.0306103
0.0306108
0.0306112
0.0306064
0.0306118
0.0306123
0.030608
0.0306075
0.0309136
0.031243
0.0309147
0.0312419
0.0306113
0.0312412
0.030611
0.0312445
0.0306117
0.030611
0.030612
0.0309122
0.0306118
0.0306121
0.0306116
0.0306098
0.0306137
0.030916
0.0312426
0.030611
0.0309138
0.0306072
0.0306101
0.0306122
0.0309163
0.0309144
0.0306089
0.0306084
0.0315566
0.0322301
0.0312421
0.0312415
0.0306108
0.0306084
0.03061
0.0309137
0.0309142
0.0309149
0.0306116
0.0306116
0.0312428
0.0306105
0.030612
0.0306105
0.0312426
0.0306115
0.030611
0.0306112
0.0306109
0.030612
0.0312424
0.0306128
0.0306117
0.0306114
0.0306098
0.0312426
0.0315586
0.030611
0.0309152
0.0306111
0.0306122
0.0309136
0.0306114
0.0312403
0.0309147
0.0315561
0.0312439
0.0306101
0.0309132
0.030612
0.0306108
0.0306114
0.0312412
0.0306113
0.0312428
0.0322273
0.0312424
0.030611
0.030609
0.0312429
0.0312438
0.0306134
0.0303124
0.0300024
0.0306113
0.0306124
0.0312422
0.0306113
0.0312418
0.0306096
0.0306091
0.0312425
0.0306107
0.030915
0.0306092
0.0306083
0.0306102
0.0306123
0.0312425
0.0306102
0.030612
0.0306118
0.0312431
0.031242
0.0309139
0.0312433
0.0312438
0.0312417
0.0309159
0.0306122
0.030612
0.0312431
0.0306112
0.0309143
0.0306107
0.0306113
0.030611
0.0306114
0.0306095
0.0306112
0.0306108
0.0309142
0.0306116
0.0306127
0.0306117
0.0306109
0.0306096
0.0309113
0.0306109
0.0309142
0.0306116
0.0306107
0.0312431
0.030611
0.0309124
0.0312439
0.0309161
0.0306123
0.030613
0.0309146
0.0306086
0.0306097
0.0309134
0.03061
0.0312421
0.030612
0.0303154
0.0306106
0.0306081
0.0306114
0.0306089
0.030612
0.0312415
0.0306089
0.0309128
0.0306106
0.0306111
0.0312421
0.0306108
0.0306058
0.0306115
0.0306108
0.0306108
0.030314
0.0306114
0.0306117
0.0306116
0.0315595
0.0306095
0.0306109
0.0312414
0.0306092
0.0306103
0.0309151
0.0312441
0.0315602
0.0306128
0.0309154
0.0318806
0.0309155
0.0306107
0.031243
0.0306103
0.0306121
0.0306118
0.0306112
0.0309141
0.0306092
0.0306122
0.0312446
0.0306114
0.0306111
0.0306111
0.0309142
0.0306127
0.0303141
0.0306119
0.0312432
0.0312436
0.03061
0.030612
0.0306106
0.0312431
0.0306116
0.0306126
0.0309122
0.0306117
0.0309137
0.030612
0.0306101
0.0306119
0.0306099
0.0306127
0.0306128
0.0306118
0.0306126
0.0309153
0.0300042
0.0306111
0.0306096
0.0306107
0.0306113
0.0303138
0.0300045
0.0306132
0.0312424
0.0309138
0.0306127
0.0309145
0.0312432
0.0312413
0.03061
0.0306109
0.0312397
0.0312422
0.0306117
0.0306103
0.030605
0.0306085
0.0306122
0.0312432
0.0306119
0.0312431
0.0306135
0.0306132
0.030613
0.0312417
0.0306107
0.0306118
0.0312421
0.0306096
0.030611
0.0312427
0.0306105
0.0306121
0.0312427
0.03156
0.0306119
0.0306114
0.0309145
0.0306112
0.0306119
0.0306112
0.0312433
0.0306116
0.0306086
0.0306111
0.0306091
0.0309146
0.030611
0.0306102
0.0312425
0.0306113
0.0306116
0.0303141
0.0306096
0.030609
0.0306111
0.0306101
0.0315607
0.0309136
0.0306106
0.0306119
0.0309162
0.0306081
0.030611
0.0306105
0.0306108
0.0306116
0.0306115
0.0306116
0.0306113
0.0306112
0.0306081
0.0306118
0.0312424
0.0309143
0.0306092
0.030611
0.0306128
0.0306114
0.0309136
0.0306138
0.0306128
0.0306139
0.0306118
0.0309133
0.0306115
0.0312427
0.0309154
0.0306123
0.0306126
0.0306101
0.0306101
0.0306108
0.030613
0.0306111
0.0306127
0.0306097
0.0306107
0.0306128
0.0306132
0.0312433
0.0306107
0.0306107
0.0306113
0.030612
0.0306099
0.031243
0.0312393
0.0322292
0.0312431
0.0306108
0.0306119
0.0306097
0.0306119
0.0306122
0.0303148
0.030609
0.0306102
0.031244
0.0306085
0.0306109
0.0306129
0.0306119
0.0306111
0.0309139
0.0306114
0.0312435
0.0312413
0.0309154
0.0306116
0.0306109
0.0312435
0.0306117
0.0306115
0.030611
0.0306121
0.0306099
0.0315574
0.0306125
0.0312418
0.0306114
0.0306106
0.0306108
0.0312384
0.0306106
0.0306096
0.0315577
0.0306122
0.0312442
0.0312418
0.0306119
0.0306107
0.0306117
0.0312418
0.0306118
0.0312424
0.030612
0.0306119
0.0306115
0.0309143
0.0306121
0.0312434
0.0309139
0.0309134
0.0309143
0.0318803
0.0315587
0.0306119
0.0309147
0.0309145
0.0306112
0.030611
0.0312413
0.0306104
0.031242
0.0303106
0.0306114
0.0306082
0.0306113
0.0306127
0.0306121
0.0309135
0.0306119
0.0315595
0.0322291
0.0312411
0.0309138
0.0309155
0.0306104
0.030611
0.0306105
0.0312416
0.0312418
0.0306098
0.0306097
0.0306102
0.0306117
0.030612
0.0306087
0.0306124
0.0306133
0.0306108
0.0306122
0.0312429
0.0303139
0.0312432
0.030611
0.0306102
0.0315569
0.0306094
0.0306112
0.03061
0.0306102
0.0303122
0.030611
0.0306116
0.0306087
0.0306106
0.0315583
0.0306121
0.0309116
0.0306093
0.0309144
0.0306105
0.030913
0.031241
0.030611
0.0309151
0.0309157
0.0306112
0.0312431
0.0322298
0.0312429
0.0306131
0.0306127
0.0306125
0.0309139
0.0306126
0.0306102
0.0306111
0.0309121
0.0306115
0.0306114
0.030004
0.0306112
0.0306137
0.0309144
0.0309142
0.0306108
0.0309151
0.0306121
0.0312442
0.03061
0.0306105
0.031558
0.0312415
0.0312429
0.0306103
0.0312423
0.0306114
0.0306113
0.0312413
0.0306111
0.0306115
0.0306119
0.0306084
0.0306117
0.0306121
0.0312449
0.0306125
0.0312419
0.0306101
0.0312405
0.0306117
0.030611
0.030612
0.031243
0.0306096
0.0306108
0.0306107
0.0312412
0.0306108
0.0306112
0.030611
0.030314
0.0306103
0.0306095
0.0312426
0.0309153
0.0306115
0.0306113
0.0306108
0.0312429
0.0315586
0.0306112
0.0312434
0.0306083
0.0315575
0.0309121
0.0306096
0.0303125
0.0306107
0.0312401
0.0322296
0.0315587
0.0306107
0.0306108
0.0309143
0.0306121
0.0312387
0.0312435
0.0303131
0.0306113
0.0303124
0.0306081
0.0306113
0.0306113
0.0306119
0.0312432
0.0306121
0.0306106
0.0312435
0.0315562
0.0306123
0.0309119
0.030612
0.0312433
0.030612
0.0306124
0.0312446
0.031243
0.0306106
0.0306124
0.030611
0.0309149
0.0306113
0.0306094
0.0309147
0.0306105
0.0312425
0.030913
0.0306125
0.0306124
0.0306116
0.0306114
0.0306124
0.0306105
0.030612
0.0312424
0.0312417
0.0306125
0.0309153
0.0312417
0.0306112
0.030611
0.0306095
0.0300037
0.0306111
0.030611
0.0309137
0.0306102
0.0306098
0.0306097
0.0309133
0.0312421
0.0306112
0.0315592
0.030611
0.0306108
0.0306117
0.0306107
0.0312432
0.0309131
0.0306099
0.0306111
0.0312423
0.0309144
0.0309136
0.0306125
0.0306115
0.0306111
0.0309145
0.0306122
0.0306101
0.0312419
0.0306118
0.031242
0.0306098
0.0306102
0.0309133
0.0306125
0.0306114
0.0306114
0.0306121
0.0306112
0.0306111
0.0306119
0.0306103
0.0306118
0.0312418
0.0306118
0.0306111
0.0309135
0.0306113
0.0306105
0.0306121
0.0312439
0.0306103
0.0315597
0.0306112
0.0306119
0.0306109
0.0306111
0.0312428
0.030611
0.0312427
0.0312429
0.0306108
0.0306106
0.0312418
0.030611
0.0306104
0.0306108
0.0306103
0.0306115
0.0306115
0.0306117
0.0312442
0.0306114
0.0306102
0.0312437
0.0309152
0.0306074
0.03061
0.0306118
0.0306095
0.0309146
0.030611
0.0306109
0.0312438
0.0309144
0.0306099
0.0309142
0.0306113
0.0312412
0.0306123
0.0309143
0.0306115
0.0309148
0.0306116
0.0312424
0.0312424
0.0303138
0.0306117
0.0312449
0.031559
0.0315579
0.0306104
0.0306105
0.030611
0.0306126
0.0309143
0.0306092
0.031243
0.0312434
0.0322305
0.031243
0.0306082
0.0312423
0.0309135
0.0306098
0.0306088
0.0312427
0.0306121
0.030611
0.030315
0.0306095
0.0306082
0.0306109
0.0312416
0.0306124
0.0306126
0.030613
0.0303146
0.0312432
0.0309141
0.031244
0.0322284
0.031241
0.0306123
0.0306128
0.0309118
0.0306111
0.0306073
0.0306099
0.0306108
0.0306122
0.0309152
0.0309148
0.0306097
0.0306109
0.0309139
0.0309143
0.030611
0.0309143
0.0306129
0.0312425
0.0306118
0.0306121
0.0300033
0.0306104
0.0306106
0.0306127
0.031243
0.0306106
0.0306116
0.0306116
0.0309136
0.030912
0.0312415
0.0306125
0.0312429
0.0306123
0.0306104
0.0312423
0.0306114
0.0306108
0.0306108
0.0306127
0.0309149
0.0306081
0.0312398
0.0322291
0.0312418
0.0306099
0.0312434
0.0306106
0.02972
0.0306111
0.030612
0.0306101
0.0303108
0.0306125
0.0306128
0.03061
0.0306072
0.0312431
0.0306118
0.0306108
0.030611
0.0306107
0.0306124
0.0312431
0.0306116
0.0306099
0.0306121
0.0309146
0.0306121
0.0306114
0.0303122
0.0306128
0.0306117
0.0309138
0.0306105
0.0309134
0.0318812
0.0309133
0.0306105
0.0306112
0.0306119
0.0306124
0.0309136
0.0306107
0.0306122
0.0309143
0.0306114
0.0306124
0.0306116
0.0306107
0.030613
0.0309133
0.0306124
0.0306127
0.0306107
0.0306117
0.0315588
0.0318797
0.032908
0.0325227
0.0315198
0.030576
0.0296855
0.0299527
0.0299511
0.029954
0.0299529
0.0302261
0.0302259
0.0299539
0.0299519
0.0299523
0.0299539
0.0299533
0.0293546
0.0302269
0.0299533
0.0299541
0.0299539
0.0299527
0.0299524
0.0299527
0.0299521
0.0299525
0.0299531
0.0299525
0.0299526
0.0299526
0.0302246
0.0299534
0.0299533
0.0299521
0.0299521
0.0299539
0.0299531
0.0299525
0.0299535
0.0299523
0.0299529
0.0299513
0.0299514
0.0299534
0.0299537
0.0299526
0.0299542
0.0302243
0.0299524
0.0302248
0.0305756
0.0299535
0.0293549
0.0299533
0.0299527
0.0299516
0.0299528
0.0302254
0.0293543
0.0299542
0.0299538
0.0305749
0.0305744
0.0299522
0.0305748
0.0299541
0.0299529
0.0299532
0.0302243
0.0299537
0.0299533
0.0299529
0.0299537
0.0296857
0.0299534
0.0299527
0.0302253
0.0299519
0.0299543
0.0305777
0.0299535
0.0299521
0.0299539
0.0299548
0.0305759
0.0302251
0.0305738
0.0299512
0.0293556
0.0299526
0.0299536
0.0299546
0.0299523
0.0299519
0.0302252
0.0299545
0.0305762
0.0299527
0.0299521
0.0302242
0.0299539
0.0299526
0.0302254
0.0302247
0.0311477
0.0302225
0.0299525
0.0299507
0.0299507
0.0299531
0.0299533
0.0305762
0.0299524
0.030576
0.0299547
0.0299519
0.0299508
0.0299522
0.0299534
0.0302254
0.0302231
0.0311454
0.0302246
0.0299529
0.0299538
0.0299536
0.0293536
0.0299539
0.0302264
0.029355
0.0302248
0.0299528
0.0299526
0.0293546
0.0299542
0.0299526
0.0299538
0.0299516
0.0299529
0.0299526
0.0302242
0.0293534
0.0302248
0.0302241
0.0299526
0.0299521
0.0299536
0.0299515
0.0299533
0.0299534
0.0296852
0.0299506
0.0302246
0.0299534
0.0299528
0.0299523
0.0299513
0.0308578
0.0315212
0.0308582
0.0299535
0.0302247
0.0299509
0.030576
0.0299527
0.0299526
0.029952
0.029953
0.029953
0.0299509
0.0299527
0.0302256
0.0299542
0.0299526
0.0299534
0.0299537
0.0299525
0.0305768
0.0299512
0.0302248
0.030576
0.0299536
0.0299532
0.0299544
0.0299525
0.0299521
0.029952
0.0299537
0.0302255
0.0299514
0.0302237
0.0305771
0.0302253
0.0299535
0.0299515
0.0299519
0.0299516
0.0299527
0.0299516
0.0299532
0.0305765
0.0315206
0.0308602
0.0299528
0.030577
0.029955
0.0299485
0.0305766
0.0299539
0.0302253
0.0302248
0.0299515
0.029952
0.0299525
0.0302252
0.0299531
0.0302235
0.0311478
0.0302251
0.0299533
0.0293557
0.029954
0.0299535
0.0299526
0.0299547
0.0299528
0.0299533
0.0299535
0.0299535
0.0299514
0.0299527
0.0299529
0.0299535
0.0299525
0.0299521
0.0299533
0.0299542
0.0299524
0.0293535
0.0299531
0.0293539
0.0299536
0.0299523
0.0299528
0.0293551
0.0299511
0.0293548
0.0293558
0.0299527
0.0299534
0.0299548
0.0293541
0.0293547
0.0299549
0.0305769
0.0299532
0.0299535
0.0302251
0.0299533
0.0299527
0.0299507
0.0296843
0.029954
0.0299527
0.0302249
0.029953
0.029954
0.029954
0.0299529
0.0299533
0.0299547
0.0293537
0.0299508
0.0299533
0.0302243
0.0293557
0.0299536
0.0299527
0.0299505
0.0299526
0.0305782
0.0305761
0.0299532
0.0302233
0.0299516
0.0299518
0.030224
0.0293535
0.0302243
0.0299533
0.0299527
0.0299527
0.029355
0.0299542
0.0299536
0.0299517
0.0305761
0.0302233
0.0293554
0.0299531
0.0293552
0.0299528
0.0299522
0.0308593
0.0299525
0.029954
0.029355
0.0299532
0.0299538
0.029953
0.0293538
0.029953
0.0299521
0.0299536
0.0302252
0.0299541
0.0299529
0.0299528
0.0302257
0.029952
0.0299521
0.0299538
0.0299518
0.029954
0.0308599
0.0302249
0.0299549
0.0299539
0.0299528
0.029952
0.0299514
0.0299519
0.0299531
0.0305762
0.0315211
0.0305762
0.0299549
0.0302247
0.0305757
0.0299496
0.0299544
0.0299522
0.0299525
0.0299497
0.0296862
0.0305746
0.0302241
0.029953
0.0293548
0.0293548
0.0299537
0.0299534
0.0299538
0.0299526
0.0302257
0.0293557
0.0299529
0.0305765
0.0299536
0.030575
0.0302252
0.0293549
0.0293516
0.0299527
0.0302261
0.0299532
0.0299531
0.0299514
0.029953
0.0296851
0.0299512
0.0299496
0.0299518
0.0299542
0.0299499
0.0299534
0.0299517
0.0305768
0.0315178
0.0305727
0.0299508
0.0299519
0.0299534
0.0299536
0.0299503
0.0299527
0.029952
0.0299522
0.029954
0.0299518
0.0299535
0.0299514
0.0302228
0.0299523
0.0299535
0.0299536
0.0299519
0.0299521
0.0299549
0.0296851
0.0305756
0.0299529
0.0299522
0.0305757
0.0299533
0.0305749
0.0299523
0.0299537
0.0299532
0.0299534
0.0299509
0.0305759
0.0302219
0.029352
0.0299531
0.0302256
0.0299515
0.0305759
0.0299542
0.0302259
0.029952
0.0299518
0.0299521
0.0296851
0.0296828
0.0299544
0.0296853
0.0299548
0.0305758
0.0302243
0.0311487
0.0302243
0.0299528
0.029953
0.0299521
0.0305769
0.0299526
0.0299526
0.0299516
0.0305756
0.0299524
0.0293549
0.029954
0.0305771
0.0299517
0.0299512
0.0299529
0.0299545
0.0299523
0.0302241
0.0293533
0.0299532
0.0299531
0.0299546
0.0293571
0.0299542
0.030225
0.0302238
0.0302246
0.0299525
0.0293544
0.0299517
0.0299533
0.0299535
0.0293556
0.0302271
0.0299512
0.0299514
0.0302251
0.0299541
0.029356
0.0299523
0.0299531
0.0299527
0.0293549
0.0302238
0.0299526
0.0302226
0.0299542
0.0299546
0.0308585
0.0311475
0.0302243
0.0305749
0.0315211
0.0305728
0.0299519
0.0299492
0.0299528
0.030224
0.0302238
0.0305769
0.0305777
0.0299541
0.0299538
0.0299521
0.0302255
0.0299528
0.030575
0.0305765
0.0302217
0.0299521
0.0299531
0.0299538
0.0305753
0.0299541
0.0302229
0.0293529
0.0299525
0.0308609
0.0299526
0.0299525
0.0299515
0.0302239
0.0299513
0.0299527
0.0302256
0.0299524
0.0299523
0.0293546
0.0299537
0.0299519
0.0299516
0.0302232
0.0299541
0.0299534
0.0299516
0.0299532
0.0299523
0.0308598
0.0299534
0.0299526
0.0299507
0.0299541
0.0299543
0.0299526
0.0299514
0.0293555
0.0299535
0.0299527
0.0302242
0.0305749
0.0299534
0.0299521
0.0299539
0.0305757
0.0299554
0.0296863
0.029953
0.029954
0.0305763
0.0299528
0.0302252
0.0305748
0.029952
0.0302236
0.0299533
0.0299543
0.030225
0.0302239
0.0299505
0.0299537
0.0299528
0.0299523
0.0302189
0.0293562
0.0299545
0.0299521
0.0302243
0.0299542
0.0293523
0.0302249
0.029953
0.0293531
0.0302258
0.0299533
0.0299515
0.0302236
0.0299529
0.0305763
0.029953
0.0305754
0.0299531
0.0299544
0.029952
0.0305747
0.0302248
0.0305765
0.029955
0.0302255
0.0299528
0.0299522
0.0299523
0.0299531
0.0299525
0.0299536
0.0302239
0.0305737
0.0302252
0.0299526
0.0305743
0.0302238
0.0305756
0.0299518
0.0299523
0.0299518
0.0302242
0.0302234
0.0302241
0.0299531
0.0299537
0.0302246
0.0299529
0.0302251
0.0299517
0.0299527
0.0305733
0.0308596
0.0302233
0.0299522
0.0302249
0.0299518
0.0299525
0.0305762
0.0302234
0.0311483
0.0302241
0.0302255
0.029354
0.029953
0.0305765
0.0299536
0.0299534
0.0299535
0.0299533
0.029953
0.0299528
0.0299517
0.0305742
0.0299531
0.0302234
0.0299528
0.0302241
0.0302246
0.0299515
0.029952
0.0305765
0.0299536
0.0302247
0.0299519
0.0299523
0.0302249
0.0293546
0.0299539
0.0299515
0.0299534
0.0299535
0.029954
0.0299529
0.0305766
0.0299513
0.0299527
0.0302231
0.0299528
0.029952
0.0302239
0.0299523
0.0299537
0.0299529
0.0296863
0.0299521
0.029951
0.0299531
0.0299517
0.0302254
0.0311466
0.0302224
0.0302247
0.0299534
0.0299533
0.029353
0.0299526
0.0302253
0.0308584
0.0299523
0.0305753
0.0302247
0.0299529
0.0305774
0.0299525
0.0302243
0.0299535
0.029954
0.0299539
0.0293526
0.0299532
0.0299529
0.0299534
0.0299541
0.0302247
0.0302245
0.0299507
0.0299514
0.0299545
0.0299529
0.0299536
0.0299528
0.0299535
0.0299528
0.0299524
0.0302252
0.0299528
0.0302246
0.0299529
0.0299534
0.0305759
0.0299522
0.0305744
0.0299527
0.029953
0.0302237
0.0299531
0.0299531
0.0302258
0.0302243
0.0293544
0.0302232
0.0299538
0.0299526
0.0299515
0.0299525
0.0305738
0.0299522
0.0305747
0.0299522
0.0302241
0.0299537
0.0305764
0.0302245
0.0299519
0.0293543
0.0299545
0.0305765
0.0299539
0.0305765
0.0299545
0.0299536
0.0293531
0.0299516
0.0302242
0.0299546
0.0299541
0.029355
0.0299525
0.029953
0.0299519
0.0299527
0.030225
0.0299541
0.0302237
0.0299542
0.0299529
0.0299525
0.0299519
0.0299542
0.0293555
0.029953
0.0299528
0.030576
0.0302247
0.0302243
0.030225
0.0299538
0.029954
0.0299535
0.0299515
0.02995
0.0305763
0.0299525
0.0299523
0.029952
0.0299537
0.0302254
0.030225
0.0299533
0.0302226
0.0311455
0.0302231
0.0299539
0.0302257
0.0299536
0.0302226
0.0293544
0.0299539
0.0299533
0.0305754
0.0302254
0.030225
0.029954
0.0299532
0.0299526
0.029954
0.0299536
0.0299516
0.0299538
0.0299504
0.0299523
0.0299535
0.0302261
0.0305746
0.0299538
0.0299532
0.0302267
0.0305767
0.0302245
0.0293545
0.0299514
0.0299534
0.0299522
0.0302258
0.030225
0.029954
0.0299538
0.0296857
0.0305751
0.0299533
0.0299532
0.0299526
0.0299532
0.0302257
0.0299532
0.0299537
0.0299541
0.0302248
0.0299538
0.0293547
0.0299523
0.0305775
0.0299516
0.0293544
0.0299537
0.0308589
0.0299517
0.0299541
0.0299534
0.0299536
0.0299515
0.0299506
0.0305758
0.0305765
0.0302261
0.0302252
0.030575
0.0299535
0.029953
0.0299549
0.0305763
0.0299532
0.0299503
0.0299542
0.0299545
0.029953
0.0299524
0.0305754
0.0308607
0.0299537
0.0293537
0.0302249
0.0302253
0.0299531
0.0299543
0.0299514
0.0299527
0.0299514
0.0299538
0.029953
0.0299518
0.0302239
0.0299539
0.0305757
0.0299527
0.0290936
0.0293523
0.0296869
0.0305762
0.0299517
0.0299532
0.0299542
0.0299522
0.0302242
0.0299516
0.0299532
0.0305767
0.0299531
0.0299537
0.0296857
0.0299535
0.0299531
0.0299534
0.0302224
0.0299531
0.0302246
0.0299522
0.0299531
0.0299537
0.030224
0.0299516
0.0299525
0.0299527
0.0299533
0.0299523
0.0299529
0.0305757
0.0305772
0.0299535
0.030223
0.0299526
0.0299536
0.0302247
0.031145
0.0302243
0.0311486
0.0302252
0.030575
0.0299516
0.0302229
0.0311464
0.0308579
0.0305765
0.0299533
0.0302254
0.0299515
0.0299525
0.0299539
0.0299532
0.0299503
0.0299539
0.0299533
0.0293544
0.0302238
0.0302252
0.0299532
0.0299543
0.0299526
0.0299538
0.0305757
0.0315187
0.0305769
0.0308607
0.0302254
0.0299527
0.0299527
0.0299545
0.0299516
0.0299529
0.0302224
0.030577
0.0302255
0.029954
0.0299529
0.0299534
0.0308582
0.0315205
0.0305742
0.0299504
0.0305759
0.0302251
0.0299531
0.029952
0.0299504
0.029954
0.029953
0.0305752
0.0315182
0.0305757
0.0299528
0.0293543
0.0299537
0.0302243
0.0302245
0.029952
0.0299525
0.0302256
0.0305761
0.0305765
0.0299531
0.0302232
0.0299535
0.0299548
0.0299534
0.0299501
0.0302246
0.0299534
0.0296843
0.0299529
0.0305751
0.0315219
0.0308598
0.0299521
0.0299531
0.0299529
0.0305762
0.0299538
0.0302259
0.029954
0.0299539
0.0299535
0.0299523
0.0305755
0.0299527
0.0299531
0.0299538
0.0299549
0.029953
0.0299534
0.0293541
0.0293528
0.0299529
0.030225
0.0299513
0.0299537
0.0299515
0.0299534
0.0299539
0.0299529
0.0308587
0.0305775
0.0299537
0.0302258
0.0302255
0.0302231
0.0299525
0.0299536
0.0299535
0.029953
0.0299531
0.0299534
0.0302247
0.0299526
0.0305764
0.0299527
0.0299526
0.0302251
0.0299519
0.0290936
0.0299536
0.0302237
0.0299526
0.0299533
0.0299541
0.0299522
0.0302237
0.0299523
0.0299531
0.0299539
0.0299542
0.0299533
0.0305752
0.0302261
0.0299531
0.0299536
0.0302253
0.0299536
0.0299538
0.0305763
0.0305744
0.0299526
0.0299537
0.029953
0.0299521
0.030225
0.0299525
0.0305753
0.0299525
0.0293546
0.0302259
0.0299537
0.0299533
0.0293551
0.029954
0.0299538
0.0302238
0.0299537
0.0299509
0.0302243
0.0302182
0.0311461
0.0308586
0.0299537
0.029952
0.0299536
0.0302245
0.0299527
0.0299535
0.0305746
0.0299538
0.0299552
0.0299522
0.0299525
0.0299511
0.0299517
0.029354
0.0302238
0.0299533
0.029953
0.0305776
0.0299527
0.0299527
0.0293555
0.0299541
0.0299531
0.0299542
0.0290951
0.0299539
0.0299534
0.0299519
0.0305747
0.030225
0.0299543
0.0299524
0.0299539
0.0299534
0.0305753
0.0299527
0.0302235
0.0299499
0.0299528
0.029953
0.0296849
0.0299523
0.0305759
0.0299517
0.030225
0.0302251
0.0299534
0.0299523
0.0302246
0.0299538
0.0293545
0.0299526
0.0299515
0.0302257
0.0299524
0.0293549
0.0299542
0.0305739
0.0299536
0.0299534
0.030223
0.0305745
0.0299519
0.0293544
0.029955
0.0299537
0.0299535
0.0299525
0.0299532
0.0299535
0.0299531
0.0299515
0.0296843
0.0305771
0.0299526
0.0308602
0.0299536
0.0299538
0.0299512
0.0299501
0.0299529
0.0299542
0.0299538
0.0299534
0.0305764
0.0299531
0.030224
0.0299522
0.0305747
0.0299513
0.0299533
0.0299535
0.0299526
0.0299523
0.0299516
0.0299541
0.0305761
0.0299523
0.0302244
0.0305767
0.0299522
0.0299525
0.0299521
0.0293552
0.0299535
0.0302243
0.0299515
0.030224
0.0299524
0.0299524
0.0302233
0.029954
0.0299526
0.0305773
0.0299525
0.0299544
0.0299538
0.0299521
0.0293554
0.029954
0.0302263
0.030575
0.0299534
0.0299545
0.029953
0.030226
0.029953
0.0299512
0.0302246
0.0299513
0.0308598
0.0311476
0.0302263
0.0299523
0.0302262
0.0293562
0.029953
0.0299525
0.0299518
0.0305755
0.0302259
0.029953
0.0299542
0.0299531
0.0302243
0.0299533
0.0296863
0.0299535
0.0299505
0.0299514
0.0302255
0.0299527
0.0299526
0.0305769
0.0308581
0.03152
0.0305758
0.0299531
0.0302254
0.0308597
0.0305742
0.0302254
0.0293548
0.0299515
0.0305752
0.0299523
0.0293541
0.0299524
0.030576
0.029953
0.0299524
0.0299524
0.0299537
0.0305754
0.0302262
0.029952
0.0299537
0.0299532
0.0299521
0.0299536
0.0299541
0.029953
0.0299506
0.0299538
0.0299525
0.0302242
0.0299538
0.0305766
0.0299537
0.0302252
0.0299522
0.0299536
0.0299517
0.0305763
0.0299539
0.0302246
0.0299533
0.0296813
0.0299537
0.0299529
0.0299519
0.0299525
0.0302246
0.0299527
0.0299529
0.0299536
0.0302245
0.0299534
0.0299535
0.0302241
0.0311434
0.0302238
0.0299529
0.0299531
0.0299505
0.0302249
0.0311474
0.0302258
0.0299531
0.0299529
0.0299521
0.0302251
0.0299531
0.0305762
0.0302249
0.029354
0.0293519
0.0299523
0.0299528
0.0305748
0.029953
0.0302243
0.0299518
0.0299504
0.0302263
0.0299536
0.0299528
0.0299537
0.030223
0.0302247
0.0302244
0.0299535
0.0299537
0.0299533
0.030226
0.0299533
0.0299526
0.029955
0.029952
0.0299536
0.029952
0.0305738
0.0299524
0.0302231
0.0308594
0.0299536
0.0299542
0.029954
0.0299534
0.0293556
0.0299518
0.0299516
0.0299524
0.0293506
0.0302231
0.0299526
0.0302253
0.0308606
0.0299512
0.0299525
0.0299535
0.0299539
0.0299508
0.0299526
0.0302258
0.0299508
0.0299537
0.0302253
0.0305756
0.0299533
0.0299537
0.0299529
0.029952
0.0299512
0.0299528
0.0299519
0.0299531
0.029954
0.0299539
0.0299534
0.0302251
0.0302249
0.0299508
0.0299539
0.0302255
0.0299535
0.0299535
0.0299535
0.0299527
0.0299525
0.0299538
0.0299538
0.0299541
0.0305751
0.0299529
0.029954
0.030575
0.029954
0.0299529
0.0293557
0.0299533
0.0305753
0.0305775
0.0299532
0.0305768
0.0299529
0.0299536
0.0305747
0.0308594
0.0302213
0.0299508
0.0293564
0.0296855
0.029953
0.0299519
0.0296861
0.0305766
0.0299543
0.0299548
0.0299547
0.0302245
0.0299536
0.0305762
0.0299512
0.0299533
0.0302239
0.0293555
0.0299531
0.0293554
0.0299537
0.030225
0.029953
0.0299547
0.0299532
0.0299534
0.0299516
0.0302234
0.0299525
0.0299534
0.0299517
0.0302256
0.0299538
0.0299507
0.0302232
0.0311486
0.0302237
0.0305761
0.0299503
0.029953
0.0299537
0.0302257
0.0299519
0.0302251
0.0311481
0.030225
0.0299512
0.030576
0.029953
0.0293541
0.030225
0.029953
0.0293558
0.0299524
0.030225
0.0299523
0.0299495
0.0296809
0.0299521
0.0299515
0.0299537
0.0299547
0.0305767
0.0302248
0.029954
0.0299535
0.0299538
0.0299533
0.0299532
0.0302242
0.0299541
0.0302244
0.0299509
0.0305778
0.0299523
0.0299539
0.0299531
0.0302259
0.0299534
0.0299539
0.0299526
0.0305771
0.030576
0.0302246
0.0302254
0.0311472
0.0302229
0.0302232
0.0302253
0.0299535
0.0299521
0.0299522
0.0299534
0.029953
0.0299529
0.029952
0.0299536
0.0308591
0.029951
0.0299509
0.0296839
0.0299514
0.029952
0.0305742
0.0299523
0.0293544
0.0299531
0.0299526
0.029952
0.0299521
0.0299519
0.0293547
0.030223
0.0302249
0.0299526
0.0299533
0.0305754
0.0299533
0.0308571
0.0302236
0.0302236
0.0299522
0.0293542
0.0299536
0.0299506
0.0299529
0.0299534
0.0299546
0.0299549
0.0299548
0.0299525
0.0299529
0.030226
0.029354
0.0299519
0.029352
0.0302224
0.0299529
0.0302251
0.0299521
0.0299526
0.0299512
0.0299503
0.0299533
0.0293537
0.0296859
0.0299524
0.029953
0.0299514
0.0299514
0.0302247
0.0299557
0.0293548
0.0299533
0.0299527
0.0299535
0.0305764
0.0299537
0.0299523
0.029952
0.029953
0.029953
0.0302237
0.029951
0.0299525
0.0299526
0.0305774
0.0302251
0.0299526
0.0299515
0.0302247
0.0299523
0.0299531
0.0299524
0.0299527
0.0302241
0.0299527
0.0299538
0.0305771
0.0299532
0.0293559
0.0302257
0.0302259
0.0299516
0.0308598
0.0299529
0.0293546
0.029954
0.029953
0.0305781
0.0299543
0.0299534
0.0299512
0.0299537
0.0299539
0.029952
0.0299509
0.0299537
0.0299543
0.0299543
0.0308569
0.0299527
0.0299537
0.0302262
0.0299541
0.0299522
0.0293553
0.0302255
0.029953
0.0302242
0.0308593
0.031521
0.0305764
0.0299539
0.0302259
0.029953
0.029952
0.0299525
0.0302255
0.0293555
0.0299539
0.0299529
0.030227
0.0299538
0.0296862
0.0299518
0.0299533
0.0296837
0.0299515
0.0302233
0.0299543
0.0299534
0.0299531
0.0299515
0.0305761
0.0302256
0.0302237
0.0299528
0.029956
0.0299542
0.0302242
0.0299538
0.0299531
0.0299496
0.0305752
0.0299537
0.0299534
0.0302267
0.0308602
0.0299538
0.029953
0.0299533
0.0299522
0.0293545
0.0299532
0.0299534
0.0299531
0.0299527
0.0296851
0.029686
0.0293532
0.0299531
0.0302255
0.0299529
0.0305763
0.0299534
0.030226
0.0305758
0.0299536
0.0299524
0.0302259
0.0311488
0.0302255
0.0299534
0.0305753
0.0296862
0.0299521
0.0299536
0.0299522
0.0299535
0.030225
0.0299538
0.0305747
0.0305755
0.0305764
0.0302244
0.0302239
0.0299539
0.0305765
0.0302246
0.0293541
0.0299526
0.0299537
0.0299541
0.0299529
0.0299518
0.0299532
0.029954
0.0299533
0.0299525
0.0293545
0.0299529
0.0302246
0.0299539
0.029953
0.0302246
0.0299534
0.0299536
0.0305763
0.0302253
0.0299532
0.0299526
0.0302235
0.0302251
0.0293541
0.0299525
0.0299499
0.0302216
0.029951
0.0302251
0.0299539
0.0302243
0.0299544
0.0299542
0.0302233
0.0299496
0.0299527
0.0299531
0.0308596
0.0302255
0.0302244
0.0299526
0.0293554
0.0299528
0.0299539
0.0299518
0.0299501
0.0299523
0.0299509
0.0305753
0.030223
0.0299521
0.0299533
0.0302242
0.0311465
0.0302252
0.0299552
0.0299541
0.0299534
0.0299535
0.029953
0.0299523
0.0299509
0.0293544
0.0299526
0.029953
0.0299517
0.0299547
0.0293552
0.0299546
0.0305779
0.0302244
0.0299521
0.0305759
0.0299531
0.0299526
0.0299533
0.0299535
0.0299532
0.0299536
0.029953
0.0299528
0.0299535
0.0299534
0.0302264
0.0299506
0.0293543
0.0299536
0.0299535
0.0299539
0.0299528
0.0293553
0.0299536
0.0299543
0.0299526
0.0296861
0.0299538
0.029356
0.029952
0.0308622
0.0299535
0.0299506
0.0299526
0.0293541
0.0293532
0.0302242
0.0302266
0.0299532
0.0305755
0.03086
0.0302259
0.0299537
0.0299525
0.0293554
0.0299539
0.0299533
0.0299542
0.0302236
0.0299528
0.0299542
0.029954
0.0302254
0.0302257
0.0299526
0.0299525
0.0299517
0.0299531
0.0293558
0.0299525
0.0299526
0.0293564
0.0299536
0.0299524
0.029952
0.0299531
0.0305769
0.0299522
0.0299536
0.0302251
0.0299542
0.0299531
0.0299533
0.0299536
0.0299533
0.0302253
0.029953
0.0299515
0.0299529
0.0293536
0.0299529
0.0302227
0.0299535
0.0299524
0.0305752
0.0299519
0.0299523
0.0299525
0.0299519
0.030225
0.0299543
0.0299532
0.0299532
0.0302235
0.0299478
0.0302236
0.0299517
0.0302242
0.0302233
0.0305757
0.0299521
0.0299526
0.0305716
0.0299526
0.0299512
0.0293532
0.0299535
0.0299534
0.0299531
0.0299525
0.0299519
0.0293503
0.029354
0.029686
0.0293552
0.0299534
0.0299544
0.0299538
0.0299525
0.0293548
0.0299523
0.0299523
0.0299526
0.0305761
0.0299529
0.0299539
0.0296861
0.0293527
0.0293534
0.0299529
0.0299536
0.0299522
0.0299537
0.0293556
0.0299525
0.0302243
0.0299554
0.0299523
0.0305748
0.0299526
0.030224
0.0302251
0.0302247
0.0302257
0.0299534
0.0299537
0.0299509
0.0299519
0.0299532
0.0296843
0.029953
0.0308576
0.0305752
0.0299533
0.0299536
0.0293542
0.0299532
0.0305776
0.0299529
0.0299537
0.0305757
0.0305747
0.0302239
0.0299528
0.029952
0.0293545
0.0302254
0.0299534
0.0296857
0.0299533
0.0299517
0.0293544
0.0293493
0.0299525
0.0299538
0.0305768
0.0302264
0.0299539
0.0299543
0.0299533
0.0302256
0.0311452
0.0302244
0.0299532
0.0299522
0.0299543
0.0302246
0.0299539
0.0302232
0.0299478
0.0299542
0.0299525
0.0299519
0.0299546
0.030225
0.0299523
0.0290967
0.0299537
0.0299523
0.029953
0.0302256
0.0299518
0.0305761
0.0305768
0.0305766
0.029954
0.0299537
0.0299526
0.0299533
0.0305765
0.0299521
0.0302246
0.0299529
0.0299524
0.0299537
0.0299529
0.0299553
0.0299535
0.0299528
0.0305753
0.0302269
0.0299534
0.0299518
0.0305756
0.030576
0.0299533
0.0302253
0.0299536
0.029953
0.0302254
0.0299546
0.0305762
0.0308565
0.0311481
0.0321283
0.0317206
0.0307612
0.0298632
0.0292491
0.0292497
0.029492
0.0294929
0.0294923
0.0292508
0.030115
0.029494
0.0292522
0.0298643
0.0292519
0.0292508
0.0294943
0.0292516
0.0292512
0.0290142
0.0292517
0.0286636
0.0292514
0.0301149
0.0298637
0.0298626
0.0298632
0.0292521
0.0292509
0.0292507
0.0292511
0.0294928
0.0292494
0.029251
0.0292514
0.0292522
0.0292514
0.0292514
0.0294934
0.029252
0.0298624
0.0292512
0.0298623
0.0301157
0.0292509
0.0290134
0.0292508
0.0290132
0.0292511
0.0292499
0.0294935
0.0301153
0.0292517
0.0292507
0.0290121
0.0298603
0.029251
0.0292476
0.0292484
0.0292508
0.0294927
0.0292502
0.0298623
0.0298619
0.0292511
0.0298615
0.0292516
0.0292516
0.029492
0.0298613
0.0307643
0.0298627
0.0292518
0.0294919
0.029248
0.0292508
0.0292518
0.0298638
0.030762
0.0301137
0.0298618
0.0292512
0.0298631
0.0292498
0.0292511
0.0292506
0.0292517
0.0292508
0.0292505
0.0290121
0.0292529
0.0292501
0.0292514
0.0292505
0.0292516
0.0292516
0.029253
0.0292518
0.0301152
0.0292522
0.0292516
0.029862
0.0292502
0.0286626
0.0290138
0.0292512
0.0292511
0.029252
0.0292519
0.0298631
0.0292514
0.0292507
0.029864
0.0294928
0.0301155
0.0292506
0.0292533
0.0292513
0.0292515
0.0292496
0.0292514
0.0292526
0.0294922
0.0292511
0.0292506
0.0298622
0.0292514
0.0292525
0.0292518
0.02925
0.029251
0.0292507
0.0292507
0.0292515
0.0294911
0.0292506
0.0292513
0.0298626
0.0298625
0.0301138
0.0292528
0.0294942
0.0292513
0.0294919
0.0292496
0.0292516
0.0292504
0.0290127
0.029864
0.0292511
0.0292505
0.0292522
0.0298626
0.0290117
0.0298616
0.0292498
0.0292519
0.0292513
0.0292516
0.0292506
0.0298635
0.0294924
0.0298611
0.0292507
0.0301147
0.0303676
0.0294927
0.0294926
0.0292499
0.0292524
0.0292492
0.029251
0.0292518
0.0292515
0.0292514
0.0292521
0.0294933
0.0292507
0.0292521
0.0292532
0.0298622
0.0292507
0.0292504
0.0292516
0.0292503
0.0292507
0.0298631
0.0298641
0.0298631
0.0298626
0.029862
0.0292513
0.0292517
0.0292516
0.0286639
0.029252
0.0290131
0.0292509
0.0298617
0.0298646
0.0292513
0.0298632
0.0292521
0.0292523
0.0292518
0.0292517
0.0292498
0.0301137
0.0298625
0.0292502
0.0292524
0.0292519
0.0292515
0.0294924
0.0298623
0.0307628
0.0298624
0.0292503
0.0292502
0.0292497
0.0292516
0.0292521
0.0292509
0.0294935
0.0298637
0.02925
0.0298634
0.0298624
0.029251
0.0292498
0.0298623
0.0292504
0.029251
0.0292509
0.0292509
0.0292516
0.0292506
0.0298625
0.0292516
0.029249
0.0301144
0.0301145
0.0292516
0.0292514
0.0292522
0.0292516
0.0292511
0.0292524
0.0292513
0.0292513
0.0292517
0.0292521
0.029252
0.0298619
0.02925
0.0298624
0.0292508
0.0292505
0.0292513
0.0286619
0.0292497
0.0298642
0.0294923
0.0292512
0.0298627
0.0290109
0.029251
0.0301145
0.0303714
0.029495
0.0292499
0.0292517
0.029252
0.0294931
0.0292504
0.029863
0.0292514
0.0294929
0.0292513
0.0298629
0.0298609
0.0298636
0.0298642
0.0292505
0.0292511
0.0290136
0.0298634
0.0290135
0.0298607
0.0292514
0.0292514
0.0298615
0.0292508
0.0292504
0.0298605
0.0292507
0.0292518
0.0301145
0.0292505
0.0292517
0.0292507
0.0294942
0.0292519
0.0298642
0.0292498
0.0292499
0.0292518
0.0292512
0.0292511
0.0292497
0.0292508
0.02925
0.0301138
0.0307639
0.0307623
0.0301153
0.029251
0.0298615
0.0307624
0.0298652
0.0292521
0.0292519
0.0298635
0.0292508
0.0294928
0.0303699
0.0294932
0.0298623
0.0294934
0.0292503
0.0294937
0.0292513
0.0294927
0.0292512
0.0292515
0.0294927
0.0298632
0.0294929
0.0292515
0.0292527
0.0298621
0.0292513
0.0292526
0.0292518
0.0301168
0.0292497
0.0298632
0.0292494
0.0298634
0.0307634
0.0298625
0.0292513
0.029251
0.0292521
0.0292503
0.0292508
0.0292499
0.0294933
0.029251
0.0294911
0.0292506
0.0298612
0.029247
0.0292515
0.0292489
0.0301138
0.029492
0.0292504
0.0292514
0.0292497
0.0292501
0.0292506
0.030116
0.0292512
0.0292515
0.0294919
0.0292516
0.0298627
0.0298606
0.0292513
0.0292528
0.0292523
0.029864
0.029251
0.029251
0.030113
0.0292511
0.0298636
0.0292504
0.0292512
0.0292501
0.0292512
0.0292501
0.0298623
0.029251
0.0301158
0.0292518
0.0292522
0.0292487
0.0292513
0.0292528
0.0298629
0.0292507
0.0292505
0.0292516
0.0292497
0.0292512
0.0292513
0.0292497
0.0292513
0.0292515
0.0292514
0.0301147
0.0294924
0.0301159
0.0292519
0.0292511
0.0292507
0.029252
0.0294918
0.0292493
0.0292509
0.0292515
0.0292526
0.0298622
0.0298605
0.0292503
0.0292493
0.0292525
0.0292496
0.029862
0.0292505
0.0290128
0.0292518
0.0292503
0.029861
0.0292499
0.0292518
0.0294941
0.0292521
0.0290113
0.0292496
0.0298632
0.0292504
0.0286633
0.0292521
0.0292518
0.0298626
0.0292495
0.0292516
0.0301163
0.0292514
0.029251
0.0292506
0.0292505
0.0294929
0.0298623
0.0290131
0.0292519
0.0294924
0.0292518
0.0292515
0.0292516
0.0298639
0.029252
0.0292493
0.0292504
0.0294935
0.0298624
0.0292514
0.0298646
0.0298614
0.0292514
0.0292516
0.0294935
0.0298616
0.0292522
0.029493
0.0294929
0.0292509
0.0292503
0.0292506
0.0292508
0.0294919
0.0292511
0.0298623
0.0292511
0.0298616
0.0292509
0.0290118
0.0292489
0.0292503
0.0292527
0.0298641
0.0292501
0.0292526
0.0292498
0.0298639
0.0298625
0.0292521
0.0292502
0.0294929
0.0298625
0.0292506
0.0298643
0.0292514
0.0298636
0.0292525
0.0294937
0.0292489
0.0298618
0.0292512
0.0292512
0.029251
0.0294927
0.0292507
0.0294942
0.0298631
0.0292512
0.0292516
0.0298624
0.029251
0.0298632
0.0292513
0.0292513
0.0292489
0.0292504
0.0292515
0.0294925
0.0292511
0.0292509
0.0292501
0.0298646
0.0292512
0.0292524
0.0294935
0.0292506
0.0292502
0.0292512
0.0292506
0.0292499
0.0298637
0.0292505
0.0292489
0.029493
0.0292514
0.0292506
0.0292494
0.0292509
0.0292515
0.029862
0.0292501
0.0298629
0.0294932
0.0292507
0.0292513
0.0294943
0.0294926
0.0292511
0.0292512
0.0292508
0.0292514
0.0292517
0.0292514
0.0292502
0.0292526
0.0294892
0.0292491
0.0290112
0.0298632
0.0292501
0.0298619
0.0307615
0.0298628
0.0292504
0.0298631
0.029251
0.0298639
0.0292504
0.0292501
0.0292505
0.0292519
0.0292499
0.0294929
0.0292511
0.0292518
0.0292522
0.0292521
0.0301151
0.02949
0.0292518
0.029251
0.0292504
0.0292505
0.0292505
0.0292512
0.0298621
0.0292509
0.0301138
0.0292495
0.0292493
0.0292498
0.029251
0.0290141
0.0298613
0.0301155
0.0298636
0.0292513
0.0292502
0.029252
0.0292503
0.0290133
0.0292517
0.0298634
0.0298617
0.0294928
0.0298603
0.0292507
0.0298618
0.02949
0.0298633
0.0292501
0.029251
0.0294932
0.0292498
0.0292511
0.0294883
0.0298631
0.0292501
0.0292506
0.0298637
0.0298639
0.0301147
0.0292512
0.0298589
0.0290127
0.0292507
0.0298643
0.029252
0.0292512
0.02925
0.0294934
0.0292514
0.0292517
0.029249
0.0292511
0.0290134
0.0298634
0.0298625
0.0292503
0.0292516
0.0292529
0.0292506
0.0292526
0.029251
0.0292504
0.0292509
0.0292523
0.0292509
0.0292499
0.0292516
0.0292526
0.0292528
0.0298641
0.0292507
0.0294916
0.0292521
0.0292511
0.0292515
0.0292504
0.0292473
0.0292512
0.0298625
0.0294926
0.0292508
0.0298626
0.0292506
0.0292496
0.0294928
0.0292494
0.0298621
0.029252
0.0292525
0.0292506
0.0298638
0.0292511
0.0292512
0.0301151
0.0292518
0.0298625
0.0292523
0.029863
0.0298612
0.0290136
0.029861
0.0294917
0.0301142
0.029251
0.0292508
0.0292512
0.0292515
0.0298601
0.0307641
0.0301146
0.0294919
0.0292493
0.0292511
0.0292519
0.0292489
0.0286625
0.0292498
0.0298628
0.0298621
0.0301146
0.0292522
0.0292517
0.0292524
0.0292507
0.0294929
0.0292511
0.0301153
0.0292524
0.029253
0.0294941
0.0292515
0.0292508
0.0292508
0.0292517
0.0292516
0.0292507
0.0292509
0.0298619
0.0292522
0.0298647
0.0292516
0.0292508
0.0292516
0.0301137
0.0292516
0.0292526
0.0292505
0.0298616
0.0292515
0.0292517
0.029492
0.0303709
0.0294921
0.0294914
0.0298629
0.0292513
0.0292516
0.0294913
0.0292506
0.0292511
0.0292494
0.0294931
0.0292516
0.029252
0.0292519
0.0298627
0.0292506
0.0292499
0.0301148
0.0301143
0.0292474
0.0292526
0.0292507
0.029863
0.0292482
0.0292521
0.0301151
0.0292485
0.0292518
0.0292494
0.0292521
0.0286626
0.0292491
0.0292513
0.0292508
0.0294938
0.0292508
0.0292502
0.0292505
0.0292497
0.0298598
0.0307625
0.0298636
0.0292517
0.0298629
0.0298621
0.0292497
0.0294934
0.0292502
0.0292515
0.0292504
0.0301141
0.0292512
0.0292524
0.029863
0.0292492
0.0292502
0.0298632
0.0292509
0.0294933
0.0292506
0.0292519
0.0292495
0.0292515
0.0298611
0.0292492
0.0294931
0.0292506
0.0294926
0.0292507
0.0294927
0.0294906
0.0292516
0.0292503
0.0292512
0.0298629
0.029863
0.0292518
0.029252
0.0292509
0.029252
0.0292513
0.0292497
0.0298601
0.0292521
0.0292518
0.0292515
0.0292533
0.0294929
0.0298633
0.0292494
0.0292496
0.029251
0.0292502
0.0292517
0.0298635
0.0298652
0.0292516
0.0292495
0.0298634
0.0292525
0.029251
0.0292512
0.0292497
0.029862
0.0292529
0.0290116
0.0292499
0.0292516
0.0292536
0.0292503
0.02925
0.029864
0.0292512
0.0292503
0.0292514
0.0292517
0.0292518
0.0292518
0.0292506
0.0292508
0.0292513
0.0292509
0.0292514
0.0292502
0.0292519
0.0290106
0.0292521
0.0292499
0.0292502
0.030114
0.0294932
0.0292495
0.0292502
0.0298628
0.0292528
0.0301138
0.0292498
0.0298632
0.0294932
0.0292508
0.029864
0.0292517
0.0292499
0.0292512
0.0292502
0.0294932
0.0292504
0.0292512
0.0290119
0.0292518
0.0301156
0.0294929
0.0298614
0.0292507
0.0298618
0.0292515
0.0294927
0.0298626
0.0301157
0.0307642
0.0298623
0.0292488
0.0292511
0.0292506
0.0292514
0.0292517
0.0292516
0.0292509
0.0301155
0.0292517
0.0292515
0.0292508
0.0292518
0.0298631
0.030115
0.0292508
0.0298636
0.0292523
0.0292511
0.0294941
0.0292517
0.0298618
0.0307645
0.0298627
0.0292497
0.0298624
0.0292512
0.0298634
0.0292502
0.0298623
0.0294931
0.0303711
0.0294904
0.0292513
0.0292515
0.0292517
0.0301159
0.0292496
0.0292508
0.0298633
0.0298629
0.0307627
0.0301149
0.0303698
0.0301139
0.0307635
0.0301126
0.0292501
0.02925
0.0292508
0.0301159
0.0294934
0.0292513
0.0292512
0.0292528
0.0294919
0.0292515
0.029251
0.0292519
0.0292519
0.029249
0.0294916
0.0292509
0.0298628
0.0292529
0.0298635
0.0294914
0.0298586
0.0301149
0.0292492
0.0292512
0.0292516
0.0292512
0.0292498
0.0298625
0.0301145
0.0307634
0.0298609
0.0292481
0.0292504
0.0292504
0.0292524
0.0292512
0.029865
0.0292504
0.0294935
0.0292502
0.0292516
0.029251
0.0292494
0.0292505
0.0292524
0.0298619
0.0301148
0.0298641
0.0298642
0.0292513
0.0292511
0.0292511
0.0292515
0.0292518
0.0294911
0.0292493
0.0292503
0.0298634
0.0292491
0.0292514
0.0292518
0.0292525
0.0298632
0.0292511
0.0292503
0.0294915
0.0292515
0.029863
0.0292517
0.029864
0.0294924
0.0292517
0.0294931
0.0298607
0.0292512
0.0292524
0.0298626
0.0292485
0.0292503
0.0292525
0.0294932
0.0292505
0.0292522
0.0294905
0.0292495
0.0292512
0.0292518
0.0294924
0.0292518
0.0292513
0.0292508
0.030115
0.0294937
0.029492
0.029492
0.0292513
0.0292513
0.0292519
0.0292511
0.0301145
0.0298635
0.0301152
0.0292505
0.0292504
0.0294929
0.0292515
0.0292512
0.029492
0.0303731
0.0294928
0.0292503
0.029862
0.0292487
0.0294916
0.0298636
0.0292522
0.0292508
0.0292511
0.0292515
0.0292509
0.0301133
0.0298616
0.0294937
0.0292505
0.0292509
0.029861
0.0298622
0.0292508
0.029251
0.0298634
0.0292507
0.0294923
0.0294941
0.0292536
0.0294945
0.0298592
0.0292497
0.0292513
0.0294919
0.0303722
0.0294943
0.0292506
0.0292526
0.0292512
0.0298625
0.0292512
0.0292506
0.029251
0.02925
0.0292502
0.0292502
0.0292513
0.0290109
0.0292521
0.0294923
0.0292494
0.0292496
0.0298634
0.0292508
0.0292488
0.0292528
0.0292514
0.0294918
0.0292516
0.0292509
0.0292519
0.0292522
0.0292515
0.0292517
0.0298626
0.0292509
0.0292511
0.0294916
0.0292504
0.0292518
0.0292519
0.0294937
0.0292516
0.0292518
0.0292496
0.0292514
0.0292513
0.0292509
0.029251
0.0292506
0.029251
0.0292532
0.0294931
0.0292506
0.0292512
0.0292496
0.029493
0.0292495
0.0294933
0.0294941
0.0292481
0.0286596
0.0292498
0.0292485
0.0294924
0.029251
0.0298632
0.0307622
0.0298631
0.0292511
0.0298635
0.029252
0.0292522
0.0292505
0.0292508
0.02925
0.0301151
0.0303694
0.0301142
0.0298615
0.0292511
0.029249
0.0294934
0.0292509
0.0292525
0.0292501
0.0292516
0.029494
0.0294935
0.0292524
0.029251
0.0298634
0.0292508
0.0292514
0.0292517
0.0292498
0.0286616
0.0292518
0.0294926
0.0298622
0.0292511
0.0292522
0.0298634
0.0292523
0.0292481
0.0286615
0.0294938
0.02925
0.0292511
0.0292531
0.0292484
0.0294923
0.0294934
0.0298631
0.0292493
0.0298618
0.0292503
0.0292508
0.0298635
0.0298633
0.0292516
0.0292512
0.029253
0.0292527
0.0298635
0.029251
0.0294929
0.0294926
0.0292508
0.0294937
0.0292505
0.0294923
0.0294922
0.0303703
0.0301162
0.0292512
0.0292517
0.0292509
0.0292517
0.0298616
0.029494
0.0292509
0.0292506
0.0292506
0.0292481
0.0294917
0.0292516
0.0298629
0.0292512
0.029493
0.0292505
0.0292504
0.0298631
0.0301138
0.0294912
0.0292518
0.0292508
0.029863
0.029252
0.029863
0.0294926
0.0298638
0.0292504
0.0292525
0.0301132
0.0294922
0.0292517
0.029863
0.0292504
0.0292515
0.0292508
0.0292517
0.0294938
0.0292526
0.0292499
0.029251
0.029251
0.0301139
0.0298623
0.0301153
0.0307604
0.0298632
0.0292523
0.0292515
0.0292522
0.0292515
0.0292518
0.0292507
0.029251
0.0292506
0.0292515
0.0292512
0.0294942
0.0298636
0.0294937
0.0292511
0.0292518
0.0292501
0.0292526
0.0292495
0.0292516
0.0292517
0.0292501
0.029252
0.0294935
0.0292508
0.0292517
0.0301117
0.0294941
0.0294931
0.0292514
0.0298628
0.0307634
0.0298619
0.0301141
0.0292501
0.029863
0.0292519
0.0292508
0.0292517
0.0292525
0.0294929
0.0292508
0.0292499
0.0292509
0.0292502
0.029252
0.0298604
0.0292494
0.0298635
0.0307633
0.0298625
0.029493
0.0298625
0.0292509
0.0298625
0.0307629
0.0298636
0.029252
0.0292518
0.0294927
0.0292492
0.0298626
0.029864
0.0292499
0.0292517
0.0292509
0.0301155
0.029251
0.0292509
0.0292489
0.0292499
0.02925
0.0294928
0.0292481
0.0290146
0.0292515
0.0290148
0.0292497
0.0294918
0.0292515
0.029252
0.029864
0.0294928
0.0292516
0.0292515
0.0294936
0.0292514
0.0292513
0.0292518
0.0292514
0.0292514
0.0301151
0.0292504
0.0292508
0.0298631
0.0292496
0.0294935
0.0298625
0.0294932
0.029493
0.0292498
0.0292519
0.0294932
0.029252
0.0292504
0.0292487
0.0292528
0.0292514
0.0292519
0.0298638
0.0294923
0.0303715
0.0294932
0.0294919
0.0298622
0.029863
0.0294896
0.0292518
0.0292502
0.0292515
0.0294934
0.0292523
0.0292481
0.0294942
0.029863
0.0292517
0.0292495
0.0294931
0.0292518
0.0298639
0.029252
0.0298647
0.0292507
0.02925
0.0292506
0.0298624
0.0292513
0.0290131
0.0292497
0.02949
0.0303698
0.0294935
0.029493
0.0292525
0.0292485
0.0301147
0.0292509
0.0292513
0.0294938
0.0303711
0.0294927
0.0292514
0.029252
0.0294936
0.0292512
0.0294931
0.0292514
0.0292517
0.0292508
0.029251
0.0298626
0.0298616
0.0292504
0.0301145
0.0292532
0.0292515
0.0292515
0.0298625
0.0292502
0.0292487
0.0292512
0.0292505
0.0298632
0.0292521
0.0292501
0.029863
0.0292507
0.0292502
0.029248
0.0292502
0.0298631
0.0290135
0.0292507
0.029252
0.0298622
0.0292512
0.0301146
0.0292522
0.0292501
0.0292514
0.0292497
0.0292494
0.0292505
0.0292516
0.0292478
0.0292521
0.0298633
0.029862
0.0292519
0.0292524
0.0292513
0.0292511
0.0292512
0.0294929
0.0294919
0.0292526
0.029863
0.0292518
0.0292526
0.0301155
0.0298624
0.0292509
0.0298624
0.02925
0.0292499
0.0292519
0.0292512
0.0290144
0.0298611
0.0292523
0.029495
0.029252
0.0294919
0.029251
0.0292526
0.0298631
0.0292511
0.0292506
0.0294907
0.0294939
0.0292529
0.0292515
0.029863
0.0292505
0.0298624
0.0292497
0.0292506
0.0292511
0.0298606
0.0292507
0.0294913
0.0294917
0.0292477
0.0298619
0.0292505
0.0292514
0.0292514
0.0298632
0.0292522
0.0292504
0.0292516
0.0294921
0.0292514
0.0292509
0.0292507
0.029251
0.0292511
0.0294931
0.0294935
0.0292504
0.0294944
0.0292517
0.0294907
0.0292524
0.0292507
0.0292516
0.0298626
0.0292523
0.0298647
0.0292488
0.0292512
0.0292523
0.0292518
0.0292511
0.0298609
0.0292509
0.0292524
0.029862
0.0292511
0.0292516
0.0294933
0.0292515
0.0290135
0.0292518
0.0294919
0.0298625
0.0292506
0.029863
0.0292503
0.0294925
0.0298623
0.0292513
0.0292515
0.0292499
0.0294924
0.0292513
0.0298648
0.0292518
0.0292512
0.0292516
0.0298617
0.029252
0.0292513
0.0292523
0.0292521
0.0292511
0.0292506
0.0292517
0.0292494
0.0294945
0.0292517
0.0298614
0.0292511
0.0298622
0.0298624
0.0298639
0.0292518
0.0294932
0.0292521
0.0301154
0.0292509
0.029494
0.0292523
0.0292517
0.0292494
0.0292509
0.0298613
0.0292499
0.0292496
0.0292502
0.029493
0.0292512
0.029251
0.0294916
0.0298612
0.0292516
0.0294926
0.0292494
0.0292511
0.0294932
0.0292513
0.0292497
0.030115
0.0303711
0.0294899
0.029491
0.0292484
0.0294909
0.0298609
0.0292508
0.0298635
0.029252
0.0292508
0.0292513
0.029493
0.0301149
0.0292494
0.029863
0.029251
0.0292523
0.0292513
0.0292512
0.0292503
0.0292497
0.0298626
0.0294929
0.0292503
0.029252
0.0290131
0.0292514
0.0292524
0.0292527
0.030116
0.0292514
0.0294931
0.0292509
0.02925
0.0292512
0.0292517
0.0292515
0.0292515
0.0298621
0.029863
0.0298631
0.029252
0.0292517
0.0292505
0.0294922
0.0303693
0.0307636
0.0298619
0.0292518
0.0292515
0.0294916
0.0292511
0.0292508
0.0294925
0.0303711
0.0294928
0.029252
0.0301157
0.0298635
0.0292503
0.0292509
0.0292515
0.0292514
0.029494
0.0286616
0.0292513
0.0292513
0.0301135
0.0292498
0.0292516
0.029252
0.0292508
0.0292498
0.0294932
0.0292491
0.0292513
0.0292483
0.029251
0.0294933
0.0298625
0.0307632
0.0298612
0.02925
0.029251
0.0301156
0.0292523
0.0294906
0.0298632
0.0292516
0.0292517
0.0292512
0.0298629
0.0294928
0.0292513
0.0292507
0.0292514
0.0292505
0.0292522
0.0298639
0.0292521
0.029251
0.029862
0.0298627
0.0298623
0.0294948
0.029863
0.0292503
0.0298632
0.0298633
0.0292517
0.0292506
0.0292509
0.0294911
0.0303709
0.0294924
0.0292516
0.029253
0.0294931
0.0298627
0.0292502
0.0292514
0.0298629
0.0292509
0.0298624
0.0292496
0.0294936
0.0298624
0.0292511
0.0301153
0.0298613
0.0292497
0.0298631
0.0301148
0.0292509
0.0292521
0.0292516
0.0292499
0.0292508
0.0294928
0.0294931
0.0294933
0.0292513
0.0298616
0.029252
0.0292508
0.0294917
0.0292518
0.029862
0.029493
0.0292496
0.0298628
0.0292516
0.0292523
0.0298626
0.029493
0.0292507
0.029251
0.0292498
0.0292509
0.0292505
0.0292507
0.0292527
0.0292499
0.0294931
0.0294927
0.0292518
0.0292518
0.0298615
0.0294938
0.0294933
0.0294905
0.0292482
0.0292493
0.0292516
0.0292508
0.0292515
0.0292513
0.0298628
0.0290107
0.0292498
0.0292522
0.0298634
0.0292525
0.0292498
0.0298622
0.0292486
0.0294925
0.0292509
0.0294935
0.0301135
0.0294918
0.0292506
0.0290142
0.029252
0.0292514
0.0292518
0.0294932
0.0292513
0.0292508
0.0292504
0.0292515
0.0292514
0.0294942
0.0294937
0.0292517
0.0290128
0.0292505
0.0298631
0.0298633
0.0292508
0.0292497
0.0292506
0.0292514
0.0286627
0.0292502
0.0292511
0.0294937
0.0292498
0.0292513
0.0298617
0.0301154
0.0303707
0.0294932
0.0294925
0.0294929
0.0292508
0.0292493
0.0292515
0.0292517
0.0292517
0.0292508
0.0292508
0.0301143
0.0292502
0.0292511
0.0292511
0.0292516
0.0294931
0.0292491
0.0292518
0.0292516
0.0292518
0.0292511
0.0292507
0.0292511
0.0298628
0.0292504
0.029252
0.0292491
0.0292515
0.0292507
0.0294922
0.0292517
0.0292514
0.0294932
0.0298621
0.0298607
0.0307601
0.0298621
0.0298618
0.0292517
0.0292503
0.0298624
0.0294923
0.029249
0.029863
0.0292522
0.0294927
0.0298602
0.0292511
0.0298635
0.0292509
0.0292465
0.0292498
0.0294916
0.0301147
0.0292515
0.0292516
0.0298641
0.0292516
0.0298627
0.0298642
0.0292507
0.0298632
0.0298617
0.0292504
0.0298639
0.029251
0.029012
0.0290125
0.0292513
0.0292514
0.0301158
0.029493
0.0294928
0.0298621
0.0307634
0.0298618
0.0292524
0.0292502
0.0292494
0.0298637
0.0298634
0.0292525
0.0292505
0.0292527
0.0298625
0.0292495
0.0292502
0.0292522
0.0286635
0.029251
0.0294916
0.0292507
0.0292518
0.0292526
0.0294923
0.0298643
0.0294932
0.0292508
0.0298626
0.0292514
0.029491
0.0292501
0.0294932
0.0292521
0.0292505
0.0292523
0.0292509
0.0298626
0.0292496
0.0292523
0.0292485
0.0292495
0.0298624
0.0307621
0.0298629
0.0298619
0.0294935
0.0303696
0.0294929
0.0298628
0.0292525
0.0292505
0.0292494
0.0292499
0.0292497
0.0292504
0.0292518
0.0294943
0.0292515
0.0292501
0.0298608
0.0292523
0.0292488
0.0294934
0.0292522
0.0292507
0.0294924
0.029493
0.0303695
0.0294921
0.0292517
0.0294927
0.0298631
0.0292513
0.0294938
0.0294926
0.0294932
0.0292523
0.0294915
0.0292518
0.0298632
0.029252
0.0292514
0.029252
0.0292512
0.0292501
0.0292511
0.0298621
0.0294912
0.0292516
0.029252
0.0292517
0.0292525
0.0298634
0.029492
0.029492
0.0303694
0.0313025
0.0308772
0.029969
0.0291146
0.0285186
0.0287315
0.0285183
0.0285179
0.0279447
0.0285192
0.0285189
0.0285175
0.0285163
0.0291168
0.0285174
0.027943
0.0285188
0.028519
0.0285178
0.0291152
0.0287319
0.028519
0.0285179
0.0285175
0.0285193
0.0285177
0.0285178
0.028519
0.0287313
0.0287308
0.0287304
0.0291145
0.028307
0.0285185
0.0279441
0.0285173
0.0285183
0.0285169
0.0287308
0.0291158
0.0293382
0.028518
0.0287314
0.0295624
0.0287312
0.0287325
0.0285177
0.0291151
0.0291165
0.0285202
0.0285185
0.0287307
0.0285182
0.0285173
0.0285187
0.0285185
0.028519
0.0285171
0.0285184
0.0287284
0.0285172
0.0285194
0.0291144
0.0285181
0.0291158
0.0285188
0.0285181
0.0287321
0.0295635
0.02873
0.0285162
0.0285182
0.0285187
0.0285187
0.0285187
0.0285183
0.0285172
0.0291158
0.0291163
0.0287314
0.0291167
0.0287314
0.0285176
0.0285175
0.0283063
0.028517
0.0285183
0.0287303
0.0285173
0.0285191
0.0291167
0.0285198
0.0285185
0.029115
0.0299705
0.0293381
0.0285183
0.0285185
0.0279434
0.0285168
0.0285183
0.0285166
0.0285171
0.0285154
0.0279433
0.0287316
0.0293369
0.0285185
0.029116
0.0285158
0.0279424
0.0287303
0.0285166
0.0285183
0.0285188
0.0291167
0.0291149
0.029117
0.0285165
0.0285174
0.02934
0.0291166
0.0283083
0.0285181
0.0279441
0.0285169
0.0285184
0.0285168
0.0285182
0.0285179
0.0285184
0.028519
0.0285172
0.0293379
0.0293378
0.0295634
0.0293383
0.0285191
0.0285177
0.0287297
0.0279437
0.0287309
0.028518
0.0293383
0.0285184
0.0287322
0.028518
0.0285193
0.0293383
0.0285167
0.0285179
0.0285184
0.0285187
0.0283078
0.0285183
0.0285172
0.0285182
0.0291145
0.0287311
0.0279415
0.0285184
0.0285194
0.0285182
0.0285176
0.0285189
0.0285194
0.0285177
0.0285174
0.0285187
0.028733
0.0285192
0.0287319
0.0285177
0.0291171
0.0291165
0.0285149
0.0285167
0.0287299
0.0287302
0.0285178
0.0285179
0.0287297
0.028519
0.0285173
0.0291159
0.0285144
0.0285183
0.0287293
0.0287309
0.0285173
0.0279443
0.0285193
0.0285185
0.0285185
0.0287315
0.0285175
0.0285151
0.0287314
0.0291164
0.0285181
0.0285181
0.0279426
0.0285185
0.0285183
0.0285185
0.0285182
0.0285178
0.0283049
0.028518
0.0293387
0.0285153
0.0285176
0.0285173
0.0285181
0.028517
0.0291151
0.0285184
0.0291156
0.0285192
0.0287297
0.0295638
0.0287313
0.0291149
0.0285152
0.0285171
0.0287314
0.0285192
0.0285169
0.0287318
0.028732
0.028518
0.0285175
0.0279436
0.0287292
0.0285174
0.0291153
0.0291155
0.0285184
0.0291158
0.0285167
0.0291146
0.0285176
0.0283071
0.0285163
0.0291166
0.0285188
0.028519
0.0285186
0.0285164
0.0285169
0.0285163
0.0285174
0.0285158
0.0287308
0.0285177
0.0285176
0.0285152
0.0287323
0.0295649
0.0287317
0.0285172
0.0283061
0.0285185
0.0285181
0.0279426
0.0285181
0.0291163
0.0291164
0.028516
0.028518
0.0287309
0.0291172
0.029972
0.0293393
0.0285165
0.0285179
0.0285178
0.0285181
0.0291139
0.0287317
0.0285171
0.0283076
0.0285173
0.0287315
0.0287319
0.0291148
0.0291159
0.0285161
0.0285184
0.0285155
0.0285172
0.0285162
0.0285173
0.028519
0.0287316
0.0285182
0.0285171
0.0287325
0.0285183
0.0285188
0.0285181
0.0285184
0.0291166
0.0287307
0.0285184
0.0291164
0.028518
0.0285191
0.0287321
0.0291166
0.0287305
0.0287311
0.0287319
0.0285185
0.0287319
0.0291153
0.0299714
0.0291173
0.0287307
0.0285184
0.0285168
0.0287317
0.029113
0.0285187
0.0285188
0.0285184
0.0291155
0.0293391
0.0285167
0.0285194
0.0285185
0.0287319
0.0295614
0.0287311
0.0287312
0.0279436
0.027943
0.0285178
0.0285191
0.0285188
0.028518
0.0285179
0.0291154
0.0285182
0.0279419
0.027943
0.0285177
0.0287311
0.0285173
0.0285171
0.0287318
0.0287319
0.0285177
0.0291149
0.0291154
0.0287295
0.0279437
0.0285184
0.029116
0.0287314
0.0279422
0.0285186
0.028518
0.0285184
0.0285173
0.0285175
0.0285184
0.0285188
0.0287308
0.0285181
0.0285183
0.028518
0.028519
0.0285177
0.0287321
0.0291168
0.0293391
0.0295647
0.02873
0.0291149
0.0285186
0.028517
0.0291156
0.0285176
0.0285167
0.0285189
0.028517
0.0291157
0.0285176
0.0285171
0.0285181
0.0285181
0.0287309
0.0291159
0.0285165
0.0287308
0.0285179
0.0285176
0.0291151
0.0285164
0.0285167
0.0285175
0.0283068
0.028518
0.0279416
0.028731
0.0287313
0.028731
0.0287319
0.0287308
0.0285137
0.0287327
0.0285182
0.0279437
0.028733
0.0285178
0.0285175
0.027943
0.0285188
0.029116
0.0285172
0.0287314
0.0285142
0.0285169
0.0285182
0.0287325
0.0285179
0.0279447
0.0285182
0.0285175
0.0285175
0.0285183
0.029113
0.0285136
0.0285176
0.0285181
0.0285182
0.0285167
0.0285182
0.028517
0.0287307
0.0285169
0.0293393
0.0285189
0.028519
0.0285178
0.0291154
0.0285169
0.0285177
0.0285175
0.0285157
0.029116
0.0285161
0.028519
0.0287296
0.0285153
0.0285167
0.0283073
0.029115
0.0285176
0.0287319
0.0285177
0.0285183
0.0291152
0.0285181
0.0285187
0.0279431
0.0285197
0.0285185
0.0279445
0.0279428
0.0285187
0.029339
0.0285173
0.0285189
0.0285179
0.0285181
0.0285187
0.0285176
0.0285154
0.0285187
0.0291165
0.0291152
0.0285188
0.0291161
0.0285174
0.0283085
0.0285147
0.0285187
0.0285191
0.0279436
0.028519
0.029339
0.0285172
0.0285177
0.0285195
0.0285175
0.0291157
0.0285166
0.028515
0.0293377
0.0285174
0.0285191
0.028518
0.0285175
0.0285183
0.0285174
0.0285167
0.0285184
0.0285188
0.0285178
0.0285173
0.0287315
0.0285187
0.0283073
0.0285186
0.0283062
0.0285173
0.0283059
0.0285176
0.0285187
0.0285176
0.0285186
0.0285174
0.0287274
0.0287304
0.0287305
0.0291158
0.0285179
0.0287322
0.0285178
0.0279417
0.0287301
0.0285159
0.028517
0.0285165
0.0287301
0.0291159
0.0291162
0.0285182
0.0285179
0.0291169
0.0285187
0.0285168
0.0287297
0.0295642
0.0293373
0.0285184
0.0285156
0.0291156
0.0285178
0.0285173
0.028519
0.0291164
0.0285179
0.0285168
0.0285165
0.0291152
0.0291156
0.0285184
0.0291159
0.0285175
0.0285175
0.0285182
0.0285173
0.0285188
0.0291156
0.0285191
0.0285166
0.0287289
0.0291144
0.0285164
0.0285174
0.0285182
0.0293379
0.0285182
0.0285177
0.029115
0.0299706
0.0293394
0.0285175
0.0287305
0.0285174
0.0285177
0.0285182
0.0285173
0.0283042
0.0285182
0.0285171
0.0279449
0.0287311
0.0285181
0.0285166
0.028517
0.029338
0.0287306
0.0293377
0.0285185
0.0285184
0.0287316
0.0287316
0.0295631
0.0293393
0.0291147
0.0285176
0.0283077
0.0285182
0.0291139
0.0291161
0.0283086
0.0285181
0.0287307
0.0285149
0.0287292
0.0285161
0.0285158
0.0285186
0.0291157
0.0299724
0.0291153
0.0285187
0.0287317
0.0285179
0.0291152
0.0285183
0.0287312
0.0285175
0.0287306
0.0285191
0.028729
0.0285173
0.0285173
0.0285182
0.0283054
0.0285172
0.0285174
0.0285187
0.0285182
0.0285161
0.0285154
0.0285183
0.0285185
0.028517
0.0291145
0.0287321
0.028518
0.0279426
0.0279428
0.0285183
0.0285183
0.0287305
0.0287312
0.0285179
0.0285175
0.0285181
0.0291161
0.0285178
0.0285181
0.0285165
0.0279437
0.0285165
0.0291172
0.0299712
0.0291157
0.0287317
0.0285167
0.0285157
0.0285202
0.0285187
0.0285182
0.0285191
0.0285188
0.0285185
0.0285098
0.0285171
0.0285193
0.0285194
0.0283076
0.0285171
0.0287291
0.0287317
0.0291156
0.0285185
0.0291155
0.0285181
0.0285178
0.0285185
0.0291151
0.028516
0.0285163
0.0285173
0.0285168
0.0285181
0.0285168
0.0291163
0.0285191
0.0291139
0.0287299
0.0285188
0.0285165
0.0285181
0.0293385
0.0285174
0.0285182
0.028519
0.0285185
0.0291161
0.0285188
0.0285192
0.0285185
0.0287303
0.0285181
0.0285176
0.0277434
0.0285188
0.0291154
0.0285157
0.0285166
0.0287318
0.0285162
0.0291162
0.0285186
0.0285183
0.0285187
0.028518
0.0285188
0.0293371
0.0285182
0.0287323
0.0285179
0.029338
0.028519
0.0287318
0.0285193
0.0285172
0.0285173
0.0287316
0.0285195
0.028517
0.0285174
0.0285175
0.0285171
0.0285175
0.0287317
0.0285177
0.028517
0.0291155
0.0287317
0.0291158
0.0285182
0.0287309
0.0285159
0.0279439
0.0285181
0.0291162
0.0285152
0.0285162
0.0285178
0.0285186
0.0285168
0.0285155
0.0285188
0.0285186
0.0283066
0.0285183
0.0291174
0.0285187
0.0285176
0.028518
0.0287308
0.0291147
0.0285175
0.0291148
0.0285158
0.0287314
0.029115
0.0285186
0.0287321
0.0291164
0.0285184
0.0291166
0.0285184
0.0285168
0.0285177
0.0285176
0.0285178
0.0285193
0.0285169
0.0291166
0.0285185
0.0285186
0.029116
0.0285163
0.0285184
0.0279445
0.0285193
0.0285176
0.0285169
0.0285187
0.028731
0.0287315
0.0285173
0.0285158
0.0291164
0.0287316
0.0285179
0.0285182
0.0285172
0.0291176
0.0285189
0.0285192
0.0285176
0.0285177
0.0285179
0.0291157
0.0291152
0.0287311
0.028517
0.0279427
0.0285181
0.0285193
0.0285185
0.0285162
0.0287315
0.0285187
0.0285187
0.028519
0.0285172
0.0287309
0.0285169
0.0287296
0.0285177
0.0285174
0.0279419
0.0285174
0.0285177
0.0285185
0.0285181
0.0285184
0.0279443
0.027944
0.0285174
0.0285193
0.0285179
0.028519
0.0287321
0.0285192
0.0285174
0.0287303
0.0295633
0.028729
0.0285173
0.0285173
0.0285176
0.0285165
0.0285162
0.0285169
0.0285169
0.0285168
0.0287311
0.0285167
0.0285184
0.0285183
0.0287309
0.0291164
0.0299724
0.0291167
0.0285183
0.0285176
0.0287316
0.0285167
0.0285136
0.0291161
0.0285173
0.0285185
0.0279426
0.0285185
0.0287308
0.0291175
0.0285179
0.0287322
0.029115
0.0285173
0.0285174
0.0287306
0.0291152
0.028518
0.0285178
0.0285186
0.0285173
0.0285169
0.0285194
0.0285192
0.0287321
0.0291142
0.0285186
0.0285195
0.0279444
0.0283065
0.0283058
0.0291162
0.0285183
0.0285184
0.028519
0.028519
0.0279444
0.027944
0.0285166
0.0285165
0.0285187
0.0285174
0.0287299
0.0285179
0.0291152
0.0285179
0.0285177
0.0287301
0.0285171
0.0283064
0.0285164
0.0293375
0.0285194
0.0285174
0.0291161
0.0285174
0.0291136
0.0283073
0.0285193
0.0285199
0.0285192
0.0285172
0.0285193
0.0287313
0.0285189
0.0285169
0.0285169
0.02873
0.0285157
0.0285187
0.0285183
0.0287313
0.0285172
0.0285178
0.0287315
0.0291159
0.0299716
0.0291163
0.0285184
0.0287301
0.0285175
0.0285172
0.0285169
0.0279443
0.0285178
0.0285167
0.027944
0.0285163
0.0291125
0.0291164
0.0285183
0.0285184
0.0285163
0.0285165
0.0291153
0.0285169
0.0285171
0.0285173
0.0285181
0.0285164
0.0287308
0.0291138
0.0285164
0.0285168
0.0285184
0.0283077
0.0283059
0.0285176
0.0285166
0.0291127
0.0299709
0.0293387
0.0285187
0.0285168
0.0285176
0.0285186
0.0287317
0.028518
0.0285176
0.0285192
0.0285166
0.0285176
0.0285186
0.0287325
0.0295635
0.0287313
0.0285193
0.0285184
0.0285176
0.0285193
0.0285181
0.0285174
0.0287315
0.0293378
0.0287299
0.0285184
0.0285179
0.0287302
0.028518
0.0285175
0.0285167
0.0291149
0.0285163
0.0285158
0.0287284
0.0285188
0.0287323
0.0285181
0.0287324
0.0285182
0.0285169
0.0285174
0.0285184
0.0279426
0.0285193
0.0285173
0.0285195
0.0287325
0.028519
0.0285191
0.0285178
0.0285185
0.0279447
0.0285181
0.0285166
0.0285161
0.0287309
0.0285172
0.0285164
0.028517
0.0285184
0.0287314
0.0279443
0.0285165
0.0285181
0.0287314
0.0285156
0.0291156
0.0285174
0.0285186
0.0291183
0.0285175
0.0287308
0.027944
0.0285187
0.028518
0.0285182
0.0291149
0.028732
0.0287313
0.028514
0.0285189
0.0285168
0.0285189
0.0285185
0.0285183
0.0285166
0.0287323
0.0279432
0.0279428
0.0285176
0.0285185
0.0285179
0.0287305
0.0285187
0.0291154
0.0285176
0.0285165
0.0293377
0.0285176
0.0285177
0.0285185
0.0293395
0.0285177
0.028518
0.0285162
0.0287306
0.0285181
0.0285183
0.0285194
0.029114
0.0285188
0.0291165
0.0285171
0.0291157
0.0285159
0.0291165
0.0285196
0.0279447
0.0285157
0.0285163
0.0285175
0.0285184
0.028732
0.0285169
0.0285181
0.0285184
0.0285175
0.0285171
0.0287305
0.0285169
0.0285146
0.0285186
0.028517
0.0293382
0.0285177
0.0285174
0.0285173
0.0285187
0.0291153
0.028518
0.0285168
0.0293392
0.0287304
0.0287306
0.0285182
0.0279432
0.0285181
0.0285178
0.0285184
0.0287295
0.0291163
0.0285168
0.0291141
0.0287279
0.0291153
0.0285169
0.0285189
0.0285185
0.0285178
0.0283075
0.0285181
0.0279414
0.0285181
0.0287306
0.0285183
0.0285172
0.0285177
0.0279434
0.0285172
0.0287309
0.0285172
0.0285181
0.0285183
0.0285173
0.0285182
0.028518
0.0285187
0.028519
0.0285179
0.0285181
0.0285162
0.0285159
0.0285185
0.0285184
0.029117
0.0285174
0.0287313
0.0285171
0.0285183
0.0285157
0.029116
0.028519
0.0285176
0.0285167
0.0285186
0.0285189
0.0287322
0.029113
0.0285173
0.0285159
0.0291104
0.0285166
0.0285171
0.029116
0.02873
0.0285181
0.0285174
0.0287313
0.0285186
0.0285178
0.0285182
0.0285181
0.0285183
0.028519
0.028731
0.0279436
0.0285178
0.0285183
0.0285177
0.0285185
0.0285191
0.02852
0.0285195
0.0279431
0.0285187
0.0277393
0.0285176
0.0287323
0.0291171
0.0285197
0.0285177
0.0291152
0.0285178
0.0285186
0.0285173
0.0293398
0.0285172
0.0279431
0.0285191
0.0285187
0.0291157
0.0287321
0.029117
0.0285181
0.0285179
0.0291165
0.0285175
0.028516
0.028518
0.0285176
0.028518
0.0285191
0.0285184
0.0287314
0.028517
0.0279428
0.0285179
0.0291159
0.0285167
0.0285195
0.028516
0.0287301
0.0285178
0.0291146
0.0285169
0.0285179
0.0285153
0.0287319
0.0285188
0.0285184
0.0285184
0.0285189
0.0291161
0.0285194
0.028519
0.0285185
0.029339
0.0291145
0.0285189
0.0285192
0.0285184
0.0285164
0.0287311
0.0285193
0.0285173
0.0291173
0.0285184
0.0287324
0.0285178
0.027944
0.0287327
0.0295644
0.0287309
0.0285189
0.0285182
0.0285177
0.0291142
0.0285171
0.0285179
0.0287301
0.0287308
0.0285192
0.0285147
0.0285177
0.0285167
0.0287307
0.0291162
0.0285182
0.0285174
0.0283058
0.0291134
0.02852
0.0285185
0.0285169
0.0285196
0.0285183
0.029116
0.0287317
0.0285176
0.0285161
0.0291164
0.0285187
0.0285173
0.0285171
0.028517
0.0279432
0.0285177
0.0291152
0.0285173
0.0285176
0.0285179
0.0285182
0.0287299
0.0287315
0.028518
0.0285178
0.028519
0.0285184
0.0285191
0.0285176
0.0285184
0.0287296
0.0287302
0.0291148
0.0285183
0.0285164
0.0285166
0.0285167
0.0285153
0.0285154
0.0285167
0.0285191
0.0285174
0.0291148
0.0285171
0.0283074
0.0285187
0.0291154
0.0285192
0.0293371
0.0285187
0.0285176
0.0285191
0.0285179
0.0285169
0.0285171
0.0285183
0.0285189
0.0285186
0.0285148
0.0291147
0.0285196
0.0287317
0.0287315
0.0285173
0.0285166
0.0285178
0.0285176
0.0283073
0.0285191
0.0285168
0.0285177
0.0285185
0.0287289
0.0285171
0.0287315
0.028731
0.0285176
0.0285181
0.0285181
0.0285173
0.0285174
0.0285174
0.0291164
0.0285162
0.0291146
0.0285176
0.0285177
0.0285177
0.0279454
0.0285172
0.0285194
0.0287322
0.0287317
0.0291151
0.0291164
0.0291146
0.0287305
0.0285194
0.0287314
0.0287303
0.0291151
0.0285153
0.0285183
0.028518
0.0285173
0.0287308
0.0285171
0.0285181
0.028517
0.0285182
0.0287307
0.02873
0.0279418
0.028517
0.0291154
0.0293378
0.029562
0.0287314
0.0285192
0.0285178
0.0285189
0.0285182
0.0285171
0.0285169
0.0285184
0.0291147
0.0285182
0.028518
0.028518
0.0291162
0.0287314
0.0285187
0.0291168
0.0285186
0.0285175
0.028518
0.028518
0.0285178
0.0287317
0.0285197
0.0279442
0.0287308
0.0285181
0.0285182
0.0285182
0.0291181
0.0285192
0.028518
0.0285187
0.0287311
0.0285178
0.0285186
0.0291175
0.0285178
0.0285179
0.028519
0.0291151
0.0285182
0.0283062
0.0285192
0.0285185
0.0285174
0.0285192
0.0285195
0.0285179
0.0285179
0.0285176
0.0291157
0.029339
0.0285173
0.0285184
0.0283065
0.0285155
0.0285174
0.0287314
0.0279415
0.0285186
0.0279435
0.0285153
0.0285173
0.0285167
0.0285177
0.0285175
0.0285177
0.0285186
0.0285192
0.0285173
0.0285185
0.0285183
0.0285195
0.0287313
0.0285194
0.0287309
0.0285183
0.0285172
0.0287314
0.0287313
0.029115
0.0299703
0.0293377
0.0285179
0.0287304
0.0285174
0.0293377
0.0285174
0.0285168
0.0285196
0.0285172
0.0291167
0.0285179
0.0283078
0.0285175
0.0285171
0.0285169
0.0285162
0.0287309
0.0285177
0.0291176
0.028516
0.0285187
0.0291174
0.0285166
0.0285189
0.0285174
0.0287311
0.0285171
0.028517
0.0285181
0.0285189
0.0285185
0.0283067
0.0285162
0.0285174
0.0285172
0.028519
0.0287306
0.028518
0.0285171
0.0285156
0.0285181
0.0285198
0.0291155
0.0285179
0.0285177
0.0287304
0.0285192
0.0285183
0.0287288
0.0285177
0.028518
0.0285174
0.0285188
0.0287304
0.0287308
0.0285192
0.0285188
0.0287325
0.0285178
0.0287304
0.0285154
0.0285162
0.0285175
0.0285182
0.0285184
0.0285182
0.0285172
0.0285183
0.0285186
0.0285173
0.0287321
0.0295628
0.0293391
0.0285157
0.0287311
0.028517
0.0285185
0.0285198
0.0279441
0.0287322
0.0285167
0.0285184
0.0285178
0.0285167
0.0279434
0.0285178
0.0285174
0.0287301
0.0291162
0.0285169
0.0285182
0.0285176
0.0285189
0.0285172
0.0285173
0.0291166
0.0285177
0.0293387
0.0285183
0.0285167
0.0279446
0.0287304
0.0291165
0.028518
0.0285169
0.0291155
0.0285187
0.0285187
0.0285191
0.0291164
0.0287323
0.0285168
0.029116
0.0285186
0.0291146
0.0287302
0.0295621
0.0287316
0.0285169
0.0291153
0.0291158
0.029337
0.0295651
0.0287322
0.0285174
0.0283085
0.0285187
0.0285164
0.0285187
0.0285178
0.0285175
0.0285177
0.028732
0.0285186
0.0279435
0.0285167
0.028518
0.028518
0.0285181
0.0285183
0.0287313
0.0295643
0.0287295
0.028517
0.0285192
0.0285177
0.0285177
0.0287325
0.0291162
0.028518
0.0291157
0.0291133
0.0299704
0.0291151
0.0285164
0.0285169
0.0285188
0.0279432
0.0285164
0.0285171
0.0285191
0.0287317
0.0285186
0.0291157
0.02852
0.0291166
0.028519
0.0285177
0.0287314
0.0285186
0.0287314
0.0285167
0.0287301
0.0287293
0.0287319
0.0285191
0.0285188
0.0291162
0.028518
0.0287311
0.0287302
0.0285179
0.0285178
0.0285176
0.0285184
0.0285186
0.0285178
0.0285174
0.0285155
0.0285181
0.0285181
0.0285169
0.028731
0.0285172
0.0285186
0.0285178
0.0291154
0.0285187
0.0285169
0.0283067
0.0291158
0.0291167
0.0291166
0.0299717
0.029116
0.0285188
0.028517
0.0285173
0.0285177
0.0293375
0.0285169
0.0287306
0.0285182
0.0285189
0.0285171
0.0285176
0.0285197
0.0285191
0.0285181
0.0287291
0.0295623
0.0287311
0.0285163
0.0285186
0.028731
0.0285172
0.0285173
0.0285174
0.0291139
0.0285175
0.0291153
0.0287325
0.0287312
0.0285182
0.0285173
0.0285173
0.0293369
0.0285188
0.0285196
0.0285176
0.0291165
0.028731
0.028518
0.0287325
0.0285171
0.0287311
0.0285186
0.0285187
0.028731
0.0285178
0.0285183
0.028731
0.0285149
0.0285192
0.0287314
0.0287287
0.0287314
0.0285182
0.028732
0.0285191
0.0285177
0.028308
0.0291154
0.029117
0.0291143
0.028518
0.0285178
0.0285181
0.0285161
0.0291161
0.0285172
0.0285175
0.0287322
0.0291165
0.0293379
0.0285172
0.0283084
0.0285184
0.0285169
0.028519
0.0285164
0.0285181
0.0287307
0.0291147
0.0285179
0.0287299
0.0285182
0.0293388
0.0291167
0.0285177
0.0285166
0.0285177
0.0291163
0.0285175
0.029116
0.028518
0.028519
0.0285178
0.0285171
0.0291163
0.0293391
0.0285189
0.0287317
0.0291168
0.028517
0.0285183
0.0287308
0.0285187
0.0285191
0.0287295
0.0279423
0.0285175
0.0291167
0.0285179
0.0285157
0.028519
0.0285185
0.0291156
0.0299699
0.0293368
0.0285186
0.0285192
0.0285172
0.0285179
0.0285182
0.0285166
0.0285158
0.0285188
0.0285185
0.028519
0.0285177
0.028518
0.0291145
0.0285186
0.0287313
0.028519
0.0291166
0.0285176
0.0287282
0.0291167
0.0285192
0.0285186
0.0285182
0.0285181
0.0285179
0.0287319
0.0285175
0.0285186
0.0285187
0.0279433
0.028517
0.0285175
0.0293377
0.0293374
0.028519
0.0293368
0.0285191
0.0285171
0.0285193
0.0285167
0.0287313
0.0285177
0.0287308
0.0291152
0.0291168
0.0285194
0.0285174
0.0285182
0.0279434
0.0285156
0.0285163
0.0291162
0.0285181
0.0285185
0.0285157
0.0285181
0.0285187
0.0285188
0.0285168
0.0287301
0.0285181
0.0293384
0.0291168
0.0293385
0.0285177
0.0293398
0.0291156
0.0299714
0.0291164
0.028518
0.0287309
0.0285175
0.0285171
0.0285166
0.0285167
0.0291161
0.0287306
0.0285174
0.028519
0.0285189
0.0291178
0.0293385
0.0299711
0.0291137
0.0285174
0.0285182
0.0279438
0.0285191
0.0285177
0.0285168
0.0285179
0.0285174
0.0285186
0.028518
0.0285164
0.0291168
0.0285179
0.0283084
0.0285181
0.0287306
0.0287329
0.0285161
0.0285163
0.0287297
0.0291148
0.0287311
0.0285176
0.0285185
0.0285197
0.0291165
0.0285192
0.0285183
0.0285194
0.0285184
0.0283053
0.0285173
0.0287311
0.0285157
0.0287309
0.0285183
0.0285182
0.0291156
0.0285177
0.028518
0.0285176
0.0293387
0.0285177
0.0285167
0.0291155
0.0285185
0.0285185
0.0287308
0.0291164
0.0285174
0.0285191
0.0285187
0.0287313
0.0295611
0.0287304
0.0285163
0.028518
0.0285172
0.0285172
0.0279441
0.0279421
0.0285177
0.0285195
0.0285176
0.0291166
0.0285165
0.0285164
0.0285176
0.0285177
0.0291149
0.0291156
0.0299708
0.0291183
0.0285171
0.0291166
0.0285177
0.0285175
0.0285191
0.0285174
0.0285185
0.0287314
0.0285179
0.028518
0.0285172
0.0285164
0.028517
0.0285197
0.0285166
0.0283064
0.0285165
0.0285174
0.0285192
0.0285179
0.0285161
0.0285191
0.0279438
0.028519
0.0285187
0.0285183
0.0285167
0.0285185
0.0285174
0.0285161
0.0285196
0.0287322
0.0295622
0.0304456
0.030007
0.0291493
0.0283401
0.0279454
0.027945
0.0277585
0.0277555
0.0277596
0.0277584
0.0277581
0.0275743
0.0277567
0.0277571
0.0277582
0.0279446
0.0277585
0.0277568
0.0277577
0.027758
0.0277575
0.0279435
0.0277569
0.0277575
0.027758
0.027758
0.0271982
0.0277565
0.027759
0.0277587
0.0271993
0.0277582
0.0279449
0.0277593
0.0277587
0.0283403
0.0277583
0.0277568
0.0277584
0.0279452
0.0277581
0.0277574
0.0277567
0.0285352
0.0283376
0.0279412
0.0279449
0.0277578
0.0277585
0.0277581
0.0277565
0.0277589
0.0283412
0.0277568
0.0277568
0.0277566
0.0277579
0.0277569
0.0277586
0.0277586
0.0283408
0.0277594
0.0283394
0.0277579
0.0279449
0.0283421
0.0285341
0.0277587
0.0277599
0.0277597
0.0277599
0.0279454
0.0277586
0.0277577
0.0283411
0.027945
0.0277593
0.0277591
0.0283417
0.0277578
0.0277589
0.027759
0.0279447
0.0277588
0.0285339
0.0283397
0.027945
0.0277591
0.0283398
0.0277594
0.0277578
0.0277584
0.0285348
0.0277586
0.0277582
0.0277574
0.0279455
0.0277581
0.027757
0.0277589
0.0283396
0.0277576
0.0285352
0.0283412
0.0277572
0.0277574
0.0277591
0.0275734
0.0283396
0.0277579
0.0275723
0.0277585
0.0277572
0.0279437
0.0283413
0.0277569
0.0283408
0.027944
0.0277581
0.027757
0.0277583
0.0277574
0.0277578
0.0277579
0.0277571
0.0275725
0.0277586
0.0283412
0.0283408
0.0277581
0.0283403
0.0277587
0.0285353
0.0277576
0.0277577
0.0283396
0.0291505
0.0283394
0.0291497
0.0283389
0.0277587
0.0277588
0.027945
0.0277586
0.0277574
0.0279436
0.0283391
0.0275743
0.0283399
0.0279449
0.0277572
0.0275726
0.0277595
0.0277581
0.0283402
0.0277583
0.0277585
0.0277575
0.0277576
0.0283394
0.0283403
0.0277584
0.0277593
0.0277578
0.0277586
0.0277585
0.0277592
0.0277588
0.0277588
0.027758
0.0285334
0.0277583
0.0277566
0.0277583
0.027758
0.027944
0.0277582
0.0277585
0.0277555
0.0277588
0.0283408
0.0277585
0.0277582
0.0277593
0.0277572
0.027022
0.0277562
0.0277564
0.0279455
0.0283411
0.0277576
0.0277576
0.0277586
0.0277589
0.0279452
0.0277584
0.0283392
0.0277585
0.0277587
0.0277576
0.0277583
0.0279429
0.0277576
0.0277591
0.0277582
0.0277581
0.0277592
0.0283408
0.0277584
0.0277578
0.0277578
0.028341
0.0277575
0.027946
0.0277589
0.0277566
0.0279441
0.0285351
0.0277587
0.0277572
0.0277566
0.0277573
0.027572
0.027759
0.0277575
0.0283407
0.0285336
0.0277579
0.0277582
0.0277572
0.0277582
0.027759
0.0279448
0.0277588
0.0283402
0.0279442
0.0287298
0.0279458
0.0279427
0.0279451
0.0277583
0.0277577
0.0271977
0.0277582
0.0277575
0.0277565
0.027758
0.0277565
0.0277584
0.0279432
0.0277578
0.027759
0.0277588
0.0283392
0.0277566
0.0277596
0.0277589
0.0283407
0.0283408
0.0277587
0.0283416
0.0277576
0.0279439
0.0283416
0.0277587
0.0283402
0.0277583
0.0277567
0.027758
0.0277578
0.0277582
0.0279438
0.0279442
0.0277554
0.0277584
0.0277573
0.0277576
0.0277558
0.0277589
0.0277573
0.0277559
0.0279445
0.027756
0.0277586
0.0283403
0.0279455
0.0277583
0.0277582
0.0277564
0.0285336
0.0283396
0.0277565
0.0277574
0.0277583
0.0279439
0.0277587
0.0283405
0.0277589
0.0279443
0.0277583
0.0277578
0.0277585
0.0277582
0.0277589
0.0277584
0.0279455
0.0277576
0.0277565
0.0271983
0.0277587
0.0277569
0.0277569
0.0277589
0.0277584
0.0277581
0.0271991
0.0277581
0.0277591
0.0277586
0.0279438
0.028339
0.027758
0.027758
0.0279472
0.0277584
0.027758
0.0277576
0.0283407
0.0279454
0.0279442
0.0277585
0.0283394
0.0277593
0.0279443
0.0283396
0.0277583
0.0277578
0.0279447
0.0279452
0.027945
0.0277583
0.0283396
0.0277567
0.0283408
0.0277596
0.0283417
0.0277588
0.027758
0.0277587
0.0277575
0.0277587
0.0277594
0.0277572
0.0277569
0.0279444
0.0277587
0.0283413
0.0277583
0.0277586
0.0277566
0.0271969
0.0279447
0.0277576
0.0277583
0.0277575
0.0277587
0.0277584
0.0277572
0.0277579
0.0283405
0.0277586
0.0277591
0.0277561
0.0283389
0.0277563
0.0283389
0.0291489
0.0283395
0.0279397
0.0277592
0.0279442
0.0283415
0.0279448
0.0285347
0.0277582
0.0277573
0.0277578
0.0283403
0.0277581
0.0277581
0.0277575
0.0283389
0.0291506
0.0283394
0.0277587
0.0283392
0.0283403
0.0279443
0.0277576
0.0285343
0.0277579
0.0277579
0.0277581
0.0283409
0.0277579
0.0277594
0.0283385
0.0277592
0.0283401
0.0277582
0.027759
0.0277574
0.0283403
0.0277576
0.0277577
0.0277585
0.0277589
0.0279445
0.0277586
0.028341
0.0277583
0.0283407
0.0279434
0.0279446
0.0283397
0.0277589
0.0277586
0.0277584
0.0279443
0.0277581
0.0277586
0.0279444
0.0277594
0.0279449
0.0271992
0.0279442
0.0271996
0.0277574
0.0283397
0.0277588
0.0283402
0.0277579
0.0279449
0.027755
0.0277573
0.0279449
0.0277578
0.027758
0.027759
0.0277589
0.0277578
0.0277568
0.027944
0.0277578
0.0277597
0.0277589
0.0279451
0.0277581
0.0283398
0.0283408
0.0277575
0.0277564
0.0285361
0.0277589
0.0277587
0.0277596
0.0277567
0.0277569
0.0277584
0.0277578
0.0271984
0.0277589
0.0279447
0.0277584
0.0271994
0.0279446
0.0277574
0.027759
0.0277582
0.0283418
0.0283408
0.027758
0.0277572
0.0277564
0.0277578
0.0277566
0.0285355
0.0283411
0.0277586
0.0277581
0.0277588
0.0277573
0.027758
0.0277588
0.0277588
0.0277577
0.0277578
0.0283405
0.0277582
0.0277582
0.0279453
0.0277585
0.0277584
0.0277586
0.027758
0.0285346
0.0287313
0.0285347
0.0279447
0.027198
0.0277569
0.027758
0.0279436
0.0277578
0.0277578
0.0283406
0.0277576
0.0277577
0.0277566
0.0277565
0.0283394
0.0277582
0.0277587
0.0283411
0.0277584
0.0283407
0.028341
0.0277581
0.0277581
0.0277575
0.0277581
0.0277584
0.0277581
0.0283413
0.0277579
0.0283413
0.0277576
0.0277573
0.0277561
0.027758
0.0277586
0.0279453
0.0277586
0.0277579
0.0279435
0.0277592
0.0277577
0.0277584
0.0277581
0.0283413
0.0279452
0.0271984
0.0277583
0.0285347
0.027758
0.0283406
0.0277586
0.027942
0.0287317
0.0279433
0.0277576
0.0283394
0.0277585
0.0279449
0.0277581
0.0271979
0.0277576
0.0277585
0.027198
0.0277553
0.0283393
0.0277559
0.0277594
0.0283407
0.0277588
0.0277579
0.0277589
0.0277578
0.0277574
0.0271999
0.0277581
0.0279442
0.0277576
0.0277572
0.0271977
0.0277569
0.0277584
0.0277583
0.0277564
0.0283405
0.027758
0.0271979
0.0277549
0.027758
0.0279436
0.0277591
0.0277586
0.0277588
0.0277583
0.0277583
0.0277571
0.0277574
0.027021
0.0277584
0.0279452
0.0271981
0.0277577
0.0277582
0.027756
0.0277576
0.0277573
0.0277581
0.0277572
0.0277566
0.0277585
0.0277585
0.0277589
0.0279459
0.0277576
0.0279447
0.0279439
0.0279441
0.0277582
0.0277573
0.0277587
0.0279448
0.0277593
0.0277581
0.0277577
0.0277577
0.0277587
0.0275738
0.0277584
0.0283401
0.0277577
0.0277585
0.0277571
0.0277589
0.0277572
0.027758
0.0279455
0.0277574
0.0277585
0.0277592
0.0277582
0.0277571
0.0283391
0.0283402
0.0277585
0.0285347
0.0283391
0.0279454
0.0277582
0.0277586
0.0277557
0.0277576
0.0277586
0.0277588
0.0277584
0.0279435
0.0279444
0.0279446
0.0277597
0.0277592
0.0277584
0.0279446
0.0279441
0.027758
0.027758
0.0277575
0.0277581
0.0279439
0.0277577
0.027945
0.0279456
0.0279446
0.0277581
0.0277577
0.027759
0.0279445
0.0277594
0.0277577
0.0283391
0.0291495
0.0283404
0.0283411
0.0277582
0.0277578
0.0277568
0.0279443
0.0277585
0.0279459
0.0285361
0.027759
0.0277586
0.0277576
0.0285327
0.0277575
0.0279427
0.0283408
0.0277587
0.0277577
0.0277583
0.02834
0.0277583
0.0279431
0.0283403
0.0277569
0.0277583
0.0277585
0.0277572
0.0283383
0.0279433
0.0283408
0.0277589
0.0277575
0.0275712
0.0277578
0.0277584
0.0277585
0.0277594
0.0277585
0.028534
0.0291504
0.0283403
0.0277577
0.0277573
0.0277566
0.0283413
0.0279441
0.0277597
0.0277572
0.0283388
0.027944
0.0277592
0.0283375
0.0277581
0.0277585
0.0277585
0.0279444
0.0271978
0.0277587
0.0279435
0.0277583
0.0277606
0.0277562
0.0275726
0.027758
0.0277568
0.0277574
0.0277589
0.0277568
0.027757
0.0277561
0.0277584
0.0271994
0.0277591
0.0277581
0.0277573
0.0283402
0.0277572
0.0285341
0.0279451
0.027758
0.0277582
0.027759
0.0277574
0.0279441
0.0277577
0.0279437
0.028339
0.0277575
0.0283407
0.0277576
0.0277569
0.0279448
0.0277582
0.0271995
0.0277574
0.0277572
0.0279442
0.0283394
0.0279431
0.0277583
0.0279438
0.0279453
0.0277583
0.0277582
0.0279434
0.0277586
0.0283407
0.0277568
0.0272003
0.0277546
0.0277576
0.0277562
0.0277586
0.027945
0.027758
0.0277589
0.0277584
0.0277581
0.0277588
0.0283417
0.0277543
0.0277563
0.0277576
0.0277582
0.027758
0.0277587
0.0277581
0.0279457
0.027756
0.0277562
0.0283407
0.0283392
0.0279449
0.0287321
0.0279442
0.0277586
0.0283415
0.0279435
0.0277557
0.0285349
0.0277566
0.0277574
0.027759
0.0271974
0.0277584
0.0277568
0.0277578
0.0277586
0.0277576
0.0277599
0.0277589
0.0279432
0.0287318
0.0279436
0.0283413
0.0277579
0.0277586
0.0277588
0.027757
0.0279449
0.027758
0.0277561
0.0283397
0.0277588
0.0277575
0.0277577
0.0277595
0.0283404
0.0279448
0.0287308
0.0279451
0.0277584
0.0277591
0.0279445
0.0271992
0.0277595
0.0277569
0.0283409
0.0279434
0.0277572
0.0277571
0.0277549
0.0277582
0.027757
0.0277574
0.0277575
0.0277583
0.0279442
0.0277589
0.0277578
0.0283391
0.0277581
0.0277568
0.0283406
0.0291507
0.0283401
0.0277572
0.0283398
0.0277576
0.0277587
0.0277581
0.0277576
0.0277571
0.0277582
0.027943
0.0277571
0.0277583
0.0283409
0.0277581
0.0277576
0.0277588
0.0277573
0.027755
0.0277579
0.0283404
0.0277579
0.0277568
0.0283403
0.0277593
0.0277586
0.0275741
0.0283397
0.0277575
0.0283393
0.0291514
0.0283409
0.0277578
0.0279444
0.0277578
0.0277584
0.0277578
0.0277588
0.027759
0.0277562
0.0285347
0.0283393
0.0283402
0.0277588
0.0279439
0.0277564
0.0275735
0.027758
0.0277574
0.0283397
0.0277579
0.0279449
0.0277572
0.0277578
0.0277574
0.0285332
0.0291495
0.0285336
0.0277576
0.0277586
0.0277577
0.0283406
0.0285363
0.0285358
0.0277579
0.0279446
0.0287317
0.0279437
0.0277568
0.0279439
0.0277575
0.0283405
0.0277588
0.0277585
0.027759
0.0277592
0.0285344
0.028732
0.0279438
0.0271977
0.0277575
0.027757
0.0277555
0.0277578
0.0283396
0.0277581
0.0277593
0.0277585
0.027759
0.0283399
0.0277578
0.0277581
0.0283412
0.0277593
0.0283412
0.0277572
0.0277596
0.0283421
0.0277588
0.0283406
0.0277572
0.0279407
0.0277591
0.028341
0.0279441
0.0283406
0.0279441
0.0279454
0.0283405
0.0283408
0.0277576
0.0277572
0.0279445
0.0277555
0.0283411
0.0277578
0.0277581
0.0277579
0.0277568
0.0277586
0.0277575
0.0283401
0.0277578
0.027944
0.0277573
0.0279428
0.0277566
0.0277572
0.0277581
0.0277579
0.0277585
0.0283402
0.0283401
0.027757
0.0271955
0.0277589
0.0283418
0.0277588
0.0279447
0.0279448
0.0277561
0.0277563
0.0283405
0.0291494
0.0283412
0.027757
0.0283404
0.0277575
0.0277577
0.0279447
0.0279441
0.0277585
0.0279447
0.028733
0.0285342
0.0277568
0.0279435
0.0277581
0.0277566
0.0279437
0.0277578
0.0277568
0.0279451
0.027758
0.0277577
0.0277581
0.0271998
0.0277588
0.0277582
0.0279447
0.0279441
0.0277577
0.0283413
0.0283396
0.0277559
0.0277578
0.027756
0.0285352
0.0277588
0.0283425
0.0277575
0.0277595
0.0277585
0.0277582
0.0277564
0.0277588
0.0277583
0.027944
0.0287312
0.0285356
0.0277579
0.0277577
0.0277563
0.0277585
0.0277592
0.0277573
0.0277579
0.0277589
0.0283403
0.0283407
0.0277572
0.0283412
0.0277572
0.0279452
0.0277578
0.0277576
0.0277589
0.0277589
0.0279444
0.0279432
0.0277586
0.0279445
0.027757
0.0285341
0.0277579
0.027944
0.0271986
0.0277581
0.0279431
0.0279439
0.0283403
0.0277594
0.0277587
0.0277581
0.0277592
0.0285339
0.027944
0.0277583
0.0270204
0.0277586
0.0279442
0.0277578
0.027756
0.0277577
0.027758
0.0275726
0.0283402
0.0291476
0.0283406
0.0277586
0.0277577
0.027757
0.027758
0.0277581
0.0277587
0.0277581
0.0283399
0.0277567
0.0279464
0.0277583
0.0277585
0.0275732
0.0283397
0.0277591
0.0277583
0.0279451
0.0279445
0.0287301
0.0279452
0.0283414
0.0277583
0.0277571
0.0277578
0.0285351
0.027759
0.0277565
0.0279433
0.0279441
0.0287329
0.0279437
0.0277592
0.0277577
0.027946
0.0277579
0.0277582
0.0283399
0.0277579
0.0277575
0.0279449
0.0283394
0.0277572
0.027758
0.0277596
0.0283399
0.0283409
0.0291522
0.0283417
0.0277592
0.0277572
0.0283403
0.0279443
0.0277587
0.0277581
0.0277582
0.0277576
0.0283396
0.0277582
0.0277579
0.0277592
0.0277583
0.0279457
0.0283402
0.0279453
0.0279443
0.028341
0.0277577
0.0277575
0.0277586
0.0283407
0.0279441
0.0277581
0.0277592
0.0277571
0.027759
0.0283361
0.0277575
0.0277575
0.0277577
0.0277589
0.0277593
0.0279438
0.0279448
0.0283409
0.027759
0.027758
0.0277584
0.0279441
0.0283398
0.0279443
0.0277591
0.0277579
0.0283407
0.0277585
0.0277566
0.0283406
0.0283409
0.0277571
0.0277578
0.0285362
0.0277583
0.0277574
0.0277587
0.0277587
0.0277583
0.0277564
0.0277586
0.0277592
0.0277596
0.027945
0.0285348
0.0277585
0.027945
0.0287321
0.0279442
0.0277576
0.0277579
0.0283389
0.0277584
0.0277573
0.0277573
0.0283401
0.0277583
0.0277579
0.0277573
0.0277587
0.0277586
0.027758
0.0279445
0.0277594
0.0283398
0.0279441
0.0277587
0.02834
0.0291502
0.0283405
0.0279435
0.0277584
0.0277576
0.0277583
0.0277588
0.0275741
0.0283403
0.0279438
0.0277578
0.0277577
0.0283397
0.0279443
0.0277577
0.0279441
0.0283406
0.0283392
0.0283409
0.0277589
0.0277591
0.0277568
0.0277587
0.0277568
0.0277591
0.027943
0.028339
0.0279439
0.0279449
0.0277589
0.0277586
0.0283412
0.0277596
0.0277579
0.0277587
0.0283419
0.0283411
0.0283392
0.0277586
0.0277572
0.0277575
0.027758
0.0277595
0.027199
0.0277565
0.0277568
0.0277587
0.0279445
0.0277577
0.0277578
0.0277559
0.0277541
0.0283386
0.0277574
0.0277591
0.0277583
0.027756
0.027758
0.0279439
0.0277578
0.0277583
0.0279456
0.0277575
0.0275732
0.0283407
0.0277574
0.0283415
0.0279453
0.0271973
0.0277564
0.0279448
0.0283409
0.0277585
0.0277576
0.0277582
0.0277594
0.027945
0.0277578
0.0277574
0.0275724
0.027759
0.0277598
0.02834
0.0277582
0.0271997
0.0277577
0.0277595
0.0277586
0.0277585
0.0277561
0.0277579
0.0271989
0.0277585
0.0277573
0.0279451
0.0279442
0.0277569
0.0277585
0.0277574
0.0279437
0.0279449
0.0277583
0.0277592
0.0277584
0.0283397
0.0277587
0.02834
0.0277586
0.027759
0.028535
0.0283393
0.0291504
0.0283408
0.0277579
0.027944
0.027757
0.0277586
0.0279455
0.0277577
0.0277559
0.0279448
0.0277572
0.0283383
0.0279433
0.0277586
0.027759
0.0285346
0.0279434
0.0277569
0.0277569
0.0279451
0.0277589
0.0277546
0.0279435
0.0277589
0.027758
0.0279443
0.0277583
0.0279446
0.0271989
0.027944
0.0277594
0.0283406
0.0277573
0.0279455
0.0283409
0.028341
0.0283407
0.0277581
0.0279453
0.0277585
0.0277595
0.0277589
0.027198
0.0279437
0.0277586
0.0283401
0.0277584
0.0277588
0.0277583
0.0277586
0.0277581
0.0279457
0.0277562
0.0277579
0.0277585
0.0277588
0.0277592
0.0277571
0.0277586
0.0279442
0.0277584
0.027757
0.0277593
0.0277583
0.0277571
0.0277573
0.0277581
0.0277585
0.0283406
0.0277591
0.0277578
0.027945
0.0287312
0.0279429
0.0279435
0.0277571
0.0277585
0.0279432
0.0283405
0.0291505
0.0283408
0.0277593
0.027759
0.0277583
0.0277584
0.0283398
0.0283414
0.0283414
0.0277575
0.0277595
0.0283396
0.0275727
0.0277589
0.0277591
0.0277562
0.0283402
0.0277557
0.0277598
0.0283405
0.0283387
0.0277579
0.0277591
0.0277583
0.0277588
0.0277563
0.0277585
0.0271976
0.0279451
0.0277579
0.0279456
0.0277586
0.0277551
0.0283404
0.0277582
0.0277573
0.0279441
0.0271996
0.027758
0.0277582
0.0279431
0.0277591
0.0277587
0.0277588
0.0277576
0.0277551
0.0283401
0.0277596
0.0279442
0.0277583
0.0277583
0.0279442
0.0277559
0.0277577
0.0277596
0.027197
0.027757
0.0277588
0.0277554
0.0279432
0.0277548
0.0279442
0.0277559
0.0275745
0.0277576
0.0271985
0.0277582
0.0277577
0.0277572
0.0283374
0.0279449
0.0283389
0.0277572
0.0277568
0.0277578
0.0271987
0.0277585
0.0277572
0.0277596
0.0277582
0.0275721
0.0283404
0.0283399
0.0283399
0.0291501
0.0283394
0.0277568
0.0277569
0.0277592
0.0283407
0.0277585
0.0277595
0.027758
0.0279443
0.0277571
0.0283404
0.0277572
0.0277575
0.0277583
0.0283407
0.0277584
0.0277581
0.0275729
0.0283417
0.02834
0.0277535
0.0277591
0.0277585
0.0285359
0.027754
0.0277585
0.0285355
0.0277559
0.0277583
0.027759
0.027759
0.0283405
0.0277596
0.0279446
0.0277589
0.0277584
0.0277575
0.0279442
0.0277589
0.0277591
0.027758
0.0277569
0.0285333
0.0277572
0.0277574
0.0275741
0.0277585
0.0277593
0.0279443
0.0277583
0.0283409
0.0277574
0.0277587
0.0272003
0.0277581
0.0283397
0.0277576
0.0277572
0.027758
0.0277581
0.0277566
0.0279427
0.0277584
0.0277579
0.0277593
0.0277573
0.0277605
0.02834
0.0277588
0.0277576
0.0277578
0.027759
0.0283405
0.027757
0.027757
0.0277581
0.0275742
0.02776
0.0283395
0.0277566
0.0283382
0.0283403
0.0279447
0.027756
0.0277594
0.027759
0.0279445
0.0277579
0.0277573
0.0277565
0.0277594
0.0275721
0.0277574
0.0279431
0.0283415
0.0277581
0.027944
0.0277575
0.0277579
0.0277588
0.0277585
0.027199
0.0279438
0.0277587
0.0283405
0.0277559
0.0277573
0.0277575
0.0277572
0.0277593
0.0279429
0.0277585
0.027023
0.027757
0.0277574
0.0271986
0.0277581
0.0277585
0.0283399
0.0277575
0.0277572
0.0277567
0.0277571
0.0279432
0.0283406
0.0279449
0.0287317
0.0279436
0.0279456
0.0277572
0.0279458
0.0277577
0.0277579
0.0279456
0.0287323
0.0279448
0.0277581
0.027756
0.0279434
0.0279424
0.0277577
0.027945
0.0279442
0.0279444
0.0277585
0.0277563
0.0277582
0.0277569
0.0279437
0.0277582
0.0271984
0.0277572
0.0277576
0.0277588
0.0283408
0.0277582
0.0271982
0.0277573
0.0279453
0.0279456
0.0277585
0.0283416
0.0275736
0.0277577
0.0277585
0.0277572
0.0277579
0.0277581
0.0277569
0.0283409
0.0283408
0.0277582
0.027759
0.0277583
0.0279452
0.02834
0.0283408
0.0283407
0.0277593
0.0277578
0.0277593
0.0277576
0.0277583
0.0277579
0.0277579
0.0283411
0.0279445
0.0283387
0.0277577
0.0277585
0.0271969
0.0277587
0.0277577
0.0279439
0.027944
0.0277565
0.0279429
0.027758
0.0277588
0.0279436
0.0277588
0.0277567
0.0279434
0.0277587
0.0277582
0.0277571
0.0277589
0.0277589
0.0283409
0.0279423
0.0277586
0.0283397
0.0291504
0.0283404
0.0285347
0.0277576
0.0275718
0.0283395
0.0283397
0.0277572
0.027945
0.0271992
0.0277585
0.0277577
0.0277581
0.0283405
0.0277594
0.0277588
0.027757
0.0277571
0.027759
0.0279436
0.0285346
0.0283398
0.0283409
0.0277589
0.0283386
0.0277578
0.0277572
0.0277572
0.0277564
0.027945
0.0277582
0.0283406
0.027758
0.0277583
0.0275751
0.0277581
0.0277565
0.0279435
0.0287317
0.0279435
0.0277589
0.0277573
0.0279449
0.0277577
0.0277561
0.0277569
0.0277582
0.0277585
0.0283421
0.0279429
0.0283414
0.0277586
0.0277575
0.0277566
0.0277578
0.0277573
0.0277583
0.0283404
0.0277577
0.0277577
0.0277594
0.0277583
0.027757
0.0283403
0.0279442
0.0271987
0.0279452
0.0283416
0.0283401
0.0277589
0.0277588
0.02776
0.02834
0.0279453
0.0277578
0.0277584
0.027944
0.0283412
0.0277573
0.0277572
0.02834
0.0277569
0.0279443
0.027759
0.0277569
0.0277584
0.0277584
0.0277585
0.0277571
0.0275736
0.0277589
0.0277568
0.0270226
0.0277577
0.027758
0.0285339
0.0277585
0.0277578
0.0283401
0.0291506
0.0283396
0.0277569
0.0277581
0.0277554
0.0277586
0.027758
0.0277586
0.0270188
0.0275726
0.027756
0.027756
0.027758
0.0283412
0.0277572
0.0277585
0.0283418
0.0277574
0.0277584
0.0277589
0.0277585
0.0277572
0.0279453
0.0277587
0.028535
0.0279452
0.0271968
0.0277576
0.0277589
0.0277583
0.0283392
0.0279435
0.0279427
0.0283386
0.027758
0.0277579
0.0277573
0.0279435
0.0277584
0.0277584
0.0279441
0.0277577
0.0277577
0.0277581
0.0283402
0.0283387
0.0283395
0.027758
0.0277582
0.0277578
0.0277583
0.0277576
0.0277589
0.0277568
0.0277568
0.027758
0.0279444
0.027758
0.0277586
0.0277586
0.0277579
0.0277549
0.0277583
0.0277589
0.0277576
0.0277588
0.0283405
0.0277573
0.0283402
0.0285364
0.0277588
0.0277577
0.0283392
0.0277566
0.0277598
0.0277586
0.0277564
0.0277579
0.027945
0.0277581
0.0277565
0.0283409
0.0279444
0.0285349
0.0277564
0.0277589
0.027758
0.0277582
0.0277575
0.0279431
0.0277571
0.0283409
0.0277588
0.027759
0.0277585
0.027759
0.0283405
0.0277586
0.0277556
0.0277599
0.0277573
0.0277586
0.0277581
0.0277582
0.0285358
0.0277588
0.0283413
0.0277585
0.0283401
0.0277586
0.0277576
0.0275738
0.0277588
0.0275737
0.0283395
0.0279452
0.02776
0.0279456
0.0279441
0.0277587
0.0283409
0.0277576
0.0277582
0.0279436
0.0283402
0.0279435
0.0277583
0.0277592
0.0279447
0.0277569
0.0279432
0.0277576
0.0277591
0.027758
0.0285352
0.0277581
0.0277546
0.0277575
0.0271996
0.0271972
0.0277582
0.0275742
0.027759
0.0277587
0.0283417
0.0277591
0.028341
0.0277572
0.0277579
0.027945
0.0277582
0.0277567
0.0277581
0.0277579
0.0283425
0.0277579
0.0283394
0.0277583
0.0271982
0.0277585
0.0279433
0.0279444
0.0287302
0.0295636
0.029116
0.0283082
0.0277119
0.0269757
0.0269777
0.0269797
0.0269793
0.0271402
0.0271405
0.0269774
0.0269788
0.0277119
0.0269798
0.0269796
0.0269792
0.0269793
0.0269783
0.026818
0.0275433
0.0269805
0.0275453
0.0275438
0.0269787
0.0269799
0.0269792
0.0269798
0.026979
0.0269797
0.0269806
0.0269789
0.0275446
0.0269791
0.026978
0.0275448
0.0269793
0.0271398
0.0269789
0.0269801
0.0268163
0.0269788
0.0269798
0.0271413
0.026978
0.0271406
0.02698
0.0269785
0.0275432
0.0269786
0.0269783
0.0275446
0.0275434
0.0269801
0.0268209
0.0269796
0.0269783
0.0269791
0.026979
0.0275433
0.0283075
0.0275428
0.026981
0.0269793
0.0269797
0.0269786
0.0275445
0.0271406
0.0275429
0.0275437
0.0269788
0.0269781
0.0269789
0.0269788
0.0271404
0.0269774
0.0269766
0.0269798
0.0271408
0.0269789
0.0271401
0.0278826
0.0271421
0.0269789
0.0269788
0.0269787
0.0271408
0.0269804
0.0275449
0.0269791
0.0269799
0.0269795
0.0271409
0.0269785
0.0269792
0.0269794
0.0269795
0.0269795
0.0269798
0.0269798
0.0268193
0.0269791
0.0269789
0.0269792
0.0275431
0.027141
0.0269795
0.0271408
0.0269807
0.0269786
0.0269801
0.02682
0.0275438
0.0269799
0.027141
0.0269799
0.0271387
0.0269792
0.0269796
0.0269784
0.0269792
0.0269795
0.0271393
0.0269795
0.0269782
0.0269793
0.02698
0.0264366
0.0269802
0.0269789
0.026978
0.0269791
0.0275444
0.0269797
0.0269786
0.0275431
0.0269793
0.0271411
0.0269799
0.0269792
0.0269782
0.0269788
0.026978
0.0271403
0.0269793
0.0269788
0.0269779
0.0269782
0.0277126
0.0269794
0.0275448
0.0269791
0.0275446
0.0269795
0.0269797
0.0269787
0.0269786
0.0269782
0.0269779
0.0269794
0.0268192
0.0269797
0.0269789
0.0269767
0.0269776
0.0264372
0.0269783
0.0269799
0.0269804
0.0275444
0.0269794
0.0269774
0.0275437
0.0269801
0.0275437
0.0269807
0.0271404
0.0275442
0.0269795
0.0264361
0.0269798
0.0269797
0.0269805
0.0269785
0.0269782
0.0271401
0.0269782
0.0277126
0.0271409
0.0277128
0.0269801
0.02698
0.0269802
0.0269793
0.027544
0.0275415
0.0283086
0.0275432
0.0268199
0.0262839
0.0269793
0.0269778
0.0269798
0.0264371
0.0269807
0.0269788
0.0269783
0.027544
0.0268201
0.0269796
0.0269791
0.0269796
0.0271397
0.0269783
0.0275441
0.0269788
0.0271404
0.0269791
0.0269787
0.0269774
0.0269799
0.0269785
0.0269793
0.0271398
0.0264343
0.0268182
0.0269789
0.0268206
0.0269791
0.0269793
0.0269763
0.0269794
0.0269786
0.0275442
0.0269788
0.0269792
0.0269796
0.0275451
0.0271403
0.0269789
0.0271416
0.0277123
0.0269804
0.0269798
0.0269798
0.0271412
0.0269788
0.0271414
0.0269801
0.02698
0.0277118
0.0275437
0.0269786
0.0275433
0.0275418
0.0269796
0.0277134
0.0269793
0.0277117
0.0269776
0.0269793
0.0271409
0.0269789
0.0269789
0.0269801
0.0277128
0.0278827
0.0271411
0.0269792
0.0271397
0.0269791
0.0269799
0.0269799
0.0269799
0.0269787
0.0269795
0.0269788
0.0275443
0.027544
0.0269799
0.0271411
0.027544
0.027544
0.0269783
0.0269805
0.0269778
0.0271396
0.0275441
0.0271406
0.0269736
0.0271393
0.0275441
0.0275448
0.0269798
0.0269789
0.0275434
0.0269795
0.0275441
0.0269787
0.0268174
0.0268192
0.0275448
0.0275438
0.0271404
0.0269792
0.0269789
0.0271404
0.027141
0.0269777
0.0269787
0.0269796
0.0269802
0.0269792
0.0275445
0.0269783
0.0269792
0.0269787
0.0269803
0.0269774
0.0269794
0.0275423
0.0271409
0.02698
0.02714
0.0269796
0.0269792
0.027545
0.0269796
0.0269776
0.0269786
0.02698
0.0275443
0.0269792
0.0271403
0.0278814
0.0271408
0.0269784
0.0269787
0.0271388
0.0269799
0.0269746
0.0269785
0.0275436
0.0269785
0.0269802
0.0269781
0.0264371
0.0269783
0.0269794
0.026979
0.0275431
0.0269793
0.026979
0.0275434
0.0283074
0.0275433
0.0269794
0.027141
0.0269801
0.0271406
0.0269792
0.0269786
0.0269784
0.0269792
0.0269809
0.0269799
0.0269782
0.0275452
0.0269786
0.0269784
0.0269778
0.0268203
0.0275437
0.0269795
0.0269783
0.0269784
0.0269805
0.0269795
0.0269786
0.0271403
0.0269784
0.026979
0.0269795
0.0269792
0.0269793
0.0275443
0.0269794
0.027141
0.0269793
0.0269786
0.0269786
0.0271402
0.0269795
0.0269801
0.0269796
0.0269804
0.0269799
0.0269791
0.0275445
0.0269784
0.0269785
0.026978
0.0277101
0.0275456
0.0269801
0.0269779
0.0269792
0.0269799
0.0271416
0.0269775
0.0275426
0.0269794
0.0269784
0.0269783
0.0269802
0.0271401
0.0269805
0.0275432
0.0269806
0.0269806
0.0269797
0.0269801
0.0269792
0.0269788
0.0269794
0.0269782
0.0271402
0.0269773
0.0269785
0.0269776
0.0269795
0.0269756
0.0269779
0.0269785
0.0269783
0.0269797
0.0269793
0.026977
0.0262821
0.0269788
0.0269798
0.0269787
0.0277113
0.0269795
0.0269792
0.0275431
0.0269798
0.0269797
0.0269796
0.0269783
0.0269784
0.0269793
0.0277132
0.0269799
0.0269802
0.0269812
0.0271405
0.0278808
0.0271391
0.0269801
0.0271403
0.0275432
0.0271406
0.0271411
0.0269782
0.0271408
0.0269779
0.0269778
0.0269806
0.0269797
0.0271407
0.0278813
0.0271416
0.0269788
0.0269801
0.0269793
0.0275445
0.0283082
0.0277123
0.0269806
0.0271409
0.02714
0.0278829
0.0271414
0.0269801
0.0268192
0.0275444
0.027544
0.0283083
0.0275433
0.0269791
0.0269785
0.0269787
0.0269784
0.0277112
0.0271411
0.026978
0.0269806
0.0269794
0.0275434
0.0269786
0.0269787
0.0269797
0.0264358
0.0269779
0.0269779
0.0269779
0.0269794
0.0269794
0.0271398
0.0275429
0.0269724
0.0275444
0.0269783
0.0271398
0.0269787
0.0271393
0.0269802
0.0269798
0.0275432
0.0269803
0.0269799
0.0269802
0.0269798
0.026981
0.0271398
0.0269797
0.0269798
0.0269788
0.0277129
0.0269798
0.0269774
0.0271408
0.0275434
0.0269781
0.0271399
0.0269771
0.0271384
0.0269759
0.0264363
0.0269795
0.0269794
0.026978
0.0269801
0.0269797
0.0269794
0.0269795
0.0269783
0.0275444
0.0269782
0.0269785
0.0275428
0.0269799
0.0269797
0.0269787
0.0269792
0.0269781
0.0275432
0.0269774
0.0269776
0.0277139
0.0269794
0.0275436
0.0269796
0.0269794
0.0271415
0.0275432
0.0283084
0.0277117
0.0275435
0.0269796
0.0269797
0.0269805
0.0269791
0.0269799
0.0269765
0.0269789
0.027544
0.0283071
0.0275429
0.0271395
0.0269797
0.0269799
0.0269791
0.0271386
0.0269768
0.0269801
0.0268202
0.0269794
0.0275428
0.0269795
0.0275448
0.0269795
0.0269795
0.0269785
0.0264375
0.0271404
0.0271407
0.0269782
0.0269767
0.0275438
0.0283063
0.0275436
0.0269787
0.0275435
0.0269797
0.0269787
0.027545
0.0269783
0.0269785
0.0269791
0.0275441
0.0269793
0.0277116
0.0278819
0.0271392
0.0269795
0.0271401
0.0269794
0.0268179
0.0269796
0.0269787
0.026978
0.0269787
0.0269785
0.0275435
0.0269792
0.0269788
0.0269792
0.0269794
0.0269795
0.0269793
0.0275418
0.0269806
0.0269794
0.0269801
0.0269807
0.0275443
0.0269781
0.0269793
0.02698
0.0269795
0.0275436
0.0269789
0.026979
0.0275451
0.0275451
0.0269785
0.0269773
0.027711
0.0269793
0.02698
0.0269783
0.0269782
0.0277105
0.0269786
0.02698
0.0269793
0.0275438
0.0269796
0.0269789
0.0275447
0.0269785
0.0269804
0.0269781
0.0269795
0.0271398
0.0271406
0.0269797
0.0269794
0.0269776
0.0269794
0.0271404
0.0269794
0.0269787
0.0271407
0.0269788
0.0269787
0.0269793
0.0271398
0.0275441
0.026979
0.0269786
0.0269795
0.0269786
0.0269795
0.0269799
0.0269803
0.0269781
0.0275442
0.0275436
0.0268199
0.026979
0.027544
0.0269795
0.0269787
0.0269798
0.0269792
0.026284
0.0269778
0.0275434
0.0269792
0.02698
0.0269801
0.0268199
0.0268179
0.0269786
0.0268198
0.0269775
0.0269797
0.0269774
0.0271398
0.0269783
0.0275451
0.0271397
0.0275437
0.0269797
0.0269781
0.0269797
0.0269787
0.0269787
0.02698
0.0269801
0.0269807
0.026436
0.0269796
0.0269769
0.0271389
0.0269786
0.0269815
0.0268183
0.0275436
0.0269787
0.0269797
0.0269785
0.0269783
0.0269796
0.0269791
0.027544
0.0283077
0.0275441
0.0275428
0.0275438
0.0277116
0.0278811
0.0271395
0.0269795
0.02698
0.0269786
0.0269792
0.027543
0.0269785
0.0271415
0.0269793
0.0269789
0.0269785
0.0275441
0.0269783
0.0271411
0.0278816
0.0271414
0.0275452
0.0269791
0.0269788
0.0269797
0.026978
0.0269792
0.0269792
0.0269804
0.0269793
0.0269804
0.0269797
0.0269804
0.0269795
0.0269789
0.0271419
0.0269797
0.0275441
0.0269786
0.0269795
0.0269796
0.0269778
0.0269801
0.0269796
0.0269793
0.026979
0.0269781
0.0269787
0.0269805
0.026979
0.026978
0.0269776
0.0269774
0.0271416
0.0269795
0.0269798
0.0275439
0.0271406
0.0277125
0.027883
0.0277128
0.0269792
0.027544
0.0269788
0.0269787
0.0269794
0.026978
0.0269788
0.0269792
0.0269802
0.0269782
0.0271412
0.0271416
0.0269797
0.0268204
0.02698
0.0268189
0.0269793
0.0275444
0.0275442
0.0283087
0.027544
0.0269786
0.027544
0.0269792
0.0269792
0.0264362
0.0269798
0.02714
0.0269794
0.0269787
0.0269811
0.0275434
0.0269794
0.0275451
0.0275444
0.0269792
0.0268187
0.0275427
0.0271388
0.0269789
0.0269796
0.0275447
0.02698
0.0269795
0.0269793
0.0269791
0.0269798
0.0271406
0.0275451
0.0269779
0.0269786
0.0269794
0.0275443
0.0275449
0.0269784
0.0269778
0.0269794
0.0269792
0.0269806
0.0269796
0.0269797
0.0269803
0.0269795
0.0269798
0.0269797
0.0275435
0.0275437
0.0269788
0.0269787
0.0275439
0.0269795
0.0269798
0.0277125
0.0277118
0.0269793
0.0275438
0.0269802
0.0269804
0.0275431
0.0275431
0.0268179
0.0275444
0.0271411
0.0271392
0.0271408
0.0269783
0.0268194
0.0269804
0.0269799
0.0269798
0.0271405
0.0275454
0.0269791
0.0269793
0.0275413
0.0275428
0.0283087
0.0275447
0.0269786
0.0269774
0.0269799
0.0269777
0.0269801
0.0275427
0.0269789
0.0269791
0.026979
0.026979
0.02698
0.0268186
0.0269801
0.0269788
0.0269768
0.0269794
0.0275443
0.0275444
0.0275448
0.0269796
0.0271407
0.0271403
0.027544
0.0269789
0.0269768
0.0269791
0.0271397
0.027545
0.0269794
0.0271414
0.0269791
0.0269783
0.0275433
0.0271401
0.0271412
0.0269781
0.0269775
0.0269792
0.02698
0.026978
0.0275445
0.0269797
0.0271404
0.0269774
0.0269785
0.0269794
0.02698
0.0271399
0.0269796
0.0277119
0.0278817
0.02714
0.0269793
0.0269796
0.0269796
0.0271407
0.026979
0.0269791
0.0269779
0.0269791
0.02714
0.0271405
0.0269802
0.0275445
0.0269789
0.0271395
0.027141
0.0269794
0.0271413
0.0271403
0.0269791
0.0269799
0.0268193
0.0269781
0.0275422
0.0275447
0.02698
0.0269779
0.0269792
0.0271403
0.027141
0.0269787
0.0269797
0.0275447
0.0271417
0.0269783
0.0269785
0.0269805
0.0269784
0.02698
0.0269802
0.0269788
0.026978
0.0269794
0.0269794
0.0277118
0.0269805
0.0275398
0.0271397
0.0269799
0.0269791
0.0269799
0.0269787
0.0269794
0.0269783
0.0269778
0.0269777
0.0269787
0.026979
0.0269792
0.0264366
0.0271399
0.027543
0.027544
0.0269793
0.0269786
0.027141
0.0269786
0.0271401
0.0275433
0.0271402
0.0269776
0.0271407
0.0278813
0.0271405
0.0269771
0.02698
0.02698
0.0269791
0.0269781
0.0269787
0.0271411
0.0269788
0.0269788
0.0269791
0.0269801
0.0271408
0.0269803
0.0269781
0.0269792
0.0269786
0.027544
0.0271412
0.0269797
0.0269788
0.0269779
0.0275435
0.0269791
0.0271408
0.0275432
0.0283099
0.0275434
0.0269805
0.0269786
0.0269795
0.0269768
0.0269767
0.026978
0.0269808
0.0271402
0.02698
0.0269776
0.026979
0.0269777
0.0268156
0.0269794
0.0269796
0.027543
0.0269803
0.0269786
0.0275415
0.0275416
0.0269791
0.0275434
0.0271407
0.0271404
0.0269785
0.0271404
0.0271407
0.027882
0.0271395
0.0271411
0.026979
0.0269791
0.0271397
0.0278816
0.0277112
0.0277128
0.0275434
0.0271404
0.0278816
0.0271398
0.0269783
0.0269794
0.0269789
0.0264364
0.0264348
0.0269792
0.0269786
0.0269789
0.0275442
0.0269779
0.0269789
0.0269805
0.0275455
0.0269805
0.0269799
0.027544
0.0269793
0.0269785
0.0262829
0.0269805
0.0269795
0.0269789
0.0275453
0.0271395
0.0278815
0.0271412
0.0269749
0.0269783
0.0269781
0.0269777
0.0269787
0.026978
0.02714
0.0275434
0.0275432
0.0269786
0.0275444
0.0271414
0.0269804
0.0269789
0.0271409
0.0277115
0.0275431
0.0277113
0.0269788
0.0269794
0.0271407
0.0269803
0.0275444
0.0269788
0.0275443
0.0269785
0.0271402
0.0269793
0.0268188
0.0269801
0.0269798
0.0269794
0.0269793
0.0269774
0.0275436
0.0269796
0.0275458
0.0269784
0.0269791
0.0271409
0.0269809
0.0269798
0.0271406
0.0269787
0.0269791
0.027544
0.0268191
0.0269804
0.0271402
0.0277118
0.0271404
0.0269797
0.0269793
0.0271384
0.0269782
0.026979
0.027544
0.0269796
0.027139
0.0269772
0.0269792
0.0271394
0.026978
0.0269784
0.027542
0.026979
0.027142
0.0271402
0.0271393
0.0269775
0.0269797
0.0269785
0.0275429
0.0269783
0.027544
0.0269792
0.0269784
0.0269798
0.0275436
0.026979
0.027544
0.0269796
0.0269801
0.0269799
0.0269787
0.0271404
0.0269805
0.0275458
0.0269783
0.0271407
0.0264347
0.0269798
0.0269795
0.0269773
0.0269785
0.0271396
0.0269803
0.0269788
0.0271401
0.0269797
0.0269786
0.0269795
0.0269788
0.0269776
0.0275451
0.0269796
0.026979
0.0269798
0.0269779
0.0271399
0.0269804
0.0269796
0.0268203
0.0269798
0.0269792
0.0269803
0.0269803
0.02698
0.0269802
0.0275453
0.0269784
0.0271416
0.0271411
0.0269782
0.0275449
0.0269791
0.026979
0.0271407
0.0269798
0.0269796
0.0269785
0.0269788
0.0269799
0.0269795
0.0269797
0.02698
0.0269789
0.0269782
0.0275448
0.0269805
0.0269779
0.0268178
0.027545
0.026978
0.0269787
0.0271411
0.0271407
0.0269781
0.0269793
0.0269799
0.0264378
0.026979
0.02698
0.0271413
0.027141
0.0271408
0.0269787
0.0269782
0.0269792
0.0269793
0.0269791
0.0269794
0.0269806
0.0269795
0.0269798
0.0275438
0.0269798
0.0269806
0.0269801
0.027544
0.02698
0.0277126
0.0269797
0.0275438
0.026979
0.026977
0.0269785
0.0269787
0.0269793
0.0269791
0.0269792
0.0269789
0.0269803
0.02698
0.0269795
0.0269785
0.0271411
0.026979
0.0269785
0.0269798
0.0269796
0.0269798
0.0269793
0.0277132
0.027545
0.0277108
0.0275443
0.0269791
0.0275421
0.0277129
0.0278823
0.0271402
0.0269791
0.0269778
0.02698
0.0271413
0.0269806
0.0269795
0.0277119
0.0269797
0.0269804
0.0268189
0.0275431
0.0269787
0.0269785
0.0275444
0.0275453
0.026979
0.0269769
0.0269783
0.0264365
0.0271386
0.0269788
0.02698
0.0271409
0.0275431
0.0271411
0.0269797
0.0269783
0.0269793
0.0277124
0.0277119
0.027712
0.0269801
0.0271416
0.027544
0.02698
0.027544
0.0269791
0.0269788
0.0269786
0.0269805
0.0269794
0.0269772
0.0269788
0.02698
0.0269811
0.0269807
0.0275455
0.0269797
0.026979
0.027545
0.0271406
0.0269794
0.0271405
0.0269783
0.0268195
0.0269789
0.0269776
0.0269791
0.0269796
0.0269789
0.026979
0.0269795
0.0269796
0.0269789
0.0277127
0.0269771
0.0269793
0.0271409
0.0269791
0.0269795
0.0269772
0.0264368
0.0271398
0.0269779
0.0275434
0.0269797
0.0271402
0.0275442
0.0269785
0.0269775
0.0275433
0.0269781
0.0271399
0.0269785
0.0271398
0.0269799
0.0269793
0.0269789
0.0271401
0.026978
0.0269803
0.0271406
0.0269799
0.026979
0.0269785
0.0275445
0.0271395
0.0269778
0.0269789
0.0275428
0.026978
0.0269802
0.0275431
0.0269803
0.0275437
0.0269801
0.0269796
0.02698
0.0269805
0.0271401
0.02698
0.0269785
0.0269789
0.026979
0.0269804
0.0269798
0.0269791
0.0271387
0.0269795
0.0271408
0.0271417
0.0269802
0.0275438
0.0269793
0.0269805
0.0277121
0.0269779
0.0271409
0.0269802
0.0269776
0.0275451
0.0269794
0.0269798
0.0269789
0.0269789
0.0275453
0.0269795
0.0275434
0.0275427
0.0269784
0.0269801
0.0269782
0.0264355
0.0269788
0.0269796
0.0269792
0.027141
0.0271397
0.0269788
0.0275449
0.0269792
0.0269789
0.0269797
0.0269792
0.0269789
0.0269783
0.0269791
0.0264355
0.0269792
0.0271393
0.0269797
0.0269798
0.0269799
0.0271407
0.0269799
0.0269792
0.0269782
0.0275441
0.0269795
0.027141
0.0269791
0.0271405
0.0269785
0.0269788
0.0269761
0.0275433
0.0268198
0.0269802
0.0269778
0.0269802
0.0269796
0.0269791
0.0275445
0.0269793
0.0275436
0.0269778
0.0269779
0.027545
0.0269784
0.0269794
0.0269796
0.0271404
0.0269793
0.0269798
0.0275451
0.0275448
0.0269794
0.026979
0.026979
0.0269773
0.0275429
0.0269788
0.0269797
0.0269782
0.0268191
0.0269784
0.0275441
0.0269772
0.0275444
0.0283076
0.0275419
0.0269802
0.0269793
0.0269804
0.0269798
0.0269812
0.0269795
0.0264365
0.0269766
0.0269791
0.0269802
0.0269797
0.0269791
0.0269794
0.0269791
0.0271406
0.0269804
0.0269805
0.0271409
0.0269802
0.0271394
0.0269771
0.0269791
0.0269789
0.0275434
0.0269792
0.0269791
0.0269786
0.0269799
0.0275426
0.0269785
0.027544
0.0268191
0.026979
0.0275439
0.0275445
0.0269792
0.0269803
0.0269799
0.0269778
0.0269781
0.02698
0.0269785
0.0271381
0.0271417
0.0275437
0.0269784
0.0269794
0.026437
0.0269788
0.0271388
0.0271405
0.0269787
0.0269796
0.0269791
0.0269789
0.0269789
0.0269786
0.0269779
0.026979
0.026979
0.0269792
0.0275443
0.0283078
0.0275454
0.0269778
0.0269793
0.0269774
0.0271383
0.0269788
0.0269797
0.0275442
0.0269779
0.0269801
0.0269802
0.0269794
0.0268176
0.0269787
0.0269793
0.0268186
0.0269799
0.0271393
0.0269786
0.0269782
0.0269781
0.0269788
0.0271397
0.0264359
0.0269786
0.0269786
0.0271404
0.02698
0.0269794
0.0269787
0.027141
0.0269794
0.02714
0.0269783
0.0269798
0.0269787
0.02698
0.0269795
0.0269801
0.0268193
0.0269791
0.0269783
0.0271402
0.0269793
0.0269799
0.0275441
0.0275427
0.0269789
0.0271412
0.0271397
0.0269789
0.0275442
0.0269791
0.0271376
0.02714
0.026977
0.026978
0.0271415
0.0271406
0.0269799
0.0269792
0.0275425
0.0283081
0.0275432
0.0269795
0.0269799
0.0275443
0.0275444
0.0269787
0.0277116
0.0269798
0.0269791
0.0275436
0.0271398
0.0269797
0.0269794
0.0269797
0.0271399
0.0277127
0.0269802
0.0269789
0.0269786
0.0269802
0.0269782
0.0269797
0.0271416
0.0277109
0.02698
0.0269792
0.0269796
0.027544
0.0269789
0.0269787
0.0275429
0.0269795
0.0275433
0.0269792
0.0271413
0.0271407
0.026978
0.026979
0.0275445
0.0269796
0.0269774
0.0269793
0.0275439
0.0269781
0.0269782
0.0275423
0.0283074
0.0275435
0.0269794
0.027142
0.0275449
0.0269793
0.0269789
0.026978
0.0275436
0.027545
0.0269777
0.0269795
0.0275441
0.0269767
0.0269793
0.0269791
0.0275441
0.0268194
0.0275433
0.0277124
0.0269801
0.0275445
0.0269787
0.0269793
0.0275451
0.0269793
0.0275438
0.0269801
0.0275436
0.0275441
0.0271398
0.0269774
0.0269783
0.0269801
0.0269806
0.0269784
0.0269787
0.0269801
0.0269787
0.0269796
0.0269779
0.0269798
0.0269786
0.0269792
0.026978
0.0269789
0.0271395
0.0271396
0.0269793
0.0269799
0.02698
0.0269785
0.0275425
0.0275431
0.0269788
0.0269779
0.0268202
0.0268192
0.0269795
0.0275428
0.0271402
0.0269794
0.026979
0.0275453
0.0275424
0.026979
0.0269794
0.0269799
0.0269797
0.0275447
0.02698
0.0269808
0.0269786
0.0264362
0.0269768
0.0269792
0.0277127
0.0269766
0.0269783
0.0271406
0.026979
0.0277133
0.0271392
0.0271377
0.02698
0.0271389
0.0269805
0.0269789
0.0269796
0.0269795
0.02698
0.0275458
0.0268189
0.0269796
0.0269791
0.0269797
0.0275458
0.0269791
0.0269799
0.0269787
0.026978
0.02698
0.0269794
0.0269798
0.026979
0.0269783
0.0269797
0.0269787
0.0269798
0.0271386
0.026979
0.0269788
0.027542
0.027141
0.0269801
0.0269787
0.0277125
0.0269789
0.0269793
0.0269778
0.0269795
0.0269806
0.027545
0.0275455
0.0269795
0.0269788
0.0269796
0.0269803
0.0269783
0.0269794
0.0269787
0.02698
0.0271414
0.026979
0.0269791
0.0269763
0.0269797
0.0275448
0.0269772
0.0269789
0.0269786
0.026978
0.026979
0.026979
0.0269793
0.0269796
0.0269792
0.0269791
0.0275423
0.0283077
0.0275436
0.0269802
0.0269797
0.0264374
0.0269801
0.0269795
0.0269789
0.0269803
0.0269798
0.0269784
0.0269796
0.0269782
0.0269792
0.0271414
0.0269801
0.0271407
0.0269795
0.0275441
0.0269803
0.0271404
0.0271401
0.0264359
0.0271406
0.0275454
0.0269788
0.0269795
0.0275451
0.0271405
0.0269791
0.0275436
0.0269782
0.0269802
0.0264374
0.0269797
0.0275452
0.0275444
0.026978
0.0277119
0.0269788
0.0269784
0.0275439
0.0269799
0.0271376
0.0269793
0.0269794
0.0269788
0.0269791
0.0269797
0.027544
0.0275454
0.0269788
0.0275446
0.0269796
0.0269797
0.0269793
0.0269799
0.0275433
0.0269787
0.0269805
0.0264374
0.0269778
0.026977
0.0269797
0.0269793
0.0277101
0.0269795
0.0269798
0.0271407
0.0269781
0.0269784
0.0269798
0.026978
0.0269783
0.0271401
0.0277125
0.0271409
0.0269793
0.0269779
0.0277134
0.0269797
0.0269794
0.0269805
0.0269785
0.0271396
0.0275419
0.0269782
0.0269795
0.0269792
0.0269802
0.0269788
0.0269806
0.0264353
0.0269789
0.0269798
0.026979
0.0275435
0.027543
0.0283082
0.0275447
0.0269803
0.0271397
0.0269791
0.0269797
0.0269796
0.0275451
0.0268198
0.0269779
0.0269789
0.0271409
0.0269787
0.0271413
0.0269795
0.0269792
0.0275447
0.0283075
0.0277113
0.0275435
0.0268193
0.0269804
0.0275445
0.0271404
0.0269802
0.026978
0.02698
0.0269804
0.0277125
0.0269785
0.0269776
0.0269791
0.0275428
0.0269811
0.0269811
0.0269772
0.0269791
0.0269791
0.0269789
0.0269797
0.0269799
0.0269797
0.0269809
0.0269786
0.0269794
0.0275445
0.0269793
0.0269795
0.0269784
0.02698
0.0271391
0.0278824
0.0286648
0.028212
0.0274544
0.0268783
0.0263259
0.0263262
0.0261876
0.0263257
0.0263259
0.0270232
0.0263259
0.0267347
0.0261885
0.0261879
0.0267324
0.0261869
0.0256632
0.0255316
0.0261874
0.026188
0.0267322
0.0261876
0.0261879
0.026189
0.0261866
0.0261886
0.0261882
0.0261887
0.0267326
0.0261873
0.026733
0.026734
0.0261881
0.0261885
0.0261874
0.0256629
0.0261876
0.0261877
0.0261881
0.0261882
0.026189
0.0256622
0.0261883
0.0267343
0.0261871
0.0261876
0.026734
0.0261871
0.0261879
0.0263261
0.0261883
0.0261877
0.0261885
0.0261876
0.0261875
0.0261879
0.0261862
0.0261879
0.0267347
0.0261877
0.0261873
0.0260505
0.0261865
0.0267352
0.0261893
0.0261881
0.0261872
0.0261855
0.0263234
0.0261888
0.0263272
0.026188
0.026188
0.0261881
0.0261875
0.0261873
0.0263253
0.0263256
0.0261886
0.0260503
0.0267339
0.0261883
0.0263268
0.0261862
0.026189
0.0261887
0.026187
0.0267347
0.0260498
0.0261883
0.0261869
0.0267329
0.0261876
0.0261884
0.0261872
0.0261887
0.0267325
0.027454
0.0267322
0.0261874
0.0261889
0.0261876
0.0261877
0.0263254
0.0263247
0.025663
0.0261878
0.0267333
0.0261885
0.0261875
0.0261871
0.0261894
0.0261885
0.0261882
0.0263271
0.0261878
0.0261867
0.0261865
0.026188
0.0261872
0.0261886
0.0261869
0.0263259
0.0261879
0.0261882
0.0267342
0.0261891
0.0261885
0.0261888
0.0256637
0.0261868
0.0261882
0.0267353
0.0261891
0.0267331
0.0261887
0.0261875
0.0261874
0.0261876
0.0267338
0.0261886
0.0267337
0.0261851
0.0261879
0.0267345
0.0261879
0.0268778
0.0261879
0.0261881
0.0261884
0.0256632
0.0260519
0.0261875
0.0261878
0.0267339
0.0261885
0.0261887
0.0268777
0.0274552
0.026734
0.0267338
0.0261882
0.0267338
0.0263255
0.026326
0.0261892
0.0261886
0.0261863
0.0263244
0.0267351
0.026327
0.0261869
0.0260502
0.0267338
0.0267336
0.0261883
0.0261895
0.0261875
0.0261877
0.0261887
0.0267345
0.0263265
0.0263266
0.026189
0.0261876
0.0263253
0.0261877
0.0261874
0.0261878
0.0261885
0.0261882
0.0267344
0.0267339
0.0261882
0.026188
0.026189
0.026189
0.0261893
0.0261884
0.0261881
0.0261887
0.0260512
0.0261873
0.0267347
0.0261867
0.0263253
0.0261877
0.0267338
0.0261885
0.0261883
0.0256639
0.0261879
0.0261878
0.0261897
0.0261878
0.0261876
0.026734
0.0261871
0.026734
0.0261883
0.0261884
0.0263257
0.0263249
0.0261874
0.0261879
0.0261871
0.0263266
0.0261888
0.026735
0.0263261
0.0270231
0.0268783
0.026735
0.026187
0.0267339
0.026188
0.0267335
0.0261878
0.0261881
0.0261847
0.0261889
0.0263273
0.0261881
0.0261873
0.0256618
0.0261884
0.0263252
0.0261889
0.0261888
0.0267347
0.0263263
0.0261878
0.0261876
0.0256624
0.0261866
0.0261857
0.0261891
0.0261879
0.0261877
0.026188
0.0261876
0.026187
0.0261873
0.0261868
0.0261881
0.0261883
0.0261886
0.0261865
0.0256637
0.026187
0.0261868
0.0267334
0.0267335
0.0267342
0.0261881
0.0261872
0.0261884
0.0261876
0.0261875
0.0261884
0.0267334
0.0261875
0.0261885
0.0267328
0.0261884
0.0263267
0.0261878
0.0261891
0.0260519
0.0261877
0.0261879
0.0263258
0.026187
0.0261886
0.0261885
0.0261876
0.0263268
0.0261886
0.0256631
0.0261887
0.0267344
0.0274538
0.0267349
0.026189
0.0261877
0.0261878
0.0261874
0.0267327
0.0274537
0.0267343
0.0261882
0.0261862
0.0261895
0.0261885
0.0261881
0.0261874
0.0263261
0.0267348
0.0261876
0.026188
0.026187
0.0261858
0.0261869
0.0261881
0.0261878
0.0268769
0.0261875
0.0261884
0.0263259
0.026187
0.0263264
0.026188
0.0268779
0.0261878
0.0263273
0.0261876
0.026187
0.026188
0.0261881
0.0261878
0.0261886
0.0261869
0.0261885
0.0260503
0.026188
0.0263258
0.0261883
0.026188
0.0261879
0.0261865
0.0263256
0.0261881
0.0261891
0.026734
0.0261872
0.0263257
0.0261866
0.0267348
0.0261884
0.0261878
0.0263269
0.0267343
0.0263257
0.0261852
0.026877
0.0261881
0.0263259
0.0261869
0.026051
0.0261879
0.0256629
0.0261869
0.0267326
0.0267346
0.0261879
0.0261878
0.0261872
0.0267338
0.0261878
0.026189
0.0261893
0.0261889
0.0263255
0.0267333
0.0261887
0.0261885
0.0261871
0.0261866
0.0261889
0.0263273
0.0261884
0.0261893
0.0261882
0.0267342
0.026188
0.0263256
0.0261866
0.0260484
0.0267333
0.0261865
0.0261875
0.0261879
0.026189
0.0261887
0.0267349
0.026189
0.0261876
0.0261889
0.0261882
0.0263242
0.0267325
0.0261885
0.0261869
0.0263255
0.0261876
0.0261885
0.0261865
0.0267337
0.0261856
0.0267345
0.0261875
0.0256631
0.0263258
0.0261873
0.0267339
0.0261871
0.0261879
0.0267354
0.026734
0.0261867
0.02605
0.0261879
0.0268772
0.0261874
0.0261878
0.0261884
0.0263264
0.0261885
0.0261876
0.0261877
0.0261881
0.0261877
0.0263253
0.0261869
0.0261872
0.0263264
0.0261878
0.0261874
0.0261889
0.0263263
0.0261884
0.0261879
0.0263256
0.0261886
0.0261885
0.0261886
0.026327
0.0270231
0.0263255
0.0261873
0.0261873
0.0261874
0.0261874
0.0261884
0.0261871
0.0256633
0.0261878
0.0263254
0.0261886
0.0261885
0.0261883
0.0261888
0.0263262
0.0261888
0.0261875
0.0261879
0.026187
0.0267324
0.0274523
0.0267339
0.0263259
0.0261889
0.026735
0.0261874
0.0261876
0.0261869
0.0267342
0.0261878
0.0263261
0.0261857
0.0261873
0.0261875
0.0261884
0.0267343
0.0267318
0.0261878
0.0263263
0.0261871
0.0261884
0.0263261
0.0261878
0.0267349
0.0261876
0.0261882
0.0263265
0.0263239
0.0263264
0.0267347
0.0261892
0.0261875
0.0263262
0.0261875
0.0263258
0.0261884
0.0261875
0.026188
0.0261874
0.0267343
0.0261891
0.0263273
0.0261859
0.0261883
0.0261871
0.0261881
0.0261876
0.0256633
0.0261874
0.0261888
0.0267339
0.0261885
0.0261867
0.0261879
0.0261877
0.0261881
0.0263256
0.0263269
0.0267344
0.0263253
0.0261857
0.0263244
0.0261868
0.0263253
0.0261885
0.026189
0.0260501
0.0261884
0.0267339
0.0261878
0.0261892
0.0261889
0.0261879
0.0261875
0.0261878
0.0261889
0.0261884
0.0263264
0.0261891
0.0261884
0.0261863
0.0261878
0.0267345
0.0261884
0.0261878
0.0261883
0.0261864
0.0261862
0.0261882
0.0263259
0.0267334
0.0260518
0.0261885
0.0261879
0.0261876
0.026188
0.0256637
0.0261876
0.0261879
0.0261868
0.0263258
0.0261866
0.0261874
0.0267346
0.0267329
0.0267338
0.026051
0.0261883
0.0261885
0.0261888
0.0261875
0.0267337
0.0261882
0.0261886
0.0261869
0.0261889
0.0261881
0.0263261
0.0261888
0.0261886
0.0263265
0.0261866
0.0261885
0.0261876
0.0267354
0.0261865
0.0261876
0.0256611
0.0256648
0.0261893
0.0261874
0.0261874
0.0261873
0.0261894
0.0261893
0.0261888
0.0261887
0.0260515
0.0261873
0.0267341
0.0261877
0.0261882
0.0263266
0.0261884
0.0263249
0.0261886
0.026187
0.0261872
0.0261886
0.0256637
0.0261873
0.0261879
0.0263264
0.0263246
0.0261884
0.0268758
0.0261885
0.0263273
0.0261876
0.0263245
0.0270243
0.0263259
0.0261859
0.0261881
0.0267338
0.0261863
0.0261882
0.0261892
0.0263268
0.0256626
0.0261885
0.0263255
0.0268775
0.026189
0.0261893
0.0263266
0.0261882
0.0261875
0.0263261
0.026324
0.0261887
0.0267352
0.0260514
0.0261888
0.0261888
0.0261873
0.0256625
0.026326
0.0261883
0.026189
0.026326
0.0270228
0.0263243
0.0261888
0.0267348
0.0261868
0.0261878
0.0261884
0.0263263
0.0261876
0.0261884
0.0261893
0.0261896
0.0268783
0.0261888
0.0261876
0.0263267
0.0267344
0.0267347
0.0261881
0.0261888
0.0261874
0.0261874
0.026187
0.0261886
0.0261882
0.026188
0.0260511
0.0261881
0.026186
0.0263254
0.0270209
0.026326
0.0261874
0.026325
0.0261868
0.0263255
0.0261865
0.0261874
0.0261883
0.0261875
0.0261883
0.0267346
0.0261876
0.0261879
0.0263256
0.027023
0.0263257
0.0261879
0.0263264
0.0263266
0.0267348
0.0261879
0.0263267
0.0263262
0.0261871
0.0256631
0.0261892
0.0261887
0.0261893
0.0261874
0.026734
0.026188
0.0267344
0.0261889
0.0261872
0.0256637
0.0261874
0.0261888
0.0261878
0.0263258
0.0263255
0.0270226
0.0268771
0.026188
0.0267347
0.0261886
0.0268794
0.0261891
0.0261877
0.0261886
0.0261884
0.0261873
0.026188
0.0261885
0.0267337
0.0261886
0.026326
0.0270221
0.0263242
0.0261882
0.025664
0.0261873
0.0267353
0.0261845
0.0256618
0.026188
0.0261878
0.0263268
0.0261876
0.0267338
0.0263258
0.027022
0.0263226
0.0268777
0.0263269
0.0261883
0.0263271
0.0261884
0.0261874
0.0263251
0.027023
0.0268784
0.0261875
0.0261871
0.0267334
0.0261867
0.0267339
0.0263264
0.0267325
0.0263252
0.026187
0.0263255
0.0261871
0.0261882
0.0261879
0.0261888
0.0263261
0.0261882
0.0261875
0.02619
0.0261882
0.0261885
0.0261867
0.0261882
0.0261882
0.0261887
0.0261882
0.0261888
0.0267335
0.0261869
0.0261895
0.0261884
0.0267334
0.0261871
0.0256615
0.0261871
0.0267348
0.0261867
0.0261876
0.0261876
0.0267343
0.0261887
0.0261887
0.0261875
0.0261877
0.0267352
0.026187
0.0261881
0.0261879
0.0267345
0.0261881
0.0261878
0.026734
0.0274528
0.0267357
0.0261882
0.0261886
0.0261883
0.0267343
0.0260489
0.0261884
0.0261863
0.0261893
0.0267346
0.0274522
0.0267347
0.0263262
0.0261887
0.0261869
0.0261881
0.0261866
0.026322
0.0261876
0.0261889
0.0263237
0.0261884
0.0261876
0.0261886
0.0261866
0.0261882
0.0261865
0.0263252
0.0261871
0.0261889
0.0261888
0.0267341
0.0267359
0.0267332
0.0261869
0.0261887
0.0267348
0.0261894
0.0260511
0.0261881
0.0261886
0.0261871
0.026878
0.0263267
0.0261888
0.0260514
0.0267346
0.0274525
0.0267333
0.0261876
0.0256639
0.0261859
0.0267336
0.0274535
0.0267342
0.0261887
0.0261884
0.0261886
0.0263268
0.0261884
0.0268784
0.0261881
0.026879
0.0261868
0.026187
0.0261877
0.0268778
0.0261879
0.0268773
0.0268788
0.026187
0.0261883
0.0261881
0.026189
0.0267329
0.0261885
0.0261883
0.026733
0.0267327
0.0261882
0.0261878
0.0263254
0.0261882
0.0261876
0.0261865
0.0261879
0.0261884
0.0256633
0.0260504
0.0267342
0.0261888
0.0263262
0.0263256
0.0256613
0.0261879
0.0261883
0.0261886
0.0261865
0.0261883
0.026188
0.0261885
0.0263269
0.0261889
0.0263262
0.0261876
0.0261878
0.0261877
0.0261886
0.0256634
0.026188
0.0263261
0.0261887
0.0267331
0.0261873
0.0263265
0.0261881
0.0267352
0.0263252
0.0263264
0.0261881
0.0256648
0.025664
0.0261877
0.0261869
0.0261883
0.0261881
0.0261876
0.0267343
0.0267346
0.026188
0.0260511
0.0261885
0.026734
0.0268793
0.0261882
0.0261872
0.0261885
0.0261892
0.0261881
0.0256615
0.0263255
0.0267339
0.0261878
0.0267336
0.0261889
0.0261887
0.0267335
0.0263263
0.0261884
0.0260501
0.0267329
0.0274533
0.0267323
0.0261885
0.0261881
0.0267347
0.0261867
0.0261879
0.0261879
0.0261882
0.026189
0.0261882
0.0263263
0.0261886
0.0261873
0.0263246
0.0261885
0.0263262
0.0261889
0.0261889
0.0267335
0.026187
0.0261875
0.0267323
0.026051
0.0267337
0.026188
0.0260516
0.0261861
0.0261884
0.026324
0.0261878
0.025663
0.0261881
0.0263258
0.0261876
0.0263266
0.0261898
0.0263257
0.0256629
0.0261878
0.0263256
0.0263267
0.0256643
0.026187
0.0261879
0.0261876
0.0261878
0.0261877
0.0261882
0.0261885
0.0261883
0.0256641
0.0261885
0.0260508
0.0261887
0.0267323
0.0261883
0.0261888
0.0261879
0.026189
0.0261881
0.0261879
0.0267331
0.026326
0.0261872
0.0261887
0.0256623
0.0261861
0.0261874
0.0261872
0.026188
0.0261882
0.0261883
0.0261875
0.0261869
0.0263253
0.0261876
0.0261873
0.0267341
0.0260498
0.0261886
0.0261876
0.0261887
0.0267348
0.0261886
0.0261889
0.0267343
0.0267336
0.0263259
0.0261872
0.0267354
0.0267333
0.0261889
0.0261873
0.0263271
0.0261879
0.0261883
0.0261881
0.0261884
0.0263268
0.0261886
0.0261873
0.0261869
0.0261886
0.0261875
0.0267346
0.0261887
0.0268769
0.0261858
0.0261878
0.0261889
0.0261877
0.0261867
0.0261882
0.0267333
0.0260485
0.0261887
0.0263267
0.0256614
0.0263267
0.0261886
0.0261886
0.0261874
0.0268791
0.0261895
0.0263264
0.0267345
0.0261885
0.026188
0.0261895
0.026189
0.0263239
0.0270233
0.0263263
0.0261883
0.0261883
0.0267329
0.0261875
0.0256626
0.0261872
0.0261889
0.0261884
0.0267341
0.0263254
0.026186
0.0261881
0.0261895
0.0261881
0.0261887
0.0261881
0.0256604
0.026188
0.0267334
0.0261879
0.0261889
0.0267356
0.0261866
0.0263258
0.0263261
0.0270231
0.0263265
0.0261884
0.0261879
0.0261872
0.0261882
0.026735
0.0261884
0.0261876
0.0263261
0.0267341
0.0261888
0.0261881
0.026735
0.0260505
0.0261878
0.0263264
0.027023
0.0263264
0.0261884
0.0261874
0.0261878
0.0263263
0.026733
0.026186
0.0261871
0.026187
0.0261894
0.0261889
0.0263259
0.026327
0.0263264
0.0263255
0.0263249
0.026188
0.0261883
0.0261884
0.0261881
0.0268786
0.026188
0.0263258
0.0267346
0.0261887
0.0261892
0.0263265
0.0267344
0.0261888
0.0256633
0.0261879
0.0261878
0.0261878
0.0263253
0.0263274
0.0261884
0.0261892
0.0263239
0.0263259
0.0261884
0.0261878
0.0261878
0.0261875
0.026327
0.0267354
0.0263259
0.0263265
0.026187
0.0261889
0.0261876
0.026326
0.0261879
0.0261873
0.0261884
0.0261884
0.0261868
0.0267349
0.0261881
0.0261864
0.0261882
0.0267346
0.0263257
0.0261884
0.0255307
0.0261868
0.0261863
0.0261883
0.0267341
0.0267346
0.0267347
0.0261883
0.0267349
0.0261879
0.0261892
0.0261882
0.0267357
0.0274536
0.0267342
0.0261883
0.0261863
0.0261882
0.0267341
0.0267333
0.0261875
0.0261875
0.0261876
0.0261874
0.0260513
0.026188
0.0263256
0.026187
0.0261873
0.0261882
0.0256634
0.0261884
0.0263252
0.0263259
0.0261875
0.0263266
0.0263269
0.0268774
0.0263272
0.0261879
0.0261878
0.026188
0.0268795
0.026189
0.0261875
0.0263262
0.0261879
0.0261881
0.0261878
0.0263254
0.0261886
0.0261884
0.0261872
0.0261884
0.0263248
0.026187
0.0263268
0.0261876
0.0261873
0.0256638
0.0261884
0.0261871
0.0261879
0.0261869
0.026326
0.026326
0.0267339
0.0261898
0.0267354
0.0267337
0.0261891
0.0263266
0.0261884
0.0261873
0.0261883
0.0263262
0.0263272
0.0263272
0.0263255
0.0261875
0.0267348
0.0268779
0.0263246
0.0261881
0.0261873
0.0267347
0.0274551
0.0268764
0.0267331
0.0261875
0.0261877
0.0263269
0.0261876
0.0261868
0.0263253
0.0263252
0.0261888
0.0267346
0.0267349
0.0263273
0.0261882
0.0261885
0.0261877
0.0267339
0.0263265
0.0256631
0.0261881
0.0261873
0.0261881
0.0256631
0.026188
0.0267351
0.0261866
0.0261877
0.0263266
0.026735
0.0268776
0.0261896
0.0261886
0.0267351
0.0261883
0.0267345
0.0261873
0.0261871
0.026188
0.0261867
0.0261888
0.0261876
0.026188
0.0263255
0.0256637
0.0263246
0.0267367
0.0261878
0.0261868
0.0260496
0.026188
0.0261882
0.0261885
0.0261882
0.0256615
0.0263273
0.0267334
0.0261887
0.026327
0.0261884
0.0261885
0.0261877
0.0261872
0.0261884
0.0267342
0.0261883
0.0261859
0.0261873
0.0267337
0.0263266
0.0261874
0.0267351
0.026188
0.026188
0.0263254
0.0267343
0.0267336
0.026188
0.0263273
0.0261883
0.0260502
0.0261862
0.026188
0.0261878
0.0261881
0.026188
0.0261883
0.0256637
0.0261891
0.0263245
0.0270243
0.0268782
0.0261883
0.0261886
0.0267348
0.0261892
0.0263258
0.0263265
0.0261886
0.0261874
0.0261887
0.0263265
0.0261889
0.0261883
0.026187
0.0256639
0.0263262
0.0263257
0.026188
0.0261887
0.0261873
0.0256635
0.0261879
0.0263252
0.026189
0.0261899
0.0267337
0.0261887
0.0261875
0.0261878
0.0261885
0.0261868
0.0263262
0.0261852
0.0261865
0.0261891
0.0261875
0.0260499
0.0261871
0.0261895
0.0261875
0.0261877
0.0261883
0.0261876
0.0261882
0.0261868
0.0261883
0.0263265
0.0267331
0.0261874
0.0261872
0.0261875
0.0261883
0.0267345
0.0261877
0.0261881
0.0261881
0.0263258
0.026326
0.026187
0.0263251
0.0267327
0.0261874
0.026187
0.026188
0.0267344
0.0261876
0.0261884
0.0261871
0.0261882
0.0261879
0.0261869
0.0263263
0.0261872
0.0261876
0.0261888
0.0261878
0.0261883
0.0263256
0.0263252
0.0261875
0.0261865
0.0261877
0.0261886
0.0261872
0.0261878
0.0263275
0.0261882
0.0261876
0.0261873
0.0261878
0.0261882
0.0261888
0.0263274
0.0261892
0.0261882
0.0261881
0.0267326
0.0263252
0.0261877
0.0261881
0.0261881
0.0263248
0.0261883
0.0261875
0.0261885
0.0261873
0.0261877
0.0256634
0.0261868
0.0261882
0.0263251
0.0261874
0.0267332
0.0261874
0.0261875
0.0261874
0.0261869
0.0256629
0.026187
0.0261879
0.0261879
0.0261875
0.0261888
0.026735
0.0261886
0.0261893
0.0261875
0.0261874
0.0261882
0.0261878
0.026188
0.0261884
0.0261882
0.0267334
0.0261883
0.0261884
0.0261881
0.0261892
0.0261892
0.0261871
0.0267345
0.0261891
0.0261874
0.0261863
0.0267348
0.0261868
0.026188
0.0261882
0.0261878
0.0256624
0.0263267
0.0270239
0.0263257
0.0263261
0.0261878
0.0261887
0.0263266
0.0261885
0.026325
0.0267336
0.0261873
0.0261875
0.0267339
0.0261881
0.0256634
0.0261884
0.0261883
0.0268777
0.0267355
0.0261887
0.0261878
0.0267335
0.0261867
0.0261886
0.026879
0.0261892
0.0261886
0.0261877
0.0261883
0.0261879
0.0261873
0.0261886
0.0261877
0.0261876
0.0267344
0.0261875
0.0267341
0.0261884
0.0261878
0.0261882
0.0261886
0.0261877
0.0261886
0.026733
0.0261876
0.0261891
0.0263266
0.0261885
0.0263258
0.0261887
0.0261864
0.0261867
0.0268783
0.0261875
0.0261874
0.0261882
0.026187
0.0261882
0.0261884
0.0267328
0.0267346
0.0267344
0.0261876
0.0261888
0.0261872
0.0261874
0.0261884
0.0261884
0.0261888
0.0261889
0.0263255
0.0261861
0.0263249
0.0261884
0.0267343
0.0260505
0.0261881
0.0261861
0.0267335
0.026326
0.0267339
0.0261855
0.0261886
0.0261882
0.0263256
0.0261879
0.0261882
0.0261863
0.0260504
0.0267335
0.0274535
0.0267357
0.0261867
0.0263258
0.0261886
0.0261886
0.0268768
0.0261861
0.0260495
0.0261878
0.026187
0.0261873
0.0267341
0.0261886
0.0261882
0.026188
0.0261881
0.0261876
0.0261882
0.0263256
0.026189
0.0261884
0.0261884
0.0261878
0.0267343
0.0261881
0.0260514
0.0261886
0.0261861
0.0263259
0.0261893
0.026186
0.0260508
0.0261885
0.0267351
0.0260511
0.0256633
0.0261894
0.026187
0.0261881
0.0260514
0.0261879
0.0261888
0.0261891
0.0263264
0.0267354
0.0267338
0.0267341
0.026326
0.0267333
0.0261866
0.026188
0.0261878
0.0267342
0.0261889
0.0261875
0.0261895
0.0263266
0.0261881
0.0261883
0.026188
0.0260504
0.0261876
0.0261883
0.0261891
0.0263265
0.0261876
0.0261886
0.0261886
0.0261885
0.0261858
0.026187
0.0255314
0.0256629
0.0261886
0.0261882
0.0261875
0.0267339
0.0261882
0.0261893
0.0261879
0.0267342
0.0261866
0.0267334
0.0261876
0.0261884
0.0261892
0.0261885
0.0261866
0.0256622
0.0261883
0.026734
0.0261891
0.0263269
0.0261876
0.0261884
0.0263259
0.0261886
0.026189
0.0261885
0.0261888
0.0261873
0.025663
0.0261883
0.026188
0.026188
0.026733
0.0260519
0.0261875
0.0267341
0.0261873
0.026188
0.0261879
0.0268791
0.0261871
0.0263253
0.0261882
0.0261885
0.026188
0.0261877
0.0260506
0.0261879
0.0263268
0.0256633
0.0261881
0.0261872
0.0267332
0.0274536
0.0267344
0.0267344
0.026187
0.0261882
0.0261881
0.0263267
0.0261887
0.0261866
0.0267348
0.0261863
0.0261878
0.0261875
0.0261877
0.0261881
0.0261877
0.0261886
0.0261886
0.0267336
0.0261885
0.0261886
0.0263265
0.0261875
0.0261879
0.0267335
0.0263265
0.0261867
0.026188
0.0261886
0.0261884
0.0261884
0.0261861
0.0261883
0.0261878
0.0261882
0.0261874
0.0263256
0.0261878
0.0261863
0.0267347
0.0267344
0.0268787
0.0267347
0.0261882
0.0267332
0.0261877
0.0261882
0.026188
0.0267334
0.026733
0.0261878
0.0261889
0.026188
0.0261883
0.0263261
0.0261885
0.0261876
0.0267353
0.0261869
0.026188
0.0261876
0.0256635
0.0261876
0.0256634
0.0261883
0.0263266
0.0261877
0.0261878
0.0261879
0.0267349
0.0261877
0.0261891
0.0261878
0.0261881
0.0261874
0.0261877
0.026188
0.0261888
0.0268787
0.026878
0.0261879
0.026189
0.0261881
0.0267341
0.0261883
0.0261884
0.0261876
0.0261877
0.026188
0.0261872
0.0261872
0.0267328
0.0263254
0.0261884
0.0261888
0.0261864
0.0267346
0.0263257
0.0261882
0.0261884
0.026189
0.0263246
0.0270231
0.0274529
0.0267343
0.0261881
0.0261895
0.0261889
0.0261888
0.0263257
0.0261895
0.0261878
0.0263271
0.0267354
0.026326
0.0261891
0.0261878
0.0261889
0.0268787
0.0261874
0.0263248
0.0261875
0.0261877
0.0261894
0.0267346
0.0261883
0.0261879
0.0261883
0.0261884
0.0261876
0.0261884
0.0261879
0.0261868
0.0260489
0.0267336
0.0261878
0.026188
0.0256635
0.0261882
0.0260493
0.0261849
0.0261888
0.0267342
0.0267332
0.026188
0.0261857
0.0263259
0.0261871
0.0256629
0.026187
0.0261882
0.0261883
0.026188
0.0267354
0.0261891
0.0267353
0.0261885
0.0261869
0.0261876
0.0261879
0.0263258
0.026327
0.0263252
0.0261877
0.0261887
0.0263262
0.0261881
0.0261874
0.0261874
0.0261878
0.0261885
0.0261876
0.0261885
0.0261883
0.0267358
0.026188
0.0263263
0.0270235
0.0268777
0.0261886
0.0261874
0.0261877
0.0261896
0.0268768
0.0261869
0.026188
0.0261869
0.0268784
0.0261885
0.0261876
0.0263255
0.0263255
0.0261879
0.0263265
0.0261889
0.0261868
0.0261885
0.026188
0.0267347
0.0267342
0.0261885
0.0268788
0.0263263
0.0263249
0.0263247
0.0263269
0.0261888
0.0261875
0.0256637
0.0261881
0.0268764
0.0274518
0.0267364
0.0261883
0.0261862
0.0260507
0.0261877
0.0261884
0.0261888
0.0261877
0.0261877
0.0261869
0.0261858
0.0261876
0.0261874
0.0261878
0.0261881
0.0267355
0.0260508
0.0261885
0.0263258
0.0270228
0.027758
0.0273033
0.0265914
0.0260381
0.0253895
0.0253901
0.0253892
0.0252727
0.0253892
0.0252733
0.0253898
0.0259153
0.0259172
0.0253898
0.0259165
0.0252735
0.0252746
0.025388
0.0253884
0.0253898
0.0252735
0.0252745
0.025273
0.0259161
0.0252706
0.0248837
0.0252744
0.0253894
0.0259164
0.0259168
0.025389
0.0253895
0.0259171
0.0252731
0.0259159
0.0265905
0.0259163
0.0253901
0.0253904
0.0253891
0.0253886
0.0253894
0.0253901
0.0253881
0.025389
0.0253887
0.0255043
0.0253898
0.0259168
0.0260379
0.025388
0.0253892
0.0253893
0.0253892
0.0253897
0.025914
0.0253887
0.0253895
0.0253891
0.0253887
0.0259166
0.0253894
0.025916
0.0253897
0.0253864
0.0253875
0.0252742
0.0259154
0.02539
0.0253895
0.0255066
0.0259166
0.0259165
0.0252735
0.0253903
0.0255054
0.0253897
0.0253884
0.0253896
0.02539
0.0253899
0.0255063
0.0253894
0.0253889
0.0259159
0.0259161
0.0253892
0.0255043
0.0253893
0.0253886
0.0255045
0.0248835
0.0255069
0.0253894
0.0255059
0.026161
0.0255062
0.0253897
0.0253878
0.0252731
0.0253898
0.025916
0.0253884
0.0259162
0.0253897
0.0255047
0.0261608
0.0255073
0.02539
0.0253897
0.0253895
0.0253893
0.0259167
0.0255059
0.0253881
0.0255064
0.0253905
0.0253891
0.0248835
0.0253899
0.0255055
0.0255065
0.0253897
0.0253906
0.0253898
0.0259173
0.0253904
0.0253895
0.0255068
0.0253889
0.0260382
0.0253892
0.0255063
0.0253891
0.0253894
0.0253893
0.0253887
0.0253895
0.0253896
0.0252729
0.02539
0.0252742
0.0252736
0.0253886
0.0259133
0.0253891
0.0253887
0.0259159
0.0253897
0.0253895
0.0253895
0.0253882
0.0253901
0.0247708
0.0253891
0.0259154
0.0265913
0.0259166
0.0253906
0.0253886
0.0253882
0.0253878
0.0253884
0.0253889
0.0253883
0.0248836
0.025389
0.0259143
0.0252719
0.0253911
0.0253905
0.02539
0.0253895
0.0255067
0.0255057
0.0255044
0.0253889
0.025506
0.0253905
0.0253893
0.0259167
0.0253895
0.0253898
0.0252716
0.0253886
0.0253903
0.0255072
0.0253901
0.0253885
0.025389
0.0253892
0.0253883
0.025388
0.0253897
0.0253893
0.0259162
0.0259172
0.025272
0.0253891
0.025274
0.0252743
0.0253886
0.02539
0.0253901
0.0259165
0.0253891
0.0255063
0.0253891
0.0253902
0.0253887
0.0253897
0.0255057
0.025917
0.0253897
0.0253883
0.0253897
0.0259159
0.0253897
0.0259156
0.0253897
0.0255051
0.0253901
0.0253906
0.0247707
0.0253898
0.0253893
0.0253906
0.0253888
0.02539
0.0253903
0.0253884
0.0259171
0.0253891
0.0253891
0.0253901
0.0260377
0.0259161
0.0253898
0.0253895
0.0253907
0.0253888
0.0253894
0.0253888
0.0253894
0.0253892
0.0253879
0.0259158
0.0253888
0.0259164
0.0253893
0.0252729
0.0259157
0.0253886
0.0253897
0.0253896
0.0253897
0.0253909
0.0252739
0.0253899
0.0252733
0.025389
0.0255042
0.0253904
0.025388
0.02539
0.0252738
0.0253892
0.0253897
0.024882
0.0253898
0.0253902
0.0253893
0.025388
0.0259163
0.0259163
0.0259154
0.0252737
0.0259173
0.0253887
0.0259151
0.0253866
0.02539
0.0253898
0.0253896
0.0253874
0.0260383
0.0253887
0.0253894
0.0259162
0.0253893
0.0253896
0.0253884
0.0255067
0.025917
0.0255051
0.0259156
0.0253899
0.0253892
0.025389
0.025506
0.0259163
0.0253893
0.0253878
0.0255059
0.0253889
0.0255062
0.0253898
0.0252745
0.0259169
0.0253901
0.0253894
0.0253891
0.0259157
0.0253902
0.0253897
0.0253899
0.0253892
0.0255067
0.0253893
0.0255056
0.0253889
0.025505
0.0253898
0.0253897
0.0253872
0.0259168
0.025389
0.0253899
0.0253899
0.0253899
0.0255057
0.0253893
0.02539
0.0253889
0.0253897
0.0253888
0.0253906
0.0255062
0.0260365
0.0255061
0.0259142
0.0253894
0.0253891
0.0253895
0.0259165
0.0259172
0.0253898
0.025389
0.0253898
0.0255068
0.0253899
0.0253888
0.0253904
0.0253888
0.0253886
0.0252736
0.0253892
0.0253892
0.0253899
0.0255067
0.0253901
0.0259164
0.0259162
0.0265909
0.0259149
0.0260376
0.0253894
0.0255062
0.0253896
0.0253884
0.0255049
0.0261595
0.0265912
0.0259155
0.0253892
0.0252731
0.0248828
0.0253896
0.0253893
0.0253901
0.0253898
0.0253886
0.0253891
0.0252736
0.0253899
0.0248834
0.0253896
0.0253898
0.0253886
0.02539
0.0252753
0.025917
0.0253901
0.0253886
0.0252745
0.0253903
0.0259157
0.0253893
0.0253906
0.0259168
0.0253892
0.0255061
0.0261589
0.0265908
0.0259154
0.025915
0.0259161
0.0253893
0.0259168
0.02539
0.025389
0.0253885
0.0253893
0.0253881
0.0260374
0.0259172
0.0255049
0.0255065
0.0253896
0.025389
0.0253895
0.0259169
0.025916
0.0252741
0.0253879
0.0259145
0.0253894
0.0253888
0.025916
0.0259157
0.0253907
0.0253883
0.0259171
0.0253899
0.0259151
0.0260386
0.0253904
0.0253892
0.0259164
0.0255067
0.0253889
0.0253901
0.0253893
0.0255054
0.0253889
0.025388
0.0253879
0.0253901
0.0259169
0.0259158
0.0253895
0.0253891
0.0252734
0.0259161
0.0259165
0.02539
0.0253893
0.0260365
0.0253894
0.0259158
0.0253886
0.0252734
0.0253905
0.0253886
0.0259169
0.0253905
0.0253903
0.0253889
0.0255073
0.0253894
0.0253892
0.0253889
0.0253886
0.0252731
0.0253896
0.0253894
0.0253903
0.0253882
0.025506
0.0253878
0.0259153
0.0253893
0.0253894
0.0248834
0.0252754
0.02539
0.025916
0.0265922
0.0259161
0.0259144
0.026591
0.0259163
0.0253895
0.0255056
0.0253901
0.0253897
0.0259156
0.0253904
0.0253898
0.0253897
0.0253902
0.025915
0.0252732
0.0248844
0.0253901
0.0253889
0.0253899
0.02539
0.0253897
0.0253904
0.0259153
0.0253904
0.0253882
0.0252728
0.0253903
0.0253895
0.0253883
0.0259129
0.0252721
0.0259157
0.0253894
0.0253895
0.0259163
0.0255061
0.0259166
0.0255063
0.0259163
0.0253903
0.0253889
0.0255059
0.0253895
0.0253878
0.025389
0.0253897
0.0253906
0.0253877
0.0252743
0.0259161
0.025272
0.0253885
0.0253887
0.0253903
0.0253896
0.0259162
0.0252741
0.0253898
0.0260377
0.0253891
0.025272
0.0252736
0.0253895
0.0255063
0.0253883
0.0253895
0.025389
0.0255052
0.0253883
0.0259163
0.0259155
0.0265909
0.025916
0.0253876
0.0253889
0.0259163
0.0253888
0.0252711
0.02539
0.0253896
0.0253899
0.0253891
0.025387
0.02539
0.0259169
0.0253896
0.0253901
0.0253893
0.0253893
0.0253894
0.0252724
0.0253887
0.0259161
0.0259154
0.0265888
0.0260377
0.0253889
0.0253895
0.0253891
0.0252738
0.0253888
0.0259149
0.0253887
0.025916
0.0265922
0.0259162
0.025506
0.0253893
0.0253892
0.0259151
0.0253882
0.0253895
0.0259161
0.025389
0.0259155
0.0260384
0.0253896
0.0255051
0.0253877
0.0253882
0.0253866
0.0253901
0.0253894
0.0253894
0.0253897
0.0259168
0.0259163
0.0253898
0.0253888
0.025273
0.0259146
0.0253892
0.0253891
0.0253877
0.0253901
0.0253896
0.0253896
0.0253893
0.0253889
0.0248813
0.0253882
0.0253866
0.0253893
0.0255058
0.0259153
0.0253894
0.0252738
0.0253897
0.0253903
0.0253896
0.0253888
0.02539
0.025389
0.025389
0.0253889
0.025274
0.0259164
0.0252741
0.0253904
0.0253892
0.0252736
0.0253892
0.0260382
0.0253876
0.0253894
0.0253906
0.0253901
0.0253899
0.0260371
0.0253893
0.0259148
0.02539
0.0253888
0.02539
0.0253884
0.0259167
0.025916
0.0252746
0.0253897
0.0252736
0.0253896
0.0253899
0.0253897
0.025388
0.0259153
0.0259163
0.0253888
0.0259155
0.025916
0.0255063
0.0253886
0.0253895
0.0253899
0.0253901
0.025389
0.0259161
0.0252737
0.0252746
0.0252722
0.0253884
0.0253893
0.0252729
0.0252726
0.0253898
0.0255083
0.0253904
0.0252749
0.0253893
0.0253891
0.0253896
0.0259155
0.0253893
0.0259162
0.0253888
0.0253905
0.0259158
0.0253887
0.0253889
0.0253891
0.0253887
0.0253897
0.0253895
0.0259152
0.0253905
0.0253893
0.0253902
0.0259164
0.0259161
0.0259148
0.025389
0.0252736
0.0253889
0.0253907
0.025916
0.0253896
0.025915
0.0253888
0.0255061
0.025389
0.02539
0.0253899
0.0259147
0.0253891
0.0253898
0.0260383
0.0253904
0.025274
0.0253879
0.0255066
0.0259162
0.025389
0.025389
0.025389
0.025274
0.0252717
0.0252711
0.0253894
0.0253891
0.0253897
0.0253892
0.0253889
0.0253904
0.0253904
0.025916
0.0253892
0.0253905
0.025389
0.025507
0.0253888
0.0259155
0.0253864
0.0255054
0.0261584
0.0260372
0.0253893
0.0259158
0.0259161
0.0265916
0.0259148
0.0253888
0.0253884
0.0259156
0.0265921
0.025916
0.0253894
0.0253896
0.0252717
0.0259152
0.0253906
0.0253899
0.0259151
0.0253886
0.0253887
0.0253887
0.0255066
0.0255069
0.0253912
0.0253904
0.0253896
0.0259161
0.0253903
0.0253893
0.0253893
0.0253897
0.0255059
0.0260376
0.0253897
0.0259151
0.0252717
0.0253889
0.025389
0.0253894
0.0253883
0.0252737
0.0253888
0.0253869
0.0253885
0.0259139
0.0253886
0.0260373
0.025915
0.0259145
0.0253899
0.0253895
0.0253877
0.0253892
0.0253896
0.0253884
0.0260373
0.0253891
0.0253881
0.0253899
0.0253889
0.0253901
0.0253901
0.0259164
0.0253877
0.0255069
0.025389
0.0252737
0.0253887
0.0252732
0.0253913
0.0253898
0.0255062
0.0253872
0.0253876
0.0253891
0.025389
0.0252731
0.025273
0.0252737
0.0253893
0.0253894
0.0253888
0.0253896
0.0253889
0.0253895
0.0252727
0.0252736
0.0253888
0.025389
0.0259169
0.0253883
0.0253897
0.0259171
0.0253888
0.025389
0.0253902
0.0259155
0.0252732
0.0252725
0.025274
0.0253886
0.0253902
0.0253898
0.0253896
0.0259151
0.0255057
0.0253872
0.0255064
0.0253884
0.0255062
0.0255052
0.0253905
0.0259161
0.0259145
0.0253904
0.0259148
0.0259167
0.0255067
0.0253888
0.0259154
0.0253899
0.0253901
0.0253899
0.0253894
0.0253893
0.025273
0.0253908
0.0252728
0.0253906
0.025507
0.0255071
0.0253893
0.025387
0.0253887
0.0252724
0.0253902
0.0253888
0.0253898
0.0253889
0.0253903
0.02539
0.0253888
0.0255064
0.0253903
0.0252733
0.0253901
0.0253897
0.0253897
0.0255066
0.0253891
0.025389
0.0253893
0.0253891
0.0253896
0.0253895
0.0253898
0.0252735
0.0253895
0.0253883
0.0252727
0.0253878
0.0260386
0.0253908
0.0253897
0.0253898
0.0259156
0.0265916
0.0259157
0.0259157
0.0259162
0.025389
0.0253886
0.0253894
0.0255066
0.0259155
0.0253885
0.0253898
0.0253898
0.0253901
0.0259145
0.0253894
0.0253903
0.0255073
0.0253891
0.0252737
0.0259158
0.0259169
0.0253915
0.0253894
0.0255067
0.0260364
0.0265915
0.0259157
0.0252726
0.0253899
0.025389
0.0253888
0.0253892
0.0252732
0.0253892
0.0253901
0.025389
0.0253887
0.0253902
0.0253909
0.0253904
0.0253896
0.0253887
0.0253886
0.0259165
0.0259154
0.0259159
0.0253891
0.0253886
0.0253898
0.0253895
0.0253901
0.0253899
0.0259164
0.025915
0.0255064
0.0253892
0.0255073
0.0253898
0.0253886
0.0259163
0.0253892
0.0253899
0.0253891
0.0259163
0.0259161
0.0253894
0.0247719
0.025389
0.0253899
0.0253904
0.0253893
0.0252728
0.02539
0.025916
0.0255064
0.0253899
0.0253898
0.0253879
0.0259164
0.0253894
0.0253886
0.0255059
0.0259157
0.0255053
0.0253896
0.0253899
0.0253887
0.0253896
0.0253896
0.0252726
0.0253898
0.0253882
0.0259162
0.0253906
0.0253898
0.0253878
0.0252732
0.0253891
0.0255048
0.0259162
0.0253885
0.0253898
0.0253908
0.02539
0.0253894
0.0253889
0.0255053
0.0253895
0.0260365
0.0253879
0.0259165
0.0253894
0.0253895
0.0253886
0.025274
0.0253899
0.0252711
0.0252726
0.0253884
0.0255057
0.0253881
0.0253886
0.0259166
0.0253904
0.0259161
0.0253895
0.0255054
0.0253892
0.0253896
0.0252715
0.0253902
0.0253902
0.0259157
0.0265898
0.0259147
0.0255065
0.0259146
0.0252742
0.0253893
0.0253894
0.0253902
0.0255062
0.0253895
0.0252737
0.0259172
0.0253895
0.0259163
0.0252728
0.02539
0.025916
0.0253888
0.0253888
0.0248836
0.0252728
0.0253896
0.0248831
0.0253903
0.0253889
0.02539
0.0255062
0.0259142
0.0253883
0.0253897
0.0248838
0.0252743
0.0253908
0.0253902
0.0259163
0.0253897
0.0253883
0.0253891
0.0253893
0.0253889
0.0255065
0.0253898
0.0253897
0.02539
0.0255063
0.0253905
0.0253893
0.025917
0.0253891
0.0253896
0.0252745
0.0253909
0.0260384
0.0253898
0.0253888
0.0253894
0.025915
0.0265906
0.025916
0.025389
0.0259158
0.0255071
0.0253887
0.0253891
0.0253885
0.0253896
0.0260379
0.0253902
0.0253889
0.0255056
0.0253886
0.0252734
0.0253889
0.0259167
0.0253891
0.0253898
0.0253893
0.02539
0.0253896
0.0259155
0.0253888
0.0259145
0.0253886
0.0259163
0.0252738
0.025389
0.0253881
0.0253902
0.0259171
0.0253897
0.0259162
0.0259165
0.0253892
0.0252738
0.0253875
0.0253901
0.0253884
0.0252737
0.0253897
0.0255066
0.0253893
0.0253904
0.0253882
0.0253897
0.0259147
0.0253889
0.0253884
0.0255071
0.0253872
0.0248828
0.0253874
0.0255066
0.0253894
0.0255057
0.0253893
0.0253895
0.0252728
0.025273
0.0259168
0.0255066
0.0253879
0.0255064
0.0253903
0.0252734
0.0253901
0.0253905
0.025916
0.0253888
0.025915
0.0253886
0.025389
0.0253896
0.0259158
0.0253901
0.0253891
0.0253883
0.02539
0.0253901
0.0255061
0.0259163
0.0253897
0.0253876
0.02539
0.0253888
0.0259161
0.0265914
0.0259161
0.0259153
0.0252742
0.0253885
0.0253898
0.0253893
0.0253889
0.0253894
0.0253891
0.0259166
0.0253896
0.0253887
0.0253881
0.0260364
0.0259155
0.0259161
0.0253905
0.025388
0.0253898
0.0253897
0.02539
0.0253903
0.0253897
0.0255068
0.0259174
0.0253888
0.0253886
0.0252738
0.0253892
0.0253899
0.025917
0.02539
0.0259149
0.0253895
0.0253894
0.0259159
0.0253887
0.0253891
0.0252736
0.0259138
0.0255065
0.0253893
0.0253903
0.0253882
0.0259164
0.0259167
0.0253883
0.0253898
0.0253896
0.0253887
0.0253893
0.0253895
0.0253895
0.0260381
0.0260378
0.0261575
0.0255053
0.0255069
0.0253892
0.0253902
0.0253897
0.025389
0.0253879
0.0253887
0.0253896
0.0253895
0.0255066
0.0253893
0.0253871
0.0253874
0.0253895
0.0253886
0.0253906
0.02539
0.0253894
0.0253899
0.0252718
0.0253883
0.0253892
0.0259155
0.02539
0.0255072
0.0259158
0.0259146
0.0253881
0.025273
0.0252745
0.0253895
0.025275
0.0253892
0.0253885
0.0260377
0.025388
0.0253887
0.0253879
0.0253889
0.0253902
0.0253893
0.0259159
0.025274
0.0253898
0.0252742
0.025389
0.0255065
0.0253894
0.0253895
0.0253888
0.0253892
0.0252732
0.0253897
0.0253896
0.0253896
0.0253899
0.0253889
0.0259157
0.0259157
0.0253897
0.0255058
0.0253892
0.0253896
0.0253902
0.0253892
0.0253878
0.0253887
0.0253889
0.0255069
0.0253902
0.0253888
0.0253897
0.0253882
0.0255054
0.0253904
0.0253898
0.0253877
0.0252725
0.0259162
0.0252741
0.0253899
0.0253895
0.025506
0.0261595
0.0255063
0.02539
0.0259151
0.02539
0.0255041
0.0253896
0.0253889
0.0259144
0.0253903
0.0255068
0.0259164
0.0253889
0.0253888
0.0253881
0.0259164
0.025389
0.0253902
0.0255059
0.0259174
0.0253896
0.0255068
0.0253895
0.0259159
0.0253902
0.0253901
0.0253905
0.0259167
0.0265907
0.0259148
0.0253886
0.025389
0.0253893
0.0252742
0.0253899
0.0255058
0.0255061
0.0253901
0.0259158
0.026037
0.0253902
0.0253876
0.0253888
0.0260381
0.0253902
0.0253896
0.0253895
0.0259158
0.0253899
0.0253885
0.0253886
0.02539
0.0255058
0.02539
0.0253897
0.0253898
0.0259165
0.0253897
0.0253897
0.0252732
0.0253899
0.0253904
0.0255067
0.0261594
0.0255073
0.0260373
0.0253889
0.0255058
0.0253889
0.0255049
0.0253892
0.0253895
0.0255048
0.0253882
0.0255066
0.0259155
0.0260386
0.0253898
0.0253892
0.0253901
0.0259172
0.025389
0.025389
0.0253868
0.0253896
0.025916
0.0255068
0.0259161
0.0253892
0.0253882
0.0253894
0.0253894
0.02539
0.024883
0.0253898
0.0253901
0.0252736
0.0253894
0.0253892
0.0252729
0.0253904
0.0253894
0.0259154
0.0252736
0.02539
0.0253889
0.0253887
0.0253899
0.0253896
0.0252742
0.0253899
0.0253903
0.0259161
0.0253897
0.0253885
0.0253897
0.025915
0.0252744
0.0253887
0.0253897
0.0260377
0.0255051
0.0259161
0.025389
0.0259166
0.0259162
0.0253896
0.0253877
0.026038
0.0253894
0.0248839
0.0253904
0.0253896
0.0255067
0.0253888
0.0252739
0.0253891
0.0253882
0.0253891
0.0255061
0.0259154
0.0255053
0.0259159
0.025389
0.0253884
0.025391
0.0253899
0.0253892
0.0255069
0.0259166
0.0253895
0.0252724
0.0253892
0.025916
0.0253904
0.0253902
0.0253894
0.0252751
0.0253902
0.0252729
0.0253903
0.0255067
0.025389
0.0253882
0.0255043
0.0259168
0.0255053
0.0253902
0.0252724
0.0253903
0.0253896
0.0260381
0.025389
0.0259168
0.0253887
0.0253879
0.025389
0.0253897
0.0253887
0.0253891
0.0253882
0.0253882
0.0248834
0.0253887
0.0253876
0.0253891
0.0259165
0.025389
0.0260387
0.0253879
0.0253894
0.0253891
0.0252725
0.025918
0.0253888
0.0253892
0.0259159
0.02539
0.0255059
0.0253899
0.025389
0.0253881
0.0253907
0.0253895
0.0253887
0.0253881
0.0253892
0.0253897
0.0253894
0.0253899
0.0255059
0.0253886
0.0252734
0.0253893
0.0253892
0.0253889
0.0253889
0.0253898
0.0253907
0.0253886
0.0255062
0.0259149
0.0252738
0.0253907
0.0260386
0.0253898
0.0253896
0.0253885
0.0255066
0.0248836
0.0253887
0.0253889
0.026038
0.0253901
0.0253888
0.0253886
0.0253887
0.0253897
0.0253893
0.0253899
0.0253898
0.0253899
0.0253893
0.0253881
0.0252732
0.0259146
0.0253891
0.025388
0.025389
0.0253898
0.0253868
0.0252732
0.0253891
0.0253883
0.025272
0.0252736
0.0253905
0.0253893
0.025389
0.025507
0.0259154
0.0252736
0.025388
0.0259162
0.0253898
0.0253888
0.0253896
0.025389
0.0253893
0.0253898
0.0253888
0.0252742
0.0253898
0.02539
0.0253908
0.0259162
0.02539
0.0259168
0.0253901
0.0255068
0.0255065
0.02539
0.0253898
0.0253903
0.0259148
0.0253901
0.0253898
0.0259157
0.0259162
0.0253884
0.0253889
0.0253889
0.0253907
0.0253891
0.0253899
0.0253893
0.0253891
0.0253899
0.0255058
0.0253886
0.0252733
0.0253899
0.0253893
0.0253893
0.0253894
0.0253881
0.0255053
0.0261597
0.0255067
0.0259158
0.0253893
0.0253892
0.0253884
0.02539
0.0253896
0.0253892
0.0259167
0.0253884
0.0259159
0.02539
0.0253898
0.0259154
0.0265898
0.0259152
0.02659
0.0259155
0.0253892
0.025507
0.024883
0.025273
0.0253905
0.0260383
0.0253878
0.0259155
0.0259166
0.0259155
0.0253898
0.0253898
0.0253888
0.0253882
0.0253869
0.0259159
0.0253897
0.0259162
0.0259162
0.0259157
0.0253891
0.025389
0.0253865
0.0253889
0.025388
0.0253895
0.0253896
0.0253887
0.0253889
0.0252736
0.0259157
0.025916
0.0252738
0.0253884
0.0253894
0.0253899
0.0253906
0.0259147
0.0253886
0.0259148
0.0253889
0.0255056
0.02616
0.0255065
0.0255072
0.0253893
0.0255046
0.0261598
0.0255071
0.0259154
0.0253886
0.0253898
0.025506
0.0253903
0.0253901
0.0253897
0.0253899
0.0253901
0.0253899
0.0253891
0.0253892
0.0260378
0.0259163
0.0253895
0.0253892
0.0255056
0.0259161
0.025389
0.0253897
0.0253904
0.0253898
0.0253898
0.0259163
0.0253903
0.0252744
0.0259164
0.0259167
0.0253895
0.0252728
0.0253898
0.0259162
0.0259168
0.0253895
0.0253893
0.0259161
0.0252735
0.0253901
0.0253892
0.02539
0.0253891
0.0259168
0.0253897
0.0253883
0.0259134
0.0253893
0.0253888
0.0253891
0.0253899
0.0253892
0.0253886
0.0253884
0.0253892
0.0253899
0.0259148
0.0253895
0.0248836
0.0253893
0.0259156
0.0259149
0.0265902
0.0259155
0.0253899
0.0253885
0.0253905
0.0252729
0.0248834
0.0253885
0.0260372
0.0253866
0.0253892
0.0253907
0.0260373
0.0253904
0.0255053
0.0253883
0.0253899
0.02539
0.0252741
0.0253895
0.0253901
0.0253896
0.025389
0.0259156
0.0253888
0.0253897
0.0253898
0.0253896
0.0259151
0.0253899
0.0253886
0.0253905
0.0253902
0.0259167
0.02539
0.0259168
0.0255058
0.0253894
0.0253868
0.0259149
0.0255058
0.0253895
0.025389
0.0259171
0.0252739
0.02539
0.0255052
0.0253904
0.0253901
0.0253896
0.025389
0.02539
0.025917
0.0253869
0.0253885
0.0253889
0.0253895
0.0259169
0.0253897
0.02539
0.0259159
0.0253891
0.025505
0.0253899
0.0259165
0.0253889
0.0252725
0.0253899
0.0253893
0.0253899
0.0253906
0.0255066
0.0259163
0.0259167
0.0259153
0.0253908
0.0255055
0.0253897
0.0253893
0.0253903
0.0259132
0.0253896
0.0253881
0.0253881
0.0252728
0.0253882
0.0259162
0.0253873
0.0253906
0.0253878
0.0253879
0.0255055
0.0261597
0.0255056
0.0253896
0.0253881
0.0253895
0.025915
0.0259167
0.0253886
0.0253887
0.0259167
0.0253896
0.0253891
0.0253879
0.025389
0.0252745
0.0253884
0.0259166
0.0253893
0.0252737
0.0253903
0.0253897
0.0259148
0.0253901
0.0253876
0.025916
0.0255049
0.0253888
0.0252738
0.025389
0.0253898
0.0253892
0.025915
0.0253898
0.0253889
0.0253901
0.0253895
0.0253901
0.0253893
0.0252727
0.0253895
0.0253886
0.0252721
0.0259156
0.0252721
0.0253893
0.0253902
0.025916
0.0253898
0.0252731
0.0253899
0.0253892
0.0259164
0.025916
0.0252733
0.0253879
0.0253901
0.0260374
0.0253883
0.0259159
0.0253898
0.0253898
0.025389
0.0253885
0.025388
0.0259152
0.0265915
0.0259163
0.0255056
0.025389
0.0255059
0.025391
0.0253897
0.0252718
0.0253893
0.0253894
0.025917
0.0253892
0.0253894
0.0253882
0.0253881
0.0253895
0.0259157
0.0252734
0.0253884
0.0253889
0.0252732
0.0253886
0.0253882
0.0259169
0.0259149
0.0253893
0.0260377
0.0253896
0.0253886
0.0253895
0.0259169
0.0253893
0.0253882
0.0255051
0.026159
0.0255046
0.0253898
0.0253893
0.0253885
0.0253898
0.0259152
0.0253896
0.0253899
0.0253903
0.0253898
0.0253892
0.0253899
0.0253894
0.0255066
0.0259162
0.0253874
0.0253905
0.025916
0.0252734
0.0253884
0.0253903
0.0253904
0.0252745
0.0259151
0.0253903
0.0260367
0.0267189
0.0268465
0.026393
0.0257269
0.025094
0.0245884
0.0245887
0.0245888
0.0245886
0.0245879
0.0245874
0.0250935
0.0245877
0.0250941
0.024589
0.0245884
0.0245883
0.0245889
0.0246853
0.0245873
0.0246859
0.0245881
0.0245884
0.0245888
0.024684
0.0245889
0.0246856
0.024589
0.0250936
0.0245859
0.0246854
0.024587
0.0245881
0.0250941
0.0245878
0.0245885
0.0245881
0.0245869
0.0245879
0.0250936
0.0245869
0.024588
0.024685
0.0252967
0.0246854
0.0246848
0.0250935
0.0245879
0.0246839
0.0245873
0.0245866
0.0250944
0.0245894
0.0246848
0.024588
0.0245863
0.0245876
0.0245869
0.024589
0.0245881
0.0245879
0.0250937
0.024587
0.0245869
0.0245883
0.0246848
0.0245878
0.0245882
0.0245882
0.0245883
0.0241027
0.024686
0.0245882
0.0250939
0.0250931
0.0245879
0.0245889
0.0245882
0.0245889
0.0245879
0.0250947
0.0257277
0.0250938
0.0250947
0.0246857
0.0245878
0.0246851
0.0245884
0.0250943
0.0245877
0.0244916
0.0245883
0.0245884
0.0245875
0.0246856
0.0245881
0.0245882
0.0245871
0.0245872
0.0245879
0.0245885
0.0245879
0.0246849
0.0250927
0.0245878
0.0245878
0.0245881
0.0245878
0.0250943
0.0251962
0.0245872
0.0250934
0.0245876
0.0245885
0.0245879
0.0245856
0.0245884
0.0245888
0.0245884
0.0245879
0.0245868
0.0250919
0.0245879
0.024587
0.0250949
0.0250942
0.0245879
0.0245883
0.0245873
0.0245867
0.0245884
0.0245881
0.0245883
0.0245868
0.0246836
0.0245886
0.0251944
0.0245874
0.0245883
0.0245882
0.0246857
0.0245878
0.0245868
0.0244911
0.0245883
0.0251955
0.0245875
0.0250948
0.0245876
0.0246846
0.0245884
0.0245886
0.0251944
0.025095
0.024587
0.0245876
0.0251952
0.0246846
0.025194
0.0245881
0.0245874
0.0250942
0.0245874
0.0250929
0.024588
0.0245893
0.0246852
0.0245883
0.0250932
0.0245886
0.0245872
0.0244914
0.0245881
0.0245878
0.0245872
0.0246852
0.0245883
0.0245867
0.0245867
0.0246855
0.0245881
0.0245881
0.0246846
0.0245883
0.0251943
0.0245874
0.0245874
0.0250934
0.0250945
0.0245873
0.0241006
0.0246853
0.0250945
0.024588
0.0246853
0.0241025
0.0245872
0.0245877
0.0245872
0.0245876
0.0245878
0.0245893
0.024588
0.0245874
0.0245867
0.0245884
0.0245871
0.0245874
0.0245876
0.0250939
0.0245875
0.024492
0.0245889
0.0250938
0.0245887
0.0250941
0.0250935
0.0250941
0.0245878
0.0245876
0.025195
0.0246865
0.0252951
0.0251951
0.0246853
0.0245883
0.0245874
0.0245879
0.0250927
0.0244909
0.0250953
0.0245879
0.024588
0.0245887
0.0245886
0.0245891
0.0245878
0.024589
0.0245881
0.0245888
0.0250948
0.024588
0.0245873
0.0245873
0.0245883
0.024588
0.0245871
0.024588
0.0245872
0.0245884
0.0251944
0.0245889
0.0245884
0.0245874
0.0244908
0.025094
0.0245873
0.0246851
0.025093
0.0245871
0.0245884
0.0245886
0.0246838
0.0240994
0.0245878
0.0245866
0.0251951
0.0257269
0.025094
0.0250953
0.0244919
0.0245861
0.0250945
0.0245882
0.024588
0.0250944
0.0245876
0.0250945
0.0250931
0.0250951
0.0245867
0.0245872
0.0245894
0.0244914
0.0245876
0.0245872
0.0245882
0.0245876
0.0245882
0.0250942
0.0245887
0.0245878
0.0245882
0.0245881
0.0245879
0.0250947
0.0246855
0.0245876
0.0241006
0.0245875
0.0246851
0.0245875
0.0250937
0.0245885
0.0245879
0.0245883
0.0245886
0.0245883
0.0246863
0.0250928
0.0250941
0.0246848
0.0250954
0.024588
0.0245879
0.0245876
0.0245871
0.0246855
0.0245886
0.0246845
0.0252971
0.0251943
0.024588
0.0246845
0.0245881
0.0245881
0.0245885
0.0245893
0.0250936
0.0245871
0.0251956
0.0245888
0.024588
0.0245859
0.0245879
0.0250941
0.0245885
0.0245884
0.024587
0.0245877
0.0245873
0.024588
0.0245887
0.0250939
0.0245885
0.0246848
0.0245887
0.0245882
0.0250936
0.025727
0.0250919
0.0246839
0.0252981
0.0246844
0.0245861
0.0245878
0.0245882
0.0245877
0.0245883
0.0245883
0.0250939
0.0245885
0.0245877
0.0250928
0.0245871
0.0250933
0.0250946
0.0245885
0.0246859
0.0245886
0.0245876
0.0245885
0.0245875
0.0245851
0.0250924
0.0257257
0.0250936
0.0251953
0.0245883
0.0245869
0.0245872
0.0245884
0.0245871
0.0245878
0.0251955
0.0245887
0.0250939
0.024588
0.0244915
0.0245871
0.0245856
0.0250938
0.0245876
0.0250942
0.0245854
0.024587
0.0245884
0.0250941
0.0250947
0.0250938
0.0250949
0.0245882
0.0245875
0.0250938
0.0246843
0.0246845
0.0245883
0.0245884
0.0245882
0.0245873
0.0245877
0.0245886
0.0245871
0.0245866
0.0245886
0.0245871
0.0245881
0.0245872
0.0250941
0.024587
0.0245872
0.0245877
0.0250935
0.0246847
0.0245889
0.0245887
0.0245883
0.0245887
0.0245879
0.025094
0.0245874
0.024586
0.0245879
0.0245877
0.0250949
0.0245876
0.0245875
0.0245865
0.0246856
0.0245868
0.0245864
0.0245872
0.0250947
0.0245889
0.0245869
0.0245868
0.0251962
0.0245877
0.0245871
0.024588
0.0245874
0.0245858
0.0245884
0.0244909
0.0245865
0.0245882
0.0245888
0.0245879
0.0246843
0.0245877
0.0245878
0.0250937
0.0245874
0.0245888
0.0245882
0.0245863
0.0246839
0.0245872
0.0245868
0.0251962
0.0245885
0.024589
0.0245875
0.0241012
0.024685
0.0250939
0.0245876
0.0245868
0.0250937
0.0250938
0.0246854
0.0245884
0.0246841
0.0245884
0.0245881
0.0245887
0.0245889
0.0246851
0.0245877
0.0245867
0.0246847
0.0245873
0.0251958
0.0250937
0.0245869
0.0246844
0.0245874
0.0250942
0.0250931
0.0245878
0.024586
0.0245881
0.0245868
0.024588
0.0245874
0.0245881
0.0250922
0.0245862
0.0246845
0.0245885
0.0250922
0.0250939
0.0245881
0.0250935
0.0245882
0.0245875
0.0246848
0.024588
0.0245862
0.0251952
0.0245868
0.0245884
0.0246851
0.024586
0.0245881
0.024588
0.0244896
0.0245883
0.0245884
0.0245859
0.0244912
0.0245877
0.0245882
0.0250927
0.024588
0.0245874
0.0245845
0.025094
0.0250943
0.0250936
0.0246851
0.024589
0.0245895
0.0245878
0.0250935
0.0250944
0.0245878
0.0245878
0.0250946
0.0245888
0.0245874
0.0250929
0.0245866
0.0245887
0.0245875
0.02449
0.0245869
0.0250932
0.025094
0.0250931
0.0245878
0.0250947
0.0250932
0.0245878
0.0245887
0.0250938
0.0245866
0.0245875
0.0244911
0.0245886
0.0250941
0.0245867
0.024588
0.0246858
0.0245883
0.0245887
0.0245879
0.0246845
0.0245871
0.0244919
0.0245869
0.0245891
0.024686
0.0252976
0.0246852
0.0246837
0.0245859
0.0245875
0.0245876
0.0245886
0.025094
0.024586
0.024588
0.0246838
0.0245879
0.0245876
0.0245872
0.024587
0.0245866
0.0250918
0.0245892
0.0245877
0.0250929
0.0245888
0.024588
0.0245878
0.0245874
0.024589
0.0244901
0.0250938
0.0245894
0.0250936
0.0257263
0.0250923
0.0250924
0.0245881
0.025093
0.025095
0.0244905
0.025093
0.0245876
0.0246853
0.0245882
0.0245876
0.0250941
0.0257272
0.025094
0.0246851
0.0245878
0.0250945
0.0245883
0.024588
0.0245876
0.0245888
0.0245883
0.0245871
0.0245872
0.0245857
0.0246857
0.0245861
0.0245887
0.024587
0.0245881
0.0245888
0.0244917
0.0250946
0.0245869
0.0250942
0.0245879
0.0246833
0.0252923
0.0246845
0.0245874
0.0241016
0.0245877
0.0245864
0.0245873
0.0245873
0.024589
0.0246849
0.0251953
0.0245878
0.024588
0.0245882
0.024587
0.0251931
0.0245879
0.0250943
0.0245879
0.0245878
0.0245875
0.0245874
0.0250944
0.0250953
0.0245878
0.0250935
0.0245879
0.0250946
0.0245878
0.0245871
0.0246849
0.0245879
0.0245887
0.0245886
0.0245876
0.0245888
0.0246846
0.0250934
0.0257268
0.0250948
0.0245882
0.0245889
0.0245868
0.0245862
0.0245889
0.0245887
0.0250951
0.0245878
0.0245878
0.0244907
0.0244918
0.024588
0.0245873
0.0245865
0.0245867
0.0245882
0.0250931
0.0245865
0.0245871
0.0246851
0.0245875
0.0250948
0.0250945
0.025727
0.0250934
0.0245881
0.0245881
0.0245875
0.0245876
0.0245879
0.0251962
0.0245882
0.0245871
0.0246836
0.024588
0.0250943
0.024588
0.0245894
0.0245887
0.0245874
0.0245878
0.0245871
0.0245885
0.0245885
0.0245865
0.0246851
0.0245869
0.0245871
0.0250919
0.0245877
0.0250926
0.0245875
0.0245873
0.0246854
0.0245874
0.0250945
0.0245877
0.0245859
0.0245883
0.024588
0.0244911
0.0245865
0.0245877
0.0245872
0.0250941
0.0245877
0.0245891
0.0245878
0.0245876
0.0245879
0.0245884
0.0245879
0.0250936
0.0245862
0.0250939
0.024588
0.0250948
0.0245888
0.0245881
0.0245876
0.0245887
0.0245869
0.0250924
0.0245879
0.024588
0.0241009
0.0246847
0.0250931
0.0250948
0.0245873
0.0250927
0.0245876
0.0246856
0.0250944
0.024587
0.0245861
0.0245878
0.0250932
0.0250942
0.0257271
0.0250947
0.0250935
0.0250927
0.0245872
0.0245886
0.0245883
0.0246845
0.0245887
0.0245879
0.024588
0.0246854
0.0252966
0.0246844
0.0246842
0.0246844
0.0250941
0.0245865
0.0245867
0.0244902
0.0250947
0.0250947
0.0244918
0.0245867
0.0246849
0.0245877
0.0245879
0.0245876
0.0245876
0.0251958
0.0252968
0.024685
0.0246855
0.0245871
0.0245883
0.0246846
0.0245881
0.0245877
0.0245881
0.0245883
0.0245883
0.0250937
0.0244917
0.0245877
0.0245879
0.0245877
0.0245878
0.024587
0.0246851
0.0245881
0.0245881
0.0245878
0.0245861
0.0250942
0.0245878
0.0245879
0.0246842
0.0245868
0.0250939
0.0250927
0.0246858
0.0245877
0.0244917
0.024491
0.0245889
0.0245881
0.0245864
0.0245882
0.0245887
0.0246854
0.0245867
0.0245875
0.0245893
0.0245883
0.0245866
0.0245873
0.0244904
0.0244914
0.0245883
0.0245886
0.0245862
0.0245881
0.0245885
0.0245877
0.0250942
0.0250944
0.0245882
0.0245888
0.0250943
0.0245889
0.0245883
0.0250935
0.0250942
0.0245889
0.0244907
0.0245883
0.0245874
0.0250939
0.0245866
0.024685
0.0246861
0.0245883
0.024587
0.0245886
0.0245886
0.0245886
0.024588
0.0245871
0.0245885
0.0250941
0.0245885
0.0245889
0.0245865
0.0246855
0.0245875
0.0244911
0.0245892
0.0245887
0.0245888
0.0246848
0.0245886
0.0245885
0.0245868
0.0250939
0.0250944
0.0245881
0.0245876
0.0245886
0.0244893
0.0245882
0.0245892
0.024588
0.0246842
0.0245883
0.0250936
0.0245878
0.0250933
0.0250943
0.0245876
0.0245881
0.0245887
0.0245877
0.0245869
0.0245882
0.0250953
0.0250942
0.0244919
0.0245874
0.0245873
0.0245885
0.024588
0.0250938
0.0245881
0.0250927
0.0251951
0.0245862
0.0244888
0.0244929
0.0250941
0.0245884
0.0245871
0.0245877
0.0246842
0.0245891
0.0246845
0.024587
0.024588
0.0250929
0.0245864
0.0245883
0.0245877
0.0245883
0.0246855
0.0245883
0.0245877
0.0246853
0.0246852
0.0245878
0.0245884
0.0245852
0.025093
0.0245884
0.0245885
0.0250943
0.0245856
0.0245884
0.0245881
0.0246845
0.025094
0.0244915
0.0245883
0.0245886
0.0251961
0.0250943
0.0245889
0.0251942
0.0246849
0.0245871
0.0245892
0.025093
0.0245867
0.0246856
0.0246858
0.0250924
0.0245867
0.0244919
0.0244917
0.0245874
0.0245875
0.0245876
0.0245877
0.0245873
0.0245873
0.0246852
0.0245879
0.0250946
0.0250945
0.0250935
0.0245878
0.0245881
0.0245885
0.0245882
0.0245886
0.0245886
0.0246847
0.0245875
0.0245884
0.0250944
0.025094
0.0245891
0.0245882
0.0250955
0.0251964
0.0245879
0.0245873
0.025094
0.0245888
0.0250936
0.0246848
0.0245886
0.0250948
0.0245877
0.0246836
0.0245888
0.0245885
0.0245875
0.0245877
0.0245875
0.0251953
0.0245889
0.025094
0.0257258
0.0250931
0.0246854
0.0245882
0.0245887
0.0250932
0.0245869
0.0245888
0.0241015
0.0245876
0.0250946
0.0245865
0.0245871
0.0246858
0.0245879
0.0245874
0.0245877
0.0250947
0.0245886
0.024587
0.024491
0.0245888
0.0245892
0.0245874
0.0245866
0.0246852
0.0246857
0.0252969
0.0246859
0.0250924
0.0245889
0.0245876
0.0250934
0.0246849
0.0245876
0.0245863
0.0245865
0.0245879
0.0245889
0.0250941
0.0244909
0.024588
0.0245878
0.024588
0.025094
0.024589
0.0245885
0.0245881
0.0244918
0.0245881
0.024588
0.0245888
0.0250924
0.0245882
0.0245881
0.0245889
0.0250937
0.0257269
0.0250937
0.0245874
0.0244904
0.0250945
0.0245885
0.025093
0.0245885
0.0246857
0.0245859
0.0245886
0.024588
0.024589
0.0250946
0.0245871
0.0245874
0.0245878
0.0250944
0.0245877
0.0245889
0.0245884
0.0250943
0.0250948
0.0245874
0.0245868
0.0250941
0.0245875
0.024588
0.0250931
0.0244911
0.0245876
0.0245882
0.0250928
0.0245868
0.0246853
0.0250932
0.0245879
0.0245881
0.0245877
0.0245889
0.0250949
0.0245867
0.0245875
0.0250941
0.0246859
0.0245881
0.024588
0.0245879
0.0250945
0.0245868
0.0245882
0.0250937
0.0246843
0.024587
0.0245877
0.025093
0.0245884
0.0251957
0.0257272
0.0250934
0.0246844
0.0245882
0.0245871
0.0245871
0.0246859
0.0246846
0.0245878
0.0245879
0.024102
0.0245883
0.0245884
0.0245885
0.0244918
0.0245881
0.0245889
0.0246847
0.0245889
0.0245871
0.0241006
0.024588
0.0245879
0.0244902
0.0250943
0.0245874
0.0245871
0.0245882
0.0250937
0.0250945
0.0257272
0.0251958
0.0245883
0.0245883
0.0245885
0.0245889
0.0245878
0.0244902
0.0250949
0.0245886
0.0245886
0.0250939
0.0245875
0.0245884
0.0245876
0.0246855
0.0252966
0.024685
0.0245885
0.024491
0.0245881
0.024586
0.0245881
0.0245883
0.0251958
0.0245881
0.024588
0.024587
0.0245879
0.025094
0.0245881
0.0245873
0.024588
0.0246856
0.0246847
0.0245882
0.0250957
0.0245881
0.0244917
0.0245875
0.0245897
0.0246857
0.0245875
0.024588
0.0250933
0.0250933
0.0257267
0.0250936
0.0245869
0.0245874
0.024685
0.0245878
0.0245874
0.0245883
0.0245882
0.0245882
0.0245856
0.0245878
0.0245885
0.0245872
0.0250938
0.0245873
0.0250946
0.0250938
0.0246858
0.0246858
0.0245888
0.0246856
0.0245868
0.0250943
0.0245871
0.0245881
0.0245887
0.0245878
0.0250956
0.0250942
0.0245885
0.0245881
0.0245871
0.0244896
0.0245878
0.0245879
0.024588
0.0245885
0.0245885
0.0250932
0.0245898
0.0244907
0.0245883
0.0251953
0.0246856
0.0246859
0.0245879
0.0245882
0.0245864
0.0245881
0.0244914
0.0245878
0.0241004
0.0246852
0.024588
0.0245877
0.0245886
0.0245876
0.0246855
0.0250932
0.0245865
0.0245877
0.0244902
0.0245885
0.0250939
0.0250924
0.0245881
0.0245878
0.0245879
0.0245877
0.0250933
0.0246855
0.0252967
0.0246851
0.0245882
0.0245877
0.0246849
0.0252974
0.0246858
0.0245857
0.0245877
0.0250944
0.0245889
0.0246855
0.0245865
0.0245883
0.0245873
0.0245883
0.024589
0.0245881
0.0245887
0.0245877
0.0246845
0.0246857
0.0250939
0.0245877
0.0245883
0.0245884
0.0245879
0.0245884
0.025094
0.0251949
0.0245873
0.0245879
0.024588
0.0245878
0.0245881
0.024588
0.025094
0.0250944
0.0250939
0.0245868
0.0245889
0.0245881
0.0245879
0.025093
0.0244919
0.0245885
0.0245893
0.024589
0.0245873
0.024587
0.0245872
0.0246845
0.0245866
0.0250938
0.0245879
0.0245874
0.0245872
0.0250946
0.0244923
0.0250925
0.0245882
0.0246849
0.0246857
0.0245882
0.024588
0.025093
0.024588
0.0245872
0.0250933
0.0245884
0.0245877
0.0246861
0.0245885
0.0246843
0.0245877
0.0245881
0.0250948
0.0246862
0.0245887
0.0245875
0.0245882
0.0245881
0.0245885
0.0245885
0.0245871
0.0245874
0.0246857
0.0245882
0.0250937
0.0245889
0.0245876
0.0251939
0.0245881
0.0245877
0.0245879
0.0245885
0.0250937
0.0245881
0.0245886
0.0245882
0.0246855
0.0245879
0.024587
0.0245882
0.0245879
0.0250938
0.0245872
0.0250935
0.024685
0.024587
0.0245869
0.0250952
0.0245876
0.0245873
0.0245876
0.0245885
0.0245873
0.0245888
0.0246854
0.024588
0.0246852
0.0245878
0.0244906
0.0250941
0.0246855
0.0245873
0.024588
0.0245875
0.0245888
0.0246852
0.024589
0.024588
0.0245881
0.024588
0.0246849
0.0250938
0.0246857
0.0250944
0.0257257
0.0250939
0.0245868
0.0245884
0.0250944
0.0245882
0.0245877
0.0245845
0.0245888
0.024686
0.0245883
0.0245883
0.0245892
0.0245882
0.0250931
0.0245877
0.0250932
0.0245884
0.0245884
0.0250937
0.0245877
0.025095
0.0245869
0.0246864
0.0245886
0.0245871
0.0245885
0.0245882
0.0250937
0.0251951
0.0245875
0.0245884
0.024587
0.0245874
0.0244889
0.0241003
0.0245876
0.0245888
0.0245873
0.0245879
0.0245871
0.0245873
0.0245886
0.0245877
0.0245876
0.024587
0.025094
0.0245878
0.0245878
0.0246852
0.0245896
0.0245867
0.0250937
0.0245877
0.0244912
0.0245885
0.0244908
0.0245879
0.0250942
0.0257252
0.025095
0.0245878
0.0245883
0.0245874
0.0245874
0.0245864
0.0245883
0.0250948
0.0250949
0.0245873
0.0250943
0.024587
0.0245885
0.0246852
0.0246849
0.0250933
0.0245893
0.0245883
0.0245873
0.024489
0.0245885
0.0245875
0.0245879
0.0245872
0.0246851
0.0245875
0.0245882
0.0245877
0.0250937
0.025095
0.0245876
0.0245889
0.0246859
0.0250938
0.0244916
0.024589
0.0245884
0.0245881
0.0245881
0.0244922
0.024589
0.0250948
0.0246847
0.0246848
0.0245882
0.0245886
0.0245874
0.024492
0.0250935
0.024491
0.0250938
0.0245873
0.0245868
0.0250945
0.0250938
0.0246842
0.0245872
0.0245866
0.0245869
0.0251963
0.0245884
0.0245887
0.0250936
0.0245874
0.0245887
0.0245877
0.0245881
0.0246854
0.0250911
0.0245883
0.0250946
0.0250945
0.0245874
0.0245876
0.0245874
0.024587
0.0244898
0.0250939
0.0250929
0.0245878
0.0250943
0.0245878
0.0250943
0.0246859
0.0245883
0.0245868
0.0245872
0.0246865
0.0250946
0.0245875
0.0245885
0.0245879
0.0250945
0.0246856
0.0245876
0.0250949
0.0245868
0.0246851
0.0245875
0.0244896
0.024587
0.0250951
0.0250945
0.0245879
0.0250944
0.0257274
0.0250942
0.024492
0.0245863
0.0245883
0.0245884
0.0246847
0.0246848
0.024589
0.0244899
0.0245888
0.0245877
0.0250942
0.0245864
0.0250934
0.0245878
0.0250914
0.0250944
0.024587
0.024588
0.0245865
0.0246851
0.0252969
0.0251948
0.0245875
0.0250935
0.0245874
0.0245878
0.0251959
0.024685
0.0245869
0.0250939
0.0245828
0.0246837
0.0250926
0.0250939
0.0245884
0.024588
0.024589
0.0246843
0.0245861
0.0245881
0.0245886
0.0251955
0.0246865
0.025195
0.0252977
0.0246852
0.0250929
0.024587
0.024586
0.0245874
0.0245876
0.0245863
0.0245878
0.024588
0.0245867
0.0246851
0.0245867
0.0245883
0.0250929
0.0246852
0.0245857
0.0245863
0.0250934
0.0245886
0.0244921
0.0250939
0.0246847
0.0245874
0.0250945
0.024588
0.0245885
0.0250946
0.0245873
0.0250933
0.0250939
0.0246862
0.0250944
0.0250924
0.0245887
0.0245878
0.0245877
0.0246861
0.0246852
0.0246846
0.0245868
0.024588
0.0245872
0.0250946
0.0257266
0.0250941
0.0245883
0.0246857
0.024589
0.0245893
0.0245883
0.0245885
0.0250925
0.0246829
0.0250937
0.0250939
0.0245884
0.0250943
0.0251961
0.0245886
0.0245885
0.0245885
0.0245872
0.0246848
0.0245868
0.0251956
0.0245876
0.0245886
0.0245882
0.0245888
0.024684
0.0245878
0.0245885
0.0245873
0.0250941
0.0250927
0.0245891
0.0245882
0.0245886
0.024588
0.0250941
0.0245875
0.0245885
0.0245891
0.0245874
0.0250941
0.0245891
0.0245889
0.0245882
0.0245882
0.0251955
0.025093
0.0245874
0.0246848
0.0245876
0.0251958
0.0245872
0.0246857
0.0245877
0.0245872
0.0245886
0.0244917
0.0245869
0.0245877
0.0245879
0.0246849
0.0250946
0.0245875
0.0245878
0.0245875
0.0245879
0.0246838
0.0250936
0.0246856
0.0250919
0.0245888
0.0245874
0.0245887
0.0244906
0.025093
0.0251941
0.024589
0.0246851
0.0246842
0.0245885
0.0245876
0.0250948
0.0245868
0.0245872
0.024587
0.0245888
0.0251951
0.0250945
0.0250942
0.0250937
0.025094
0.024588
0.0245865
0.0245882
0.0250941
0.0245885
0.0250935
0.0245877
0.0246855
0.0245882
0.0245883
0.0250942
0.0250951
0.0245876
0.024586
0.0245867
0.0251951
0.0245879
0.0245862
0.0245889
0.0245877
0.0245879
0.0245877
0.0245877
0.0245873
0.0244912
0.0250935
0.0245873
0.0250947
0.0245885
0.0245879
0.0250937
0.0245886
0.0245885
0.0245886
0.0245887
0.0245878
0.0250942
0.0245874
0.0246848
0.024587
0.0250928
0.0245871
0.0245876
0.0250934
0.0257272
0.0252966
0.0246857
0.0245863
0.0245868
0.0245879
0.0245876
0.0246847
0.0245869
0.0245874
0.0245881
0.0245871
0.0245873
0.0245871
0.0244923
0.0250938
0.0245873
0.0245876
0.0245884
0.0250944
0.024588
0.0244916
0.0245878
0.0245881
0.0245882
0.0250934
0.0250927
0.0245873
0.0246861
0.0245877
0.0241012
0.0246847
0.0245889
0.0250942
0.0246848
0.0245872
0.025094
0.0250947
0.0257269
0.0250933
0.0250946
0.0245881
0.0251932
0.0245872
0.0245877
0.0245878
0.0250939
0.0245885
0.0245885
0.0250939
0.025094
0.0245889
0.0245879
0.0244916
0.0245884
0.0245872
0.0245866
0.0245872
0.0245869
0.0245863
0.0245877
0.0245882
0.0250936
0.0245868
0.0251952
0.0245869
0.0245876
0.025094
0.0245872
0.0246863
0.0245878
0.0245865
0.024587
0.0250946
0.0245873
0.0250936
0.024686
0.0245876
0.0245876
0.0245888
0.0246845
0.0250932
0.0250936
0.025093
0.0245886
0.0246852
0.0251962
0.025094
0.0245878
0.0245886
0.0250946
0.0250942
0.0245874
0.0250946
0.0245881
0.0245886
0.0245884
0.0250945
0.0250937
0.0245872
0.0244912
0.0250937
0.0245879
0.0245885
0.024686
0.0245874
0.0245874
0.024588
0.0246843
0.0250932
0.0245884
0.0245884
0.0245861
0.0250912
0.0246847
0.0245881
0.0245885
0.0245885
0.0245884
0.0246846
0.0245872
0.0245871
0.0250934
0.0244893
0.0250913
0.0257282
0.0250929
0.024588
0.0246856
0.0250932
0.0250931
0.0250942
0.0246859
0.0251962
0.0250945
0.0250952
0.0245879
0.0245884
0.0245874
0.0250948
0.024588
0.0245883
0.024589
0.0245874
0.0244912
0.0245886
0.0250939
0.0251942
0.0251956
0.0245871
0.0250945
0.024588
0.0245877
0.0250949
0.0257276
0.0250934
0.0245876
0.0245892
0.0245882
0.0250936
0.0245889
0.0246854
0.0250936
0.0250936
0.0250939
0.0250928
0.0257259
0.0251954
0.0252978
0.0259395
0.0254899
0.0248696
0.0242789
0.0238737
0.0237934
0.0237932
0.0237934
0.0237927
0.0233269
0.0237925
0.023793
0.0237925
0.0237933
0.0237143
0.023794
0.0237134
0.0237925
0.0238714
0.0237939
0.0238702
0.0233256
0.0237921
0.0242786
0.0238721
0.0237924
0.024278
0.0237927
0.023792
0.0237921
0.0237936
0.023794
0.0237924
0.0238717
0.0238736
0.0233258
0.0237933
0.0237927
0.023792
0.023793
0.0242783
0.0237932
0.0237928
0.0237937
0.023793
0.0233275
0.0237933
0.0237926
0.0237927
0.0237928
0.0238726
0.023873
0.0237931
0.0237931
0.0242793
0.0237924
0.0237921
0.0237935
0.0238725
0.0244451
0.0238719
0.0237929
0.0237931
0.0237923
0.0238719
0.0237931
0.0237941
0.0237926
0.023793
0.024362
0.0244449
0.0243614
0.0237927
0.0238691
0.0237928
0.0237925
0.0237921
0.0237931
0.0233252
0.0237909
0.0237927
0.0242779
0.0237932
0.0237937
0.023793
0.0237931
0.0237932
0.0237922
0.0237928
0.024278
0.0237927
0.0238732
0.0237932
0.0237939
0.023793
0.0237936
0.0237934
0.0237937
0.0238729
0.0237924
0.0237927
0.0237937
0.0237929
0.0237941
0.0237922
0.0237925
0.0238726
0.0237926
0.0237923
0.0237935
0.0237929
0.0237922
0.0237938
0.023793
0.0237939
0.0237943
0.0237926
0.0237939
0.0237927
0.0237932
0.0237929
0.0237941
0.0233259
0.0237134
0.0237918
0.0237922
0.0233263
0.023794
0.0242781
0.0237937
0.023872
0.0237931
0.023793
0.0242789
0.0237946
0.0237933
0.0237928
0.0242777
0.0237924
0.024362
0.023792
0.0237927
0.0237937
0.023793
0.0237927
0.0238713
0.0237922
0.0237931
0.0242792
0.0237927
0.0237917
0.0237928
0.0237927
0.0242786
0.0237937
0.0238724
0.0237912
0.0237929
0.0237924
0.0237932
0.0237924
0.024279
0.0237929
0.023794
0.0237126
0.023793
0.0242785
0.0243612
0.0237922
0.0237933
0.0243607
0.0237904
0.0237934
0.0237931
0.0237917
0.0237931
0.0243616
0.0238718
0.023792
0.0237933
0.0242778
0.0242765
0.0237932
0.0242781
0.0237933
0.0237925
0.0233264
0.0237921
0.0237931
0.0237932
0.0237921
0.0242788
0.0242776
0.0237929
0.023793
0.0237927
0.0237939
0.0237929
0.0237925
0.0237935
0.024361
0.0237932
0.0243625
0.0248708
0.0242775
0.0237933
0.0237923
0.0237905
0.023792
0.0237927
0.0237934
0.0237937
0.023792
0.0242771
0.0237921
0.0237931
0.0238709
0.0237933
0.0237926
0.023793
0.0238725
0.0237919
0.0237926
0.0237933
0.0237923
0.0237922
0.0237937
0.0242783
0.0237925
0.0237933
0.0237916
0.0237913
0.0238728
0.0237932
0.0237928
0.0237931
0.0237934
0.0233265
0.0237935
0.0242787
0.0237923
0.0237934
0.023872
0.0237935
0.0237937
0.0237925
0.0237929
0.0237936
0.0238705
0.023327
0.0237919
0.0237922
0.023793
0.0238727
0.0237926
0.0243614
0.0237932
0.0238719
0.0244447
0.0238717
0.0237932
0.0233262
0.0238727
0.0237935
0.0237925
0.0237932
0.023793
0.0237923
0.023793
0.0237132
0.023793
0.0237929
0.0237927
0.0237927
0.0237925
0.0238728
0.0233265
0.0237142
0.0242774
0.0237922
0.0237932
0.023794
0.0237928
0.0237934
0.0233264
0.0237931
0.0237923
0.0243622
0.0242783
0.0237926
0.023793
0.0233257
0.0237932
0.0237935
0.0237933
0.0237936
0.0237946
0.0238724
0.0244428
0.0238724
0.0238736
0.0237928
0.0237927
0.0237926
0.0238728
0.0237921
0.0237932
0.0238727
0.0233267
0.0237929
0.0237924
0.0242775
0.0237936
0.0238731
0.0237938
0.0243608
0.0237926
0.0237925
0.0233256
0.0237924
0.0233269
0.0237932
0.0237931
0.0237937
0.0237922
0.0237938
0.0237932
0.0233259
0.0237925
0.0237934
0.0238727
0.0233268
0.0238721
0.0237934
0.0233266
0.0238732
0.0238732
0.023873
0.0238731
0.0238726
0.0237922
0.0237926
0.0237926
0.0242788
0.023792
0.0237927
0.0233256
0.023714
0.0242786
0.0237926
0.0237938
0.0237929
0.0237933
0.0237931
0.0237933
0.0237921
0.0237936
0.0237934
0.0237928
0.0238726
0.0237936
0.0237926
0.0237928
0.0237932
0.0238714
0.0237914
0.0237932
0.0237936
0.0237926
0.0237132
0.0242777
0.0237929
0.0238728
0.0238734
0.0242785
0.0237911
0.0237926
0.0237937
0.0237923
0.0238725
0.0237927
0.0237919
0.0237927
0.0238719
0.0238725
0.0238729
0.0244452
0.0238712
0.0237936
0.0242776
0.0237936
0.0237937
0.0233262
0.0237925
0.023793
0.0237134
0.0237934
0.0237928
0.0237929
0.0237927
0.0237929
0.023793
0.0237933
0.023794
0.0238731
0.0238715
0.0233262
0.0238725
0.0237919
0.0237927
0.0243617
0.0237943
0.0237931
0.0242786
0.0237923
0.023792
0.0237922
0.0238723
0.0237934
0.0233262
0.0237924
0.0237935
0.0242781
0.0237932
0.0237923
0.0237136
0.0237918
0.0237929
0.0238734
0.024445
0.0238731
0.0238735
0.0242782
0.0237931
0.0237922
0.0233263
0.0237935
0.023793
0.0238719
0.0244449
0.0238727
0.0242794
0.0237932
0.0237934
0.0237929
0.0237932
0.0237132
0.0237929
0.0237932
0.0242779
0.0242784
0.0237935
0.024361
0.0237917
0.0237929
0.0237941
0.0237944
0.0237933
0.0237918
0.0238721
0.0237926
0.0237919
0.0238727
0.0237927
0.0237927
0.0237931
0.0237942
0.0237925
0.0237943
0.0237929
0.0237932
0.0237926
0.0237929
0.0237932
0.0237937
0.0238725
0.0237912
0.0237928
0.0233267
0.0238733
0.0237938
0.0237936
0.0233266
0.0237924
0.0237925
0.0237929
0.0233259
0.0237908
0.0237921
0.0237942
0.0242777
0.0237922
0.0237924
0.0237936
0.0237938
0.0237936
0.0237924
0.0238711
0.023872
0.0237916
0.0237925
0.0237936
0.0237928
0.0237935
0.0238741
0.0237934
0.0237919
0.0233264
0.0238719
0.0238721
0.0237936
0.023327
0.0237921
0.0237921
0.0237933
0.0237921
0.0237921
0.0237133
0.0237931
0.0237928
0.0237931
0.0238726
0.0237931
0.0237114
0.0237921
0.0233254
0.0237927
0.0237928
0.0242772
0.0237926
0.023873
0.0238711
0.0237933
0.0237932
0.0237919
0.0237909
0.0237915
0.0237925
0.0237927
0.0242777
0.0238729
0.0233255
0.0237931
0.0233271
0.023713
0.0237927
0.0237925
0.0237921
0.0237944
0.0237933
0.0237927
0.0237925
0.0237935
0.0237928
0.0237927
0.0237927
0.0237918
0.0233265
0.0232503
0.0237927
0.0242789
0.023793
0.0232482
0.0237933
0.0233262
0.0237924
0.023794
0.0238735
0.0237936
0.023872
0.0237924
0.0237923
0.0237911
0.0237928
0.0238722
0.0237931
0.0242782
0.024278
0.0238736
0.0238718
0.023793
0.0233263
0.023873
0.023873
0.023793
0.0237929
0.0233267
0.0237935
0.0237934
0.0238724
0.0242773
0.0237925
0.0237934
0.0237925
0.0242785
0.0237933
0.023794
0.0233261
0.0237933
0.0238721
0.0237932
0.0238733
0.0238726
0.0237917
0.0233266
0.0237933
0.0242777
0.0237927
0.0237919
0.0242788
0.0242783
0.0237917
0.0237931
0.0237932
0.0237916
0.023793
0.023327
0.0237926
0.0237921
0.0232509
0.0237924
0.0237926
0.0237926
0.0237922
0.0233263
0.0237925
0.0237923
0.0242785
0.0237925
0.0238725
0.0238734
0.0237926
0.0242794
0.023792
0.0233252
0.0237933
0.0237934
0.0242787
0.0237928
0.0237919
0.0237934
0.0237932
0.0237917
0.0238733
0.0242776
0.0238725
0.0242785
0.0237934
0.023793
0.023793
0.0233262
0.0237928
0.0238731
0.0237924
0.0237931
0.0237919
0.0233267
0.0237929
0.0238735
0.0233269
0.0237933
0.023793
0.023793
0.0237931
0.023793
0.0237907
0.0237921
0.0242782
0.0237924
0.0237937
0.0237925
0.0237941
0.0237941
0.0233277
0.0238738
0.0237921
0.0238719
0.0237922
0.023793
0.0238725
0.0237919
0.0242782
0.0237941
0.0237928
0.023873
0.0233258
0.0237917
0.024361
0.0237931
0.0237929
0.0237924
0.0237936
0.0238729
0.0237924
0.0237928
0.0237916
0.0238726
0.0237934
0.0237928
0.0237931
0.0237927
0.0233259
0.0237929
0.023326
0.0237926
0.0237921
0.0242774
0.0238721
0.0237936
0.0242785
0.0237939
0.0238728
0.0237935
0.0237939
0.0243617
0.0243615
0.0238733
0.0233268
0.0237926
0.0238725
0.0238725
0.0237941
0.0237931
0.0237933
0.023327
0.023793
0.0233264
0.0237904
0.0237918
0.0237928
0.023871
0.0237929
0.0237943
0.0237926
0.0237937
0.0237139
0.0242767
0.0237929
0.0237926
0.0233265
0.0237931
0.0237932
0.0237931
0.0238729
0.0233268
0.0237929
0.0242774
0.0237927
0.023793
0.0237928
0.0237919
0.0238732
0.0237936
0.0237933
0.0237935
0.0237933
0.0237924
0.0237119
0.0237932
0.0237931
0.0237932
0.023793
0.0237936
0.0233267
0.0237931
0.0242782
0.0248695
0.0242772
0.0237938
0.0237929
0.0242766
0.0248709
0.0242781
0.0237932
0.0242785
0.023793
0.0237924
0.023873
0.0237925
0.0237938
0.0237927
0.0238731
0.0242787
0.0237929
0.0243614
0.0242786
0.0243625
0.0237932
0.0237932
0.0237932
0.023793
0.0242776
0.0238717
0.0238728
0.0237919
0.0232498
0.0233263
0.0237925
0.0237931
0.0237926
0.0237104
0.0237928
0.0237919
0.0237932
0.0237937
0.0237935
0.0242785
0.0238726
0.0237915
0.0238726
0.0233258
0.0238725
0.0233245
0.0237133
0.0237935
0.0237927
0.0237928
0.0237926
0.024278
0.023793
0.023793
0.0233261
0.0237922
0.0237932
0.0237928
0.0237915
0.0237916
0.0237925
0.0242787
0.0237926
0.0237934
0.0237929
0.0242783
0.023793
0.0237929
0.0233261
0.0237944
0.0233266
0.0237924
0.0237927
0.023794
0.0237932
0.0242789
0.0238715
0.0237928
0.0237926
0.0238721
0.023793
0.0237931
0.0238724
0.023873
0.0237915
0.0237926
0.0237925
0.024278
0.0237942
0.0238713
0.0233266
0.0237927
0.023793
0.0237927
0.0237135
0.0242772
0.0237937
0.0242788
0.0237929
0.0238725
0.0237929
0.0237938
0.0243609
0.0237928
0.0233268
0.0237929
0.0233256
0.0237936
0.0237935
0.0242792
0.0238728
0.0237927
0.0237931
0.0237931
0.0237928
0.023327
0.0233265
0.0237936
0.0237929
0.0237931
0.0238718
0.0242793
0.0237927
0.0237942
0.0233265
0.0237927
0.0242771
0.0237928
0.0242796
0.0238722
0.0237927
0.023793
0.0238715
0.0242782
0.0237928
0.0237928
0.0238725
0.0233267
0.023793
0.0238731
0.024279
0.023793
0.0237927
0.0238732
0.0237922
0.0233262
0.0237927
0.023873
0.024445
0.0238735
0.0237927
0.0237929
0.0237927
0.0237917
0.0237928
0.023793
0.0237932
0.0237139
0.023793
0.0242784
0.0237914
0.023792
0.0237926
0.0237927
0.0237919
0.0242771
0.0237932
0.0237936
0.0242779
0.0237934
0.0237928
0.0237933
0.0237932
0.0237935
0.0237934
0.0237928
0.0237928
0.0238727
0.0237934
0.0237929
0.0237921
0.0237925
0.0238719
0.0237917
0.0237923
0.0237934
0.0237926
0.0237922
0.0238739
0.0233265
0.0237928
0.0237927
0.0233267
0.0237924
0.0238726
0.0237916
0.0237933
0.023793
0.0237914
0.0238732
0.0237931
0.0237927
0.0242793
0.0237935
0.0238723
0.0242775
0.0242776
0.0237915
0.0237919
0.0237917
0.0237937
0.0237934
0.0238731
0.0237934
0.0237933
0.0243603
0.0242777
0.0237925
0.0242772
0.0237925
0.0237928
0.0237923
0.0237915
0.0237918
0.0242786
0.0237922
0.0237933
0.0237932
0.0238726
0.023793
0.0242799
0.0237941
0.0237937
0.0237904
0.0237928
0.0237929
0.0237933
0.0237922
0.0237912
0.023793
0.023793
0.0238731
0.0237931
0.0237937
0.0237929
0.0237944
0.0233258
0.0237938
0.0237936
0.0237139
0.0237935
0.0237939
0.0242782
0.0242786
0.0237924
0.0237931
0.0237926
0.023792
0.0237926
0.0233271
0.0237936
0.0237902
0.0238733
0.0238725
0.023793
0.0242791
0.0237931
0.0237135
0.024279
0.0237929
0.0237917
0.0237919
0.0237941
0.0237134
0.0237938
0.0233276
0.0237919
0.0237929
0.0237916
0.0238728
0.0237927
0.0237922
0.0238721
0.0233261
0.0237939
0.0238724
0.0237936
0.0237937
0.0237932
0.023793
0.0237921
0.0237938
0.0237935
0.0237132
0.0237932
0.0238722
0.0237927
0.023793
0.0237933
0.0237928
0.0237923
0.0238723
0.0238729
0.0233259
0.0237926
0.0242779
0.0237922
0.0237929
0.0237937
0.0242791
0.0238727
0.0244438
0.0238725
0.0238724
0.0237931
0.0242776
0.0237936
0.0237938
0.0237923
0.0243606
0.0238725
0.0242773
0.0237921
0.0237929
0.024279
0.0237133
0.0237917
0.0242783
0.0237939
0.0242772
0.0237938
0.0237919
0.0233263
0.0237931
0.0237933
0.0237935
0.0237132
0.0242785
0.024278
0.0242787
0.0237929
0.0237924
0.0237932
0.0237932
0.0242772
0.0237932
0.0238716
0.0244435
0.0238728
0.0237938
0.023792
0.0237921
0.0237931
0.0237935
0.0237931
0.0237935
0.023872
0.0237927
0.0237929
0.0237931
0.0238719
0.0238727
0.0237927
0.023792
0.0238731
0.0237931
0.0237935
0.0237924
0.0237929
0.0237932
0.023713
0.0237932
0.0237929
0.0237934
0.0237933
0.0237939
0.0237937
0.0237922
0.0237933
0.0242789
0.0238727
0.0238731
0.023793
0.0237934
0.0237912
0.0237926
0.0237931
0.0237934
0.0237932
0.0233264
0.0237918
0.0237918
0.0238716
0.0237927
0.024279
0.0237937
0.0237936
0.0242774
0.0237914
0.0238726
0.0237928
0.0237926
0.023793
0.0237929
0.0237924
0.0238723
0.0242791
0.023793
0.023793
0.0242791
0.023793
0.0237929
0.0237932
0.0238726
0.0237926
0.0237928
0.0237931
0.0237134
0.0237936
0.0242781
0.0242786
0.0237934
0.0242792
0.0242794
0.0237925
0.0237925
0.0237937
0.0237931
0.0233267
0.0237937
0.0242783
0.0238711
0.023793
0.0237935
0.0237144
0.0237929
0.0242768
0.0248686
0.0242784
0.023793
0.0238727
0.0237937
0.0237932
0.0237143
0.0237925
0.0237921
0.023793
0.0237931
0.023794
0.0237138
0.0242787
0.0237152
0.0237934
0.0237923
0.0237939
0.0237927
0.0237938
0.0237937
0.0237932
0.0237913
0.023327
0.0237932
0.023794
0.0237926
0.0237925
0.0237922
0.0238715
0.0237919
0.023873
0.0237936
0.023873
0.0237924
0.0237929
0.0243614
0.0237914
0.0232506
0.0237931
0.0237922
0.0242792
0.0237933
0.023873
0.023793
0.0233262
0.0237935
0.0237123
0.0237932
0.0237922
0.0242774
0.0237928
0.023327
0.0232501
0.0237938
0.0237921
0.0237933
0.0237934
0.0237914
0.0237905
0.0237921
0.0237937
0.0237933
0.0237929
0.0237936
0.0242783
0.02387
0.0238723
0.0237923
0.0243607
0.0237918
0.0237928
0.0233261
0.0237928
0.0237929
0.0238736
0.0237923
0.0237933
0.0238729
0.0237924
0.0237929
0.0237931
0.0237923
0.0237922
0.0237933
0.0242781
0.0237931
0.023793
0.0237938
0.0237933
0.0237928
0.0237929
0.0232511
0.0237937
0.0233271
0.0237936
0.0238729
0.0244457
0.0238719
0.0237934
0.0237926
0.0233273
0.0237927
0.0237927
0.0237936
0.0237925
0.0237929
0.0237935
0.0237938
0.0233272
0.0238722
0.0238726
0.0237935
0.0243619
0.0238732
0.0237922
0.0243616
0.0237921
0.0237141
0.0233267
0.0237939
0.0237938
0.0233267
0.0237926
0.0237922
0.0238724
0.0237935
0.0237927
0.0238731
0.0237928
0.0237931
0.023792
0.0237939
0.0237936
0.023872
0.0237933
0.0237935
0.0233265
0.0237941
0.0233267
0.0237937
0.0237929
0.0237144
0.023793
0.0243615
0.0237913
0.0242774
0.0237917
0.0237919
0.0237903
0.0242782
0.0248701
0.0242782
0.0237935
0.0237934
0.0237931
0.0237928
0.0237924
0.0237922
0.0243611
0.0237916
0.0237917
0.0238724
0.0242781
0.0237929
0.0237934
0.0242787
0.0248706
0.0242782
0.023794
0.0237933
0.0237913
0.0233265
0.0237929
0.0238713
0.023792
0.0238733
0.0237929
0.024279
0.0242772
0.0237923
0.0237922
0.0238734
0.0238727
0.0237935
0.0237935
0.0243617
0.0242779
0.0237935
0.0237928
0.0237929
0.0237935
0.0237936
0.0237921
0.0237925
0.0238729
0.0238717
0.0237928
0.0237922
0.023793
0.023873
0.0237927
0.0237939
0.0237929
0.0233258
0.0237936
0.0237925
0.0237926
0.023793
0.023874
0.0242766
0.023792
0.0233266
0.0237941
0.0242774
0.0238714
0.0233244
0.0237929
0.0237936
0.0237945
0.023793
0.0238714
0.0244442
0.0238723
0.0237927
0.0237131
0.0233264
0.0237931
0.0237131
0.0237932
0.0238725
0.0237936
0.0242791
0.0237931
0.0237926
0.0242783
0.0248699
0.0242779
0.0237925
0.023793
0.023793
0.0237922
0.0243609
0.0238721
0.024279
0.0237921
0.0237938
0.0237928
0.0237909
0.0233264
0.023793
0.0238725
0.0242784
0.023793
0.0237914
0.0237915
0.0238728
0.0237935
0.0237938
0.0238719
0.0237914
0.0237926
0.0237911
0.0237934
0.0243616
0.0242776
0.0237925
0.0237933
0.0237939
0.0237923
0.0237129
0.0237925
0.0237936
0.0238724
0.0237932
0.023713
0.0233257
0.0237921
0.023794
0.0237925
0.0233262
0.0237935
0.0237933
0.0237932
0.023794
0.0242784
0.0237926
0.0243605
0.0244448
0.0238728
0.0237937
0.0237928
0.0237923
0.0237924
0.0238718
0.0237929
0.023793
0.0237928
0.0237929
0.0237932
0.0237923
0.0237916
0.0242789
0.0237935
0.0237929
0.0237924
0.023873
0.0242787
0.0237938
0.0237916
0.0237929
0.0237937
0.0237936
0.0242786
0.0242789
0.0237925
0.0237934
0.0237932
0.023793
0.0237938
0.0233266
0.0237932
0.0237928
0.0242789
0.0237934
0.0237934
0.023793
0.0237927
0.0238731
0.0238721
0.0237923
0.0242781
0.0242769
0.0237935
0.0237937
0.0237927
0.0243613
0.0238739
0.023792
0.0242787
0.0238721
0.0233259
0.0237936
0.0237122
0.0233252
0.0237933
0.0242783
0.0237935
0.0238733
0.023794
0.023793
0.0237926
0.0238738
0.0233269
0.0233258
0.0237926
0.0242773
0.0238717
0.0237924
0.0233265
0.0237938
0.0242793
0.023792
0.0237933
0.0237928
0.0237937
0.0238726
0.0237931
0.0237932
0.0237934
0.0237932
0.0232514
0.0237934
0.0237923
0.0238727
0.0244446
0.0238723
0.0237935
0.023794
0.0237137
0.0237935
0.0238729
0.0237936
0.0237932
0.0233255
0.0237906
0.0237127
0.0237926
0.0237937
0.0242786
0.0237929
0.0237113
0.0237925
0.0237929
0.0237922
0.023792
0.0237935
0.0242781
0.0238728
0.0237928
0.0237922
0.0242777
0.0237938
0.0237933
0.0237928
0.0237924
0.0237925
0.0238722
0.0238734
0.0238728
0.0238728
0.0242772
0.0248699
0.0242782
0.0237928
0.023793
0.0237924
0.0237933
0.0237935
0.0242787
0.0237107
0.0237929
0.023792
0.023792
0.0237938
0.0237923
0.0237934
0.0237915
0.023793
0.0237928
0.0233262
0.0237919
0.0237929
0.0233261
0.0237924
0.0242786
0.0238729
0.0238722
0.0237921
0.0237937
0.023793
0.0237935
0.023793
0.0237913
0.0237918
0.0237935
0.0237932
0.0238727
0.0237916
0.0238725
0.0237933
0.0238718
0.0237934
0.0238724
0.023793
0.0237932
0.0233262
0.0237919
0.0237918
0.0237935
0.0237926
0.0237907
0.0237932
0.023793
0.0242793
0.0237926
0.0242788
0.024871
0.0242787
0.0237923
0.023793
0.0237932
0.0238733
0.0237923
0.0242784
0.0237939
0.0237932
0.0242784
0.0248676
0.0242773
0.0237934
0.0237936
0.0237925
0.023793
0.0237932
0.023793
0.0238728
0.0238733
0.0233262
0.0237936
0.0238736
0.023793
0.023872
0.0237911
0.0237936
0.0233267
0.0237935
0.024279
0.0238729
0.0237929
0.0237933
0.0237938
0.0237924
0.0237143
0.0242792
0.0237919
0.0237937
0.0237932
0.0237929
0.023793
0.024278
0.0237926
0.0232492
0.0237924
0.0237944
0.0237937
0.0242794
0.0237911
0.0233262
0.0237933
0.0242788
0.0237936
0.0237919
0.0242783
0.0237931
0.0237941
0.0237917
0.0237135
0.0237925
0.0233263
0.0237936
0.0237929
0.024278
0.023792
0.0237917
0.0237929
0.0237918
0.0237936
0.0237924
0.0237925
0.0237921
0.0237934
0.0233258
0.0237927
0.023793
0.0237935
0.0237938
0.0242768
0.0238717
0.0233265
0.0233266
0.0238723
0.0237926
0.0237938
0.0237931
0.0237938
0.0237929
0.0237933
0.0242784
0.0237924
0.0237923
0.0238723
0.0233268
0.0237927
0.024279
0.0238729
0.0238728
0.0233258
0.0237942
0.0237925
0.0233266
0.0237928
0.0238724
0.0237931
0.0238725
0.0237937
0.0237137
0.0237933
0.0238732
0.0237938
0.0238722
0.023793
0.0237936
0.0237934
0.023793
0.0237923
0.0238718
0.0237935
0.0237916
0.0242783
0.0237932
0.0237923
0.0237925
0.0237926
0.0237929
0.0237938
0.023793
0.0237921
0.0237927
0.023792
0.0237935
0.0237121
0.0237135
0.0237135
0.0237932
0.0242792
0.0238723
0.0237922
0.0237928
0.0242791
0.0238728
0.0243613
0.0237936
0.0237931
0.0237933
0.0237915
0.023792
0.0237937
0.0237903
0.0242791
0.0237937
0.0242792
0.0238717
0.0237924
0.0238733
0.0237931
0.023792
0.0233252
0.0237938
0.0242778
0.0237931
0.0237927
0.023793
0.0238717
0.023793
0.0237937
0.0238722
0.0237933
0.0237932
0.0237926
0.0237908
0.0237925
0.0238733
0.0233263
0.0238732
0.0237932
0.0237921
0.0238725
0.0237914
0.0238721
0.0237936
0.0238726
0.0237927
0.0237939
0.0237918
0.0237923
0.0242784
0.0243615
0.0238723
0.0237934
0.0233271
0.0237929
0.0238713
0.023793
0.023873
0.0237936
0.0237938
0.0238732
0.0237929
0.0242793
0.0237927
0.0237923
0.023792
0.0237937
0.0237128
0.0242791
0.0248716
0.0243608
0.0237929
0.024278
0.0237133
0.0237932
0.0237929
0.0242765
0.023793
0.0233267
0.0238716
0.0237921
0.0237936
0.0237938
0.0237925
0.0233263
0.0233265
0.0237934
0.0237913
0.0237917
0.0238724
0.0237934
0.0237925
0.0237131
0.0237921
0.0242787
0.0242783
0.0237923
0.0233259
0.023714
0.0237932
0.0233265
0.0237928
0.0237925
0.0242785
0.0237922
0.0233263
0.0237931
0.0237926
0.0237928
0.0233256
0.0237929
0.0238722
0.0237921
0.0238734
0.0237926
0.0237923
0.0237929
0.0237925
0.0233269
0.0237917
0.0237921
0.0237932
0.0237926
0.0238727
0.0233265
0.0233263
0.0237932
0.0237919
0.023793
0.0237928
0.0237931
0.0238727
0.0237938
0.0237921
0.023793
0.0237907
0.0233266
0.0237931
0.0238727
0.0237929
0.0237929
0.0237921
0.0237933
0.023793
0.0237926
0.0237927
0.0242792
0.0237927
0.0237934
0.0237927
0.0238716
0.0244452
0.0238728
0.0237921
0.0237919
0.0237931
0.0237118
0.0237926
0.0242786
0.0242785
0.0237931
0.0242767
0.0242791
0.0238726
0.0237937
0.0237931
0.0237934
0.023793
0.023793
0.0232505
0.0237922
0.0237936
0.0237932
0.0237934
0.0233272
0.0233262
0.0238735
0.0237926
0.0238732
0.0242786
0.0237938
0.0237938
0.023714
0.0233272
0.0238724
0.0237935
0.0237914
0.0238714
0.0244436
0.025044
0.0246004
0.0240198
0.023534
0.0234667
0.0230041
0.0229393
0.0229409
0.0230036
0.0230038
0.0235346
0.0230043
0.0230043
0.0230035
0.0230042
0.0230036
0.0230047
0.0230045
0.0230042
0.0230665
0.0230034
0.0230018
0.0230043
0.0230035
0.0230044
0.0230045
0.0225571
0.0230672
0.0230038
0.0230686
0.0230682
0.0234681
0.0230678
0.0230023
0.0234683
0.0230035
0.0230039
0.0230674
0.023003
0.0235345
0.0230045
0.0230041
0.0230027
0.0230042
0.0230047
0.0230047
0.0234675
0.0230033
0.0230038
0.0230677
0.0230041
0.0230041
0.0225578
0.0230039
0.0230042
0.0230042
0.0230042
0.0230029
0.0230675
0.0230036
0.0230045
0.0234683
0.0230031
0.0229381
0.0230032
0.0234683
0.0234685
0.0230043
0.0230669
0.0230041
0.0230028
0.023004
0.0230047
0.0230676
0.0230674
0.0230039
0.0230037
0.0230022
0.0230038
0.0230027
0.0230675
0.0230029
0.0230045
0.0230049
0.0230037
0.0230039
0.0234692
0.0235349
0.0230046
0.0230041
0.0234678
0.0230671
0.0234685
0.023003
0.0230677
0.0230033
0.0230038
0.0234685
0.0234681
0.0230043
0.0230035
0.0234689
0.0230044
0.0234682
0.0230677
0.0230037
0.0230043
0.0230045
0.0235343
0.0236007
0.023534
0.0230679
0.0230682
0.0230041
0.0230025
0.0230686
0.0230022
0.0230033
0.0230035
0.0230036
0.0229405
0.023004
0.023067
0.0230045
0.0230039
0.0230038
0.0230044
0.0230051
0.0230037
0.0235352
0.023004
0.0230029
0.0230033
0.023004
0.0235353
0.0230035
0.0230036
0.0230035
0.0230036
0.0230033
0.0230667
0.0230035
0.0230036
0.0230039
0.0230035
0.0230038
0.0230028
0.0230678
0.023005
0.0230042
0.0230036
0.0230663
0.0230034
0.0234679
0.0230039
0.0230047
0.0234686
0.0230675
0.0230034
0.0230033
0.0230033
0.0230033
0.0230679
0.0235353
0.0230041
0.0234685
0.0230041
0.0234686
0.0234678
0.0230043
0.0230686
0.0230681
0.0225573
0.0230022
0.0230024
0.0230679
0.0234664
0.0240206
0.0234689
0.0230048
0.0230049
0.0230035
0.0230036
0.0230042
0.023068
0.0230035
0.0230036
0.0234686
0.0230039
0.0230035
0.0230034
0.0234674
0.0230043
0.023469
0.0230041
0.0230029
0.0230044
0.0230048
0.0230685
0.0230035
0.0230035
0.0230042
0.0230684
0.0230028
0.0230045
0.0230678
0.0230038
0.0225578
0.0230042
0.0230669
0.0230028
0.0235354
0.0234689
0.0235344
0.0230031
0.0234682
0.0234675
0.0230043
0.023468
0.0234682
0.0230042
0.0230042
0.023005
0.0230038
0.023004
0.0230675
0.0234678
0.0230048
0.0230046
0.0230045
0.0230035
0.0230041
0.0230681
0.0230687
0.0230039
0.0234691
0.0230037
0.0234675
0.0230042
0.0230034
0.0230045
0.0230042
0.023003
0.0230033
0.0230043
0.0230048
0.0234681
0.023004
0.0230038
0.0230044
0.0230042
0.023004
0.023068
0.0230041
0.0230035
0.0230029
0.0230041
0.0230043
0.0230678
0.0236015
0.0230672
0.0230046
0.0234679
0.0230046
0.0234679
0.0230045
0.0230026
0.0234688
0.0230037
0.0230683
0.0234688
0.0230042
0.0230038
0.0230671
0.0236018
0.023068
0.0225574
0.0230676
0.0230037
0.0230038
0.0230045
0.0230044
0.0230042
0.0230672
0.023004
0.0230681
0.0234684
0.0235344
0.0230018
0.0230047
0.0230042
0.0230038
0.0230678
0.023068
0.0230037
0.0230687
0.0230688
0.0230687
0.0230674
0.0230043
0.0230042
0.0230034
0.0234675
0.0230042
0.023468
0.0230047
0.0230676
0.0230048
0.0234689
0.0230047
0.0230674
0.0230033
0.0230015
0.0230034
0.0230043
0.0230047
0.0234688
0.0235351
0.0234678
0.0234684
0.0234683
0.023004
0.0230041
0.0230043
0.023004
0.0230025
0.0230678
0.0230035
0.0230034
0.023469
0.0234682
0.0230031
0.0230041
0.0230042
0.0230034
0.023003
0.0230669
0.0234687
0.0230681
0.0230042
0.0230045
0.0230044
0.023004
0.0230034
0.0234688
0.023004
0.0230675
0.0234688
0.0230041
0.0230048
0.0230053
0.0225579
0.0230674
0.0234679
0.0230047
0.0225567
0.0230669
0.0230036
0.0235348
0.0230039
0.0230684
0.0230676
0.0230046
0.0230046
0.0230047
0.0230044
0.023005
0.0234681
0.0230037
0.022557
0.0230028
0.0229412
0.0230036
0.0230036
0.0235352
0.0230035
0.0230682
0.0230034
0.0234685
0.0230038
0.0235344
0.0230037
0.0230683
0.0234687
0.0230046
0.0230032
0.0230676
0.0230032
0.0230038
0.0230041
0.0230042
0.0230675
0.0230037
0.0229397
0.023004
0.0225567
0.023004
0.0230045
0.0235346
0.0230038
0.0234679
0.0229408
0.0230035
0.0234681
0.0230044
0.0230679
0.0236013
0.0230679
0.0236008
0.0230667
0.0230042
0.0230681
0.0230036
0.0235353
0.0230036
0.0230043
0.023004
0.0230664
0.023068
0.0230687
0.0234674
0.0230038
0.0230037
0.0234682
0.0230042
0.0230031
0.0234683
0.0230037
0.0230684
0.0230047
0.0230669
0.0230038
0.0230035
0.0230666
0.0235341
0.0230677
0.0230035
0.0230682
0.0230047
0.0230052
0.0230679
0.0230668
0.0234681
0.0230052
0.0230038
0.0229392
0.0230041
0.0234688
0.0240212
0.0234681
0.0230039
0.0230029
0.0230042
0.0230039
0.0235356
0.0234678
0.0230042
0.0230042
0.0230038
0.0230037
0.0230032
0.0230032
0.0225567
0.0230041
0.0234688
0.0230044
0.023004
0.0234686
0.0230038
0.023004
0.0230028
0.0234688
0.0235342
0.0234682
0.0234685
0.0230045
0.0230038
0.0230043
0.0230039
0.0230015
0.0234684
0.023004
0.023068
0.023004
0.0230037
0.0230674
0.0230031
0.023003
0.0230689
0.0234686
0.0230038
0.0230046
0.0230042
0.0230033
0.0235351
0.0234681
0.0230043
0.0230037
0.0230677
0.0230041
0.0230036
0.023066
0.0230037
0.0230039
0.022554
0.0230676
0.0234684
0.0230039
0.0230684
0.0230037
0.0230034
0.0230034
0.023004
0.0234681
0.0230037
0.0229398
0.0230037
0.0230042
0.0230041
0.0230044
0.0230688
0.0230048
0.023534
0.0235349
0.0235346
0.0230043
0.0230685
0.0230034
0.0230043
0.0230039
0.0230031
0.0230678
0.0230679
0.0230675
0.0230036
0.0234677
0.0234686
0.0230029
0.0230046
0.0234687
0.0230032
0.0234686
0.0230039
0.0230044
0.0230671
0.0230676
0.0234684
0.0230034
0.0230045
0.0230042
0.023004
0.0230671
0.023003
0.0230033
0.0230029
0.0230029
0.0230033
0.0230042
0.023003
0.0230682
0.0230037
0.0230044
0.0235357
0.0230023
0.0230036
0.0230037
0.0234687
0.0234696
0.0240208
0.0234687
0.0230033
0.0230684
0.0230043
0.0230043
0.0230039
0.0230033
0.0230043
0.0234685
0.0230671
0.0230037
0.0230039
0.0230039
0.0230039
0.0230031
0.0225569
0.0230043
0.0234679
0.0230045
0.0230043
0.0230027
0.0229387
0.0230037
0.0230045
0.0230046
0.0230056
0.0230679
0.0230033
0.023004
0.0230035
0.0234684
0.0230043
0.0230044
0.0234685
0.0230672
0.0230671
0.0230671
0.0230041
0.0230044
0.0234687
0.023004
0.0230041
0.0230673
0.0230051
0.023468
0.0230044
0.0230027
0.0230046
0.0230046
0.0230037
0.0230041
0.0230038
0.0230043
0.0234679
0.0230045
0.023004
0.0230036
0.0230033
0.0230037
0.0230042
0.0230684
0.0230037
0.0230042
0.02294
0.0230042
0.0230681
0.0230039
0.0230039
0.0235349
0.0230048
0.0230036
0.0230676
0.0230042
0.0230034
0.0230038
0.0230039
0.023004
0.0230043
0.023003
0.0230672
0.0230031
0.0230041
0.0230664
0.0230036
0.0234677
0.0230038
0.0230034
0.0230042
0.023068
0.0230681
0.023004
0.0234682
0.0229403
0.0225564
0.0230036
0.0234677
0.0230681
0.0236003
0.0230677
0.0230688
0.0230048
0.0230045
0.0230679
0.0230036
0.0230036
0.0235352
0.023535
0.0240216
0.0234684
0.0230028
0.0230037
0.0230021
0.0230046
0.0230048
0.0230673
0.0234683
0.0230045
0.0234698
0.023068
0.0230042
0.0230035
0.0230046
0.0230033
0.0230031
0.0234684
0.0234686
0.0234687
0.0234667
0.0234687
0.023004
0.0230046
0.0230044
0.023004
0.0230042
0.0230043
0.0230046
0.0230675
0.0230039
0.0230038
0.0234675
0.0234669
0.0234682
0.023004
0.0235353
0.0230049
0.0230035
0.0230684
0.0230022
0.0230033
0.023004
0.023004
0.0230033
0.0229387
0.0234687
0.0230671
0.0230051
0.0230044
0.0230044
0.0230047
0.0230039
0.0230043
0.0230043
0.0230043
0.0230667
0.0230032
0.0230035
0.0230679
0.0230676
0.0230017
0.0230036
0.0230044
0.0230037
0.0230043
0.0230045
0.0230035
0.0230038
0.0230666
0.0234687
0.0230042
0.0230047
0.0230044
0.0230037
0.0230659
0.0230039
0.0230043
0.0230666
0.0234689
0.0230039
0.0235347
0.0240199
0.0234678
0.0234679
0.0230035
0.023068
0.0230667
0.0236013
0.0230678
0.0230038
0.0230041
0.0230044
0.0234681
0.0240207
0.0234691
0.0234686
0.0230041
0.0230681
0.0230037
0.0230681
0.0230026
0.0230024
0.0230671
0.0230049
0.0230666
0.0230041
0.0230035
0.023004
0.0230681
0.0230036
0.0230055
0.0230043
0.0230041
0.0234686
0.0230677
0.0230682
0.0230047
0.0234679
0.0230039
0.0234679
0.0230675
0.0234678
0.0230039
0.0230035
0.0230023
0.0230031
0.0234692
0.023005
0.0230045
0.0230047
0.0230044
0.0230048
0.0230031
0.0235341
0.0240903
0.0235352
0.0230686
0.0230044
0.0234685
0.023004
0.0234694
0.0235349
0.0235345
0.0230046
0.0230039
0.0230037
0.0230038
0.0230046
0.0230041
0.0230044
0.0230041
0.0225569
0.0230037
0.0230033
0.0230679
0.023469
0.0234685
0.0240208
0.0234686
0.0230021
0.0235341
0.0240214
0.0235346
0.0236005
0.0230671
0.0230666
0.0230038
0.0230044
0.0230667
0.0230043
0.0234671
0.0230043
0.0230673
0.0230688
0.0230043
0.023469
0.0230027
0.0230031
0.023003
0.0234687
0.0230687
0.0230045
0.0230035
0.023003
0.0230678
0.023004
0.0230036
0.0235351
0.0230039
0.0230674
0.0234686
0.0234676
0.023004
0.0230675
0.0230049
0.023004
0.0230671
0.0234679
0.0230049
0.0230034
0.0230031
0.0230035
0.023004
0.0230019
0.0230042
0.023004
0.0230044
0.0234689
0.0230031
0.0230034
0.0230038
0.0234677
0.0230036
0.0225565
0.0230039
0.0230032
0.023068
0.0230042
0.0230682
0.0230043
0.0230679
0.0230036
0.0230041
0.0230029
0.0230032
0.0234684
0.0234682
0.0234687
0.0230046
0.0234697
0.0230671
0.0230029
0.0234691
0.0230019
0.023004
0.0230043
0.0230041
0.0230036
0.0235345
0.0230042
0.023067
0.0230035
0.0230037
0.023004
0.0230043
0.023068
0.0234686
0.0230037
0.0230025
0.0234689
0.0230038
0.023004
0.0230664
0.0230027
0.0230041
0.0230047
0.0230039
0.0234681
0.023468
0.0229409
0.0230044
0.0230038
0.023068
0.0230012
0.0230036
0.0234681
0.023004
0.0230042
0.0230678
0.0230045
0.023004
0.0230032
0.0230034
0.0234683
0.0230052
0.0230046
0.0230045
0.023068
0.0230033
0.0230032
0.023004
0.0230039
0.0234688
0.023468
0.0230032
0.0230037
0.023004
0.0230685
0.0230034
0.0230041
0.0230037
0.0230029
0.0230047
0.0230036
0.0234691
0.0230039
0.0230037
0.0230041
0.0230042
0.0230034
0.0230041
0.0234686
0.0230045
0.0230043
0.0230033
0.0230675
0.0230673
0.0230677
0.0230039
0.0230019
0.0229396
0.0230031
0.0230023
0.0230043
0.0230042
0.0230043
0.0230682
0.0230034
0.023003
0.0234679
0.0230039
0.0230046
0.0230042
0.0230046
0.0230047
0.0230038
0.0230681
0.0230032
0.0234679
0.0230036
0.0234676
0.0230032
0.0230049
0.0230036
0.0230034
0.023004
0.0230049
0.0230036
0.0230038
0.0230037
0.0230044
0.023004
0.0230032
0.0230671
0.0230034
0.0234688
0.0240213
0.0234688
0.0230039
0.0230032
0.0230684
0.023004
0.0230676
0.0235348
0.023468
0.0234685
0.0234692
0.0230039
0.0230031
0.0230033
0.0230038
0.0230043
0.0230685
0.023602
0.0235343
0.0230042
0.0230053
0.023004
0.0230037
0.0230038
0.0234686
0.0234683
0.0234675
0.0240212
0.0234692
0.0234682
0.0230034
0.0230043
0.0225565
0.0230043
0.0230675
0.0230046
0.0230037
0.023003
0.0230052
0.0230681
0.0230677
0.0234683
0.0234681
0.023004
0.0230025
0.0230036
0.0230679
0.0230039
0.0230034
0.0230679
0.0230028
0.0230033
0.0230662
0.0230033
0.0230034
0.023068
0.0234682
0.0235349
0.0234683
0.0230047
0.0230038
0.023468
0.0234678
0.0230033
0.0230036
0.0230683
0.0235337
0.023468
0.0230029
0.0230047
0.0230039
0.0230672
0.0234678
0.0230036
0.0230038
0.023004
0.023469
0.0230675
0.0230036
0.0230031
0.023004
0.0225569
0.0230036
0.0230678
0.0230042
0.0234684
0.0230043
0.0234687
0.0230038
0.0230044
0.023535
0.0230042
0.0230039
0.0230673
0.023004
0.0230043
0.0230041
0.0230034
0.0230041
0.0234686
0.0230043
0.023004
0.0230678
0.0230679
0.0230041
0.0234673
0.0230036
0.0230037
0.023468
0.0235356
0.0230023
0.0230044
0.023003
0.0230045
0.0230683
0.0234685
0.0230037
0.023005
0.0230677
0.0236021
0.0235356
0.0230049
0.0234683
0.0240207
0.0234691
0.0230033
0.0230036
0.0230035
0.023468
0.0230042
0.0230032
0.0230036
0.0235351
0.0230041
0.0230674
0.0230676
0.023068
0.0230038
0.0230042
0.023469
0.0230046
0.0230028
0.0234688
0.0230676
0.0230684
0.0230686
0.0230044
0.0234681
0.0230046
0.023067
0.0236017
0.023067
0.0230682
0.0230043
0.0230682
0.0230674
0.0230678
0.0234676
0.023068
0.0230679
0.0230046
0.0230045
0.0234688
0.0230033
0.0230665
0.0230038
0.023005
0.0235325
0.0230041
0.0230041
0.0230035
0.0230042
0.0230046
0.0234684
0.0235341
0.0230044
0.0230046
0.0230044
0.0230671
0.0230027
0.0234685
0.0230684
0.0230044
0.0234686
0.024021
0.0234684
0.0230036
0.0230033
0.0230048
0.0230676
0.0230037
0.0230033
0.023004
0.023004
0.0230043
0.0230047
0.023004
0.0230673
0.0230044
0.0230687
0.0230029
0.0230677
0.023004
0.0230051
0.0234689
0.0230049
0.0230042
0.0230033
0.0234683
0.0230678
0.0230036
0.0230045
0.0230029
0.0234682
0.023004
0.0230037
0.0230662
0.0230678
0.0230049
0.0230035
0.0225565
0.0230673
0.0230035
0.0230043
0.0230046
0.0230038
0.023004
0.0230042
0.0230029
0.0230039
0.0234691
0.0240218
0.023468
0.0234685
0.0230037
0.0230042
0.0230043
0.0230046
0.0234683
0.023534
0.0230039
0.0230046
0.0230683
0.0234683
0.0240209
0.0236015
0.0230678
0.0230043
0.0230028
0.0230046
0.0230044
0.0229403
0.0230036
0.0234688
0.0235352
0.0235343
0.023003
0.0230042
0.023469
0.0230034
0.0230038
0.0230048
0.0230036
0.0230044
0.0230043
0.0234659
0.0230677
0.0230036
0.0234689
0.0230664
0.0230669
0.0235344
0.0230038
0.023004
0.0235344
0.0234685
0.0234685
0.0234686
0.0230036
0.0230036
0.0235354
0.0230038
0.0230044
0.0230032
0.0234676
0.0230028
0.0234679
0.0230031
0.0225581
0.023004
0.0230027
0.0230034
0.023004
0.0230038
0.0230041
0.0230039
0.0234675
0.0230045
0.0234685
0.0234689
0.0234687
0.023535
0.0234688
0.023068
0.0230041
0.0234685
0.0230034
0.0230039
0.0230684
0.0234673
0.0230671
0.023004
0.0230032
0.0229387
0.0230041
0.0234684
0.0230037
0.0230038
0.0230033
0.0230037
0.0230676
0.0230035
0.0230048
0.0230038
0.0230043
0.0230036
0.0230678
0.023004
0.0230032
0.0230043
0.0230036
0.0230041
0.0234688
0.0230045
0.0230677
0.0234676
0.0230043
0.0234675
0.0230043
0.023004
0.0230045
0.0234684
0.0234668
0.0235343
0.0230032
0.0230675
0.0230677
0.0230043
0.0230681
0.0230045
0.023468
0.0234682
0.0230028
0.0230033
0.0230681
0.0230683
0.0230042
0.0230034
0.0230042
0.0230041
0.0230049
0.0230036
0.0230035
0.0230673
0.0230027
0.0235353
0.0230674
0.0230042
0.0230047
0.0230029
0.0230025
0.023004
0.0229379
0.0230036
0.0225554
0.0230668
0.0230038
0.023004
0.0230034
0.0230046
0.0230046
0.023468
0.0235332
0.0230044
0.0230671
0.0236005
0.023068
0.0234674
0.0230034
0.0230037
0.0230044
0.0234687
0.0230027
0.0234685
0.0230047
0.0230672
0.0230048
0.0234677
0.0230032
0.023068
0.023066
0.0236015
0.0230678
0.0234687
0.0234687
0.0234686
0.0234682
0.023068
0.0234691
0.0234686
0.0230042
0.0235351
0.0230048
0.0234678
0.0234681
0.023067
0.0230669
0.0230034
0.0230022
0.0230676
0.0230042
0.0234696
0.0230665
0.0236009
0.0230675
0.0230031
0.0230688
0.0234679
0.0230035
0.0229402
0.023004
0.0230046
0.0230035
0.0230672
0.023602
0.0236018
0.0230678
0.0230681
0.0234665
0.0230034
0.0230044
0.0234684
0.0230031
0.0230046
0.023004
0.0235347
0.0230034
0.0230034
0.0230674
0.0234687
0.0230675
0.0230034
0.0230669
0.0230048
0.0234686
0.0230041
0.0230035
0.0230036
0.0230038
0.0230041
0.0230042
0.0230026
0.0234687
0.023469
0.0230043
0.0230022
0.0230051
0.0230025
0.0230044
0.0230041
0.0230048
0.0230038
0.0230031
0.0230033
0.0234686
0.0234684
0.023004
0.0235349
0.0230037
0.0230036
0.0230044
0.0234689
0.0230037
0.0230041
0.0230673
0.0230036
0.0230047
0.0234679
0.0230037
0.0234671
0.0230044
0.0230045
0.0230678
0.0230671
0.0230034
0.0230678
0.0230051
0.0230045
0.0230048
0.0230682
0.0230038
0.0230037
0.0230028
0.0230031
0.0230048
0.0230034
0.0230041
0.0234678
0.0230031
0.0230043
0.0230036
0.0230038
0.023534
0.0230046
0.0230682
0.0230681
0.0230018
0.0230044
0.023005
0.0230673
0.0230046
0.023534
0.0240208
0.0234683
0.0229396
0.0230039
0.0234679
0.0240197
0.0234665
0.0234675
0.023003
0.0230039
0.0234689
0.0230033
0.0230034
0.0230041
0.0234672
0.0230017
0.0234671
0.0230042
0.023004
0.0230672
0.023004
0.0234683
0.0230043
0.0234666
0.023535
0.0236021
0.0230665
0.0234688
0.0234679
0.0234679
0.0230044
0.0230039
0.023003
0.0230038
0.0230046
0.023003
0.0234677
0.0240205
0.023467
0.023068
0.0230038
0.0230047
0.0230044
0.0230041
0.023004
0.0230011
0.0234685
0.0234691
0.0230042
0.0230042
0.0230044
0.0230046
0.0230676
0.0230679
0.0230041
0.0230039
0.0230042
0.0230051
0.023535
0.0230035
0.0230035
0.0230054
0.0230046
0.0235353
0.0235354
0.0230035
0.0230041
0.0230039
0.0230016
0.0230675
0.0230037
0.0234683
0.0230055
0.023068
0.0230039
0.0230033
0.0230034
0.0234681
0.0230044
0.0230036
0.0230037
0.0230045
0.0230039
0.0230045
0.0234683
0.0230043
0.0230048
0.0230053
0.0230036
0.0230038
0.0230022
0.0230039
0.0234683
0.0230036
0.0230049
0.023469
0.0230679
0.0234686
0.0230034
0.0230037
0.0230044
0.0230041
0.0235346
0.0230037
0.0230039
0.0230674
0.0230036
0.0230041
0.0230045
0.022939
0.0230034
0.0230038
0.0234685
0.0230047
0.0230036
0.0230047
0.023469
0.023003
0.023003
0.023004
0.0230042
0.0234689
0.0230041
0.0230042
0.0225583
0.0229402
0.0230045
0.0230035
0.0230677
0.0230044
0.0234682
0.023067
0.0236003
0.0230677
0.023003
0.0230029
0.0235336
0.024019
0.0234686
0.0230685
0.0230043
0.023535
0.0230036
0.0230039
0.0230028
0.0234684
0.0234683
0.0230037
0.0230025
0.0235342
0.0230024
0.0230035
0.0230028
0.0230034
0.0230043
0.0234689
0.0230042
0.0230045
0.0234681
0.0234688
0.0235337
0.0230039
0.0230032
0.0230037
0.0230041
0.0230042
0.0235357
0.0230042
0.0234689
0.0230666
0.0230038
0.0230045
0.0225579
0.023067
0.0230035
0.0234683
0.0230043
0.0230026
0.0230035
0.023068
0.0236017
0.0230678
0.023004
0.0230037
0.0234676
0.0234686
0.0230036
0.0230052
0.0234686
0.0230035
0.0230035
0.0230044
0.023005
0.0230042
0.0230044
0.0230043
0.0235352
0.0234691
0.0234687
0.0229397
0.0230043
0.0230683
0.0235338
0.0230047
0.0234678
0.0230043
0.0234673
0.0230046
0.0230041
0.0230031
0.0230046
0.0229394
0.0230036
0.023068
0.0230039
0.0235346
0.0230688
0.0230035
0.0230676
0.0230038
0.0230674
0.0230039
0.0230042
0.0234672
0.0230033
0.0234687
0.0230036
0.0230038
0.023004
0.0230044
0.0230045
0.023469
0.0230672
0.023004
0.0230023
0.023004
0.0230041
0.0230031
0.0234674
0.0230045
0.0230671
0.0230031
0.023004
0.023005
0.0230042
0.023003
0.0230033
0.0225569
0.0230044
0.0234689
0.0230034
0.0230682
0.0230038
0.0235345
0.023004
0.0230026
0.023004
0.0230043
0.0230041
0.0230028
0.0230048
0.0230034
0.0230681
0.0230027
0.0230031
0.0230039
0.0230045
0.0234684
0.0230678
0.0230037
0.0230041
0.0230049
0.0230045
0.0230046
0.0230036
0.0230034
0.0230043
0.0230039
0.0230041
0.0230034
0.023004
0.023005
0.0230046
0.0230679
0.0230032
0.0234685
0.0230037
0.0230044
0.0230039
0.0230037
0.0230035
0.022558
0.0230045
0.023005
0.0230044
0.0230042
0.0230031
0.0234688
0.0230042
0.023004
0.0230042
0.0230042
0.0230038
0.0230032
0.0235342
0.0230032
0.0230031
0.0230038
0.0230042
0.0230038
0.0234683
0.0230678
0.023005
0.0230037
0.0230674
0.0230672
0.0230034
0.0230034
0.023535
0.0230038
0.0234681
0.0230047
0.0230039
0.0230045
0.0230032
0.0230037
0.0234685
0.023068
0.0234687
0.0230039
0.0230033
0.0230045
0.0230679
0.0230679
0.0230047
0.0230037
0.0230676
0.023467
0.0240205
0.0234688
0.023004
0.0230052
0.0230044
0.0230056
0.023469
0.0230042
0.0229409
0.0230026
0.0234678
0.0230039
0.023004
0.0230034
0.023068
0.0230042
0.0234676
0.0230032
0.0230671
0.0234676
0.0230684
0.0230037
0.0230031
0.0230041
0.0230039
0.023004
0.0230045
0.0235344
0.023003
0.0230049
0.0230047
0.0230677
0.0230042
0.023534
0.0230679
0.0234688
0.0230043
0.0230034
0.0230038
0.0230039
0.0230039
0.0230035
0.0234685
0.0240216
0.023469
0.0230042
0.0230681
0.0230038
0.0230039
0.0229399
0.0230042
0.0230043
0.0230032
0.0230044
0.0230037
0.0234682
0.023067
0.0230675
0.0230041
0.0230035
0.0234672
0.0230034
0.023068
0.0230041
0.0230682
0.0230038
0.0230038
0.0230049
0.0230685
0.0234673
0.0230039
0.023005
0.0234685
0.0234683
0.0230678
0.023003
0.0230043
0.0235358
0.0230037
0.0230684
0.0235349
0.0240213
0.023535
0.0236011
0.0230678
0.0234679
0.0230038
0.023004
0.0235345
0.0230036
0.0230038
0.0234691
0.0230028
0.0234674
0.0234687
0.0240187
0.0234684
0.0230038
0.0230049
0.0234683
0.0234683
0.0230036
0.0230031
0.0229392
0.0229407
0.023005
0.0230678
0.0230672
0.0230038
0.0230675
0.0230046
0.0234681
0.0234691
0.0230675
0.0225562
0.0230678
0.0236009
0.0241605
0.0237248
0.0231846
0.0226704
0.0226702
0.0222763
0.0222278
0.0222764
0.0222266
0.0222267
0.0222267
0.0222276
0.0226715
0.0222273
0.0221778
0.0222258
0.0222277
0.0222274
0.0222276
0.0222279
0.0226716
0.0222767
0.0222266
0.0222274
0.0222275
0.0222275
0.022228
0.0222279
0.0222267
0.022671
0.0226712
0.0222276
0.0222768
0.0222261
0.0222272
0.0226712
0.0222283
0.022227
0.0226703
0.0222273
0.0222273
0.0222265
0.022226
0.0222272
0.0222267
0.0226709
0.022671
0.022277
0.0222268
0.0222269
0.0222275
0.0222278
0.0222273
0.0226713
0.022228
0.0222273
0.0222758
0.0222263
0.0222274
0.0222277
0.0222274
0.022723
0.0222276
0.0222272
0.0226702
0.0222267
0.0222265
0.0217996
0.0222264
0.022277
0.0222263
0.0227225
0.0231855
0.0227221
0.0227742
0.0222768
0.0222755
0.0227738
0.0222763
0.0226707
0.0226704
0.0222267
0.0226704
0.0222272
0.0226697
0.0222272
0.0217985
0.0221774
0.0222269
0.0222279
0.0222273
0.0222274
0.0222271
0.0222274
0.0226706
0.0222278
0.0222272
0.0222267
0.0222276
0.0221776
0.0222264
0.022671
0.0222271
0.0222771
0.0222773
0.0226707
0.0222269
0.0222256
0.0222268
0.0222769
0.0222274
0.0222274
0.022227
0.0226695
0.0231859
0.0226703
0.0222278
0.0222279
0.0222274
0.0222268
0.02267
0.0222267
0.0222267
0.0222261
0.0222278
0.0222772
0.0222273
0.0222266
0.022227
0.0222271
0.0222271
0.0226709
0.022227
0.0222269
0.0226707
0.022671
0.0222276
0.0222269
0.022227
0.0221765
0.02267
0.0222266
0.0226705
0.0222269
0.0222272
0.0222266
0.0222269
0.0222266
0.0226712
0.0226708
0.0222259
0.0222272
0.022227
0.0222271
0.022227
0.0226713
0.0222262
0.0222276
0.0226709
0.0222273
0.0222272
0.0221781
0.0217998
0.0222274
0.022227
0.0222276
0.0222267
0.0226698
0.0222265
0.0222276
0.0222271
0.0226697
0.0222263
0.0226716
0.0226706
0.0222266
0.0222266
0.0222273
0.0226694
0.0222263
0.022276
0.0222273
0.0226708
0.0222275
0.022227
0.0222271
0.0226705
0.0222264
0.0222267
0.0222272
0.0222269
0.0222279
0.0222275
0.0222266
0.0222269
0.0222272
0.0222277
0.0222277
0.0222271
0.0222269
0.0222273
0.0222271
0.0222762
0.0222766
0.0222269
0.022227
0.0226702
0.0222276
0.022227
0.0222767
0.0217997
0.022277
0.0226704
0.0222268
0.0222273
0.0221786
0.022227
0.0218001
0.0222268
0.0226703
0.0226714
0.0222271
0.0222277
0.0226699
0.0222281
0.0226708
0.0231855
0.0226697
0.0227219
0.0222283
0.022227
0.0222276
0.0222269
0.0222278
0.0222285
0.0222275
0.0222273
0.0222265
0.0222764
0.0226701
0.0222259
0.0222257
0.0222268
0.0222268
0.022671
0.0222268
0.0222762
0.0222269
0.0227213
0.0222262
0.0222765
0.0222254
0.0227221
0.0227738
0.0222759
0.0222271
0.0226708
0.0222268
0.0221769
0.022178
0.0222272
0.0218001
0.0222274
0.0226714
0.0222267
0.0222263
0.0222268
0.0226706
0.0222274
0.0222264
0.0221781
0.0222266
0.0226705
0.0222277
0.0222269
0.0222272
0.022228
0.0222263
0.0222261
0.0221785
0.0222265
0.0222273
0.0222273
0.0222278
0.0222271
0.0222259
0.0222272
0.0222266
0.0222262
0.0222272
0.0226705
0.0231866
0.0226707
0.0226709
0.0226698
0.0222272
0.0226699
0.0222272
0.0222265
0.0226707
0.0222269
0.0222266
0.0222272
0.0221777
0.0222263
0.0222269
0.0222273
0.0222276
0.0226708
0.0222275
0.0221777
0.0221779
0.0226706
0.0221778
0.0222277
0.022227
0.0222266
0.0222268
0.0222268
0.0222771
0.0222275
0.0226707
0.0222274
0.0222276
0.0222271
0.0218012
0.0222771
0.0222275
0.0222268
0.0222777
0.0222273
0.0222758
0.0227215
0.0222754
0.0222768
0.0222264
0.022227
0.0222269
0.0222262
0.0222268
0.0226708
0.0222262
0.0222268
0.02267
0.0222269
0.0226703
0.0222763
0.0226709
0.0222275
0.0222266
0.0222275
0.0222278
0.0222275
0.0222277
0.0222271
0.0222278
0.0222278
0.0222274
0.0222268
0.0222264
0.0222267
0.0218002
0.0222265
0.0222268
0.0222771
0.0222773
0.022227
0.0222267
0.0222269
0.0221779
0.0226702
0.0226698
0.0226698
0.0222274
0.0222274
0.02267
0.0231849
0.0227225
0.0222279
0.0226704
0.0222262
0.0222269
0.0222281
0.0226714
0.0222264
0.0222275
0.0222768
0.022228
0.0222278
0.0222273
0.0222764
0.0222269
0.0222769
0.0222756
0.0222268
0.0222281
0.022228
0.0222774
0.0222274
0.0222264
0.0222279
0.0222276
0.0222772
0.0222274
0.0222281
0.0222269
0.0221774
0.022226
0.022225
0.0222759
0.0227227
0.0222265
0.0222271
0.0222272
0.0222251
0.0221764
0.0222273
0.0222265
0.0221785
0.0226712
0.0227212
0.0226709
0.0222271
0.0222765
0.0222274
0.022228
0.022227
0.0222279
0.0227219
0.0222277
0.0222275
0.0222269
0.0222772
0.0222272
0.0226705
0.0222266
0.0222273
0.0226715
0.022671
0.0222268
0.0221781
0.0222268
0.0222766
0.0222272
0.0222276
0.0222271
0.022178
0.0222278
0.0226705
0.023186
0.0226707
0.0222262
0.0226708
0.0222767
0.0222272
0.0218001
0.0222271
0.0222768
0.0222273
0.0217968
0.0222258
0.0222255
0.0222765
0.0222259
0.0222273
0.0221772
0.0222272
0.0226712
0.0222275
0.02267
0.0222274
0.0222258
0.0222771
0.0222268
0.0222255
0.022671
0.0221776
0.0226707
0.0222771
0.0222274
0.0222274
0.0222275
0.0222273
0.0218006
0.0222273
0.0222762
0.0222271
0.0226706
0.0222273
0.0222271
0.0222278
0.0222273
0.0226699
0.0222767
0.0222267
0.0226706
0.0222762
0.0222269
0.0222266
0.0222771
0.0222263
0.0222272
0.0221782
0.0222258
0.0222768
0.0222263
0.0222267
0.0217999
0.0222268
0.0221759
0.0226707
0.0222261
0.0222261
0.0222764
0.0222273
0.0222272
0.0222271
0.022226
0.0222265
0.022225
0.0226716
0.0222273
0.0226717
0.0222275
0.0226702
0.0222257
0.0222273
0.0227209
0.0222271
0.0222273
0.022228
0.0221779
0.0222274
0.0222275
0.0222769
0.0226719
0.0222267
0.0222258
0.022669
0.0222261
0.0217995
0.0221774
0.0222275
0.0226714
0.0222767
0.0222769
0.0222276
0.0222769
0.0227739
0.0227213
0.0222272
0.0222279
0.0226702
0.0222269
0.0222757
0.0222277
0.0222269
0.0217522
0.0222277
0.0222272
0.0222271
0.0222269
0.0222278
0.0222265
0.0222261
0.0222269
0.0222267
0.0222266
0.0222261
0.0222267
0.022227
0.022226
0.0222274
0.0226692
0.0222767
0.022228
0.0222257
0.0222275
0.0221775
0.0222261
0.0222274
0.0222268
0.0226705
0.0222274
0.0221767
0.0222277
0.0226706
0.0222251
0.0222774
0.0222282
0.0226711
0.0222261
0.0227223
0.0222278
0.0217999
0.0222275
0.0222762
0.0222267
0.0222764
0.0227738
0.022277
0.022227
0.0226702
0.0222273
0.0222266
0.0222266
0.0222272
0.0226697
0.0222275
0.0222261
0.0222273
0.0222273
0.0222265
0.0222267
0.0226685
0.0226708
0.0222276
0.0222269
0.022227
0.0226704
0.0222274
0.022671
0.0222766
0.0222266
0.0222267
0.0227215
0.022226
0.0222278
0.02267
0.0226715
0.0222271
0.0222271
0.0222274
0.0222273
0.0227227
0.0231868
0.0226704
0.0227224
0.0222268
0.0222257
0.0226714
0.0222271
0.0222261
0.0222275
0.0222767
0.0227742
0.0222764
0.0222269
0.0222276
0.0222278
0.0222277
0.0222764
0.0222257
0.0222268
0.0222262
0.0222267
0.0222277
0.0222259
0.0222264
0.0222273
0.0222769
0.0226709
0.0226704
0.022227
0.0226706
0.0226706
0.0222278
0.0222275
0.0222268
0.0222256
0.0222271
0.0222268
0.0222773
0.0222274
0.0222274
0.022227
0.0226709
0.0222273
0.0218
0.0222769
0.0222265
0.022227
0.0222274
0.0222275
0.0226696
0.0222259
0.0222269
0.0222769
0.0226693
0.0222273
0.0222276
0.0222264
0.022228
0.022227
0.0222281
0.0222269
0.022227
0.0226711
0.0227222
0.0231856
0.022671
0.0222275
0.0222268
0.0222762
0.0222273
0.0222773
0.0222765
0.0222272
0.0222273
0.0222272
0.0222274
0.0221776
0.0221769
0.0222275
0.0226712
0.0222758
0.0222268
0.0222272
0.0222263
0.0222266
0.0222271
0.0226708
0.0231867
0.0226694
0.0222258
0.0222282
0.0222776
0.0222273
0.022227
0.022277
0.022227
0.0222273
0.0226709
0.0222276
0.022671
0.0222266
0.0226699
0.0222261
0.0222271
0.0222273
0.0222762
0.0222279
0.0222768
0.0222277
0.0222266
0.0222269
0.0222272
0.022227
0.022227
0.0222255
0.0222271
0.022227
0.022177
0.022226
0.022276
0.0227729
0.0222764
0.0222275
0.0222276
0.0222274
0.0222266
0.0222269
0.0222763
0.0226702
0.0222267
0.0226711
0.0222264
0.0222269
0.0226699
0.0231848
0.0226704
0.0222275
0.022669
0.0222267
0.0222275
0.0226705
0.0226717
0.0222262
0.0222272
0.0222265
0.0222259
0.0222279
0.0222267
0.0222268
0.0222271
0.0226699
0.0222268
0.0226707
0.0226694
0.0226704
0.0222274
0.0222273
0.0222267
0.0222273
0.0226712
0.0222782
0.0222271
0.0222271
0.022228
0.0222766
0.0222267
0.0227223
0.0226719
0.0222264
0.0222265
0.022723
0.0222772
0.0222273
0.0222271
0.0222274
0.0221775
0.0222266
0.0226706
0.022178
0.0222272
0.0222248
0.0222252
0.0221757
0.0222262
0.0222273
0.0222766
0.0222268
0.0222272
0.0222281
0.0222765
0.0226708
0.0222775
0.0222275
0.0222277
0.0222272
0.0222271
0.0222263
0.0227219
0.0222252
0.0222273
0.0222281
0.0222769
0.0227222
0.0222277
0.0222269
0.0222764
0.0222277
0.0222269
0.0226706
0.0222273
0.0222274
0.0222274
0.0222773
0.0222267
0.0222273
0.0222262
0.0222263
0.0222276
0.0222278
0.0222268
0.0222274
0.0222274
0.0222272
0.0222266
0.0222273
0.0222277
0.0222275
0.0222279
0.0222267
0.0222267
0.0222257
0.0226713
0.0222272
0.0222266
0.0222273
0.0226705
0.0222261
0.0222276
0.0222267
0.022227
0.0227226
0.0222273
0.0222274
0.0222272
0.022277
0.0227225
0.0222275
0.0222271
0.0222775
0.0226705
0.0222271
0.0227223
0.0222275
0.0226713
0.0222273
0.0217998
0.0222272
0.0226707
0.0222271
0.0222281
0.0222766
0.0222265
0.0221773
0.0218006
0.0222775
0.0222273
0.0222265
0.0222273
0.0222272
0.0222269
0.0221774
0.0222277
0.0222749
0.0227722
0.022723
0.0226705
0.0222766
0.0222268
0.0222279
0.0222273
0.0227229
0.0222242
0.0222258
0.0222279
0.0222269
0.0222268
0.0222276
0.0222271
0.0226716
0.0222274
0.0222273
0.0221774
0.0222273
0.0226712
0.0222278
0.0222269
0.0222268
0.0222258
0.0222759
0.0222268
0.0222274
0.0222279
0.0222263
0.0222262
0.0222276
0.0222277
0.0226711
0.0222268
0.0222269
0.0222761
0.022228
0.0222267
0.022277
0.0227744
0.0227226
0.0222275
0.0222276
0.0222273
0.0222267
0.0222275
0.0222268
0.0222271
0.0222274
0.0222777
0.0222275
0.0222279
0.0222267
0.0222267
0.022227
0.0222276
0.0222278
0.0222276
0.0222269
0.0222269
0.0222272
0.0222275
0.0222274
0.0226707
0.0226698
0.0226701
0.0222273
0.0218006
0.022227
0.022227
0.0222278
0.0222271
0.0218
0.0222271
0.0222775
0.0222267
0.022227
0.0226707
0.0222268
0.0222265
0.0222273
0.0222251
0.0222262
0.0222269
0.0222256
0.0222269
0.0222269
0.022226
0.0221761
0.0222266
0.0222763
0.0222274
0.0222255
0.0222272
0.0222268
0.0222271
0.0226714
0.022227
0.0222258
0.0222264
0.0221782
0.0222267
0.0222273
0.0222262
0.0222273
0.0222277
0.0222257
0.0222766
0.0222275
0.0222272
0.022228
0.0222265
0.0222257
0.0222763
0.0227728
0.0222759
0.0222767
0.0222276
0.0222763
0.0222767
0.02267
0.0226701
0.0222266
0.0222278
0.0222265
0.0226703
0.0222764
0.0222277
0.0222263
0.0226697
0.0222265
0.0222269
0.0222279
0.0222275
0.0222769
0.0222283
0.0222276
0.0221769
0.0222281
0.0222269
0.0222269
0.0222275
0.0222269
0.022671
0.0222278
0.0222765
0.0222271
0.0226714
0.0226713
0.02267
0.0222267
0.0222272
0.0226717
0.0222271
0.0226702
0.0222273
0.0222275
0.0222258
0.0226704
0.0222268
0.0222268
0.0222267
0.0222768
0.0222273
0.0222277
0.0222263
0.0222275
0.0222278
0.0222268
0.0222274
0.0226697
0.0222274
0.0222273
0.0222273
0.0222765
0.0226705
0.0222272
0.0222267
0.0222269
0.022227
0.0222274
0.0222272
0.0222275
0.022228
0.0222268
0.0222267
0.0222269
0.0222272
0.0222282
0.0222283
0.0222257
0.0222256
0.0217994
0.0222266
0.0226712
0.0226715
0.0222269
0.0222771
0.0222271
0.0218002
0.0222267
0.0226711
0.0222253
0.0222255
0.0227225
0.0226701
0.0222277
0.0222282
0.0222262
0.0222272
0.0222268
0.0222267
0.0222769
0.0222272
0.022227
0.0222269
0.0222266
0.0222764
0.0222271
0.0226703
0.0222262
0.0222759
0.0226709
0.0222271
0.0227226
0.0222257
0.0222274
0.0222271
0.0222267
0.0222772
0.0222269
0.0222273
0.0218004
0.0222268
0.0226695
0.0231844
0.0226705
0.0222272
0.0222274
0.0222271
0.0222265
0.0222273
0.022177
0.0226702
0.0222263
0.0226693
0.0222278
0.022226
0.0221774
0.0222271
0.022226
0.0222264
0.0226711
0.0226705
0.022226
0.0222268
0.0222766
0.0222269
0.0222275
0.0222271
0.0226714
0.0222274
0.0222274
0.0222274
0.0222273
0.022227
0.0226709
0.0222261
0.0222278
0.022178
0.0222261
0.0226706
0.0222268
0.0222265
0.0222275
0.0222766
0.0222764
0.0222273
0.0221776
0.0222275
0.0226712
0.0222264
0.022228
0.0222265
0.022228
0.0222764
0.022227
0.0222772
0.0226699
0.0222765
0.0222269
0.0222262
0.0222268
0.0222267
0.0222274
0.0226694
0.0226715
0.0222274
0.0226704
0.0222272
0.0222269
0.0222273
0.0222273
0.0222266
0.0222266
0.0222265
0.0222279
0.0226701
0.0222276
0.0226705
0.0222262
0.0222261
0.0226708
0.0222276
0.0226704
0.0222266
0.0222276
0.0222277
0.0222267
0.0222267
0.0222257
0.0222267
0.0222767
0.0226695
0.0222272
0.0222265
0.0222756
0.0222271
0.0222274
0.0221778
0.0221773
0.0222263
0.0222271
0.0222765
0.0222273
0.0222265
0.022178
0.0222268
0.022671
0.0222276
0.0222274
0.0222261
0.0222264
0.0222269
0.0222764
0.0222264
0.022227
0.0222768
0.0222276
0.02267
0.0222274
0.0226701
0.0222263
0.0222259
0.0222275
0.0222272
0.0222767
0.0222267
0.0222768
0.0222268
0.0222249
0.0222266
0.0226707
0.0222272
0.0222271
0.0222262
0.0222254
0.0221765
0.0222269
0.0222278
0.0226717
0.0226703
0.022228
0.0226714
0.0222277
0.0222269
0.022227
0.0222769
0.0222272
0.022227
0.0222265
0.0222273
0.0222773
0.0222275
0.0217997
0.0222759
0.0226706
0.0231857
0.0226692
0.0231852
0.0226704
0.0222274
0.0222281
0.0222269
0.0222272
0.0222257
0.0227218
0.0227742
0.022276
0.0222278
0.0222267
0.022227
0.0227216
0.0226694
0.0231866
0.0226703
0.0222276
0.0222273
0.0222267
0.0222757
0.0227736
0.0222763
0.0222273
0.021752
0.0222261
0.0227213
0.0222766
0.0222264
0.0222774
0.0222267
0.0227226
0.0227223
0.0222776
0.0222277
0.0222275
0.0226707
0.0222272
0.0222268
0.0227224
0.0222268
0.0222277
0.0222763
0.0222272
0.0222274
0.0222767
0.0222271
0.0222271
0.0222267
0.0222267
0.0222266
0.0226705
0.0222272
0.0222274
0.0222277
0.0222271
0.0222267
0.0222271
0.0222284
0.0222274
0.0222277
0.0222263
0.022277
0.0222751
0.0222272
0.0222275
0.022226
0.0222761
0.0222271
0.0222266
0.0222276
0.0222764
0.0226712
0.0222266
0.0222246
0.0221771
0.0222269
0.0226701
0.0222269
0.0222271
0.0222276
0.0226702
0.022227
0.0222261
0.0222266
0.0222771
0.0218006
0.0222764
0.0222756
0.0226697
0.0222265
0.0222273
0.0227219
0.0222767
0.0222247
0.0222273
0.0222277
0.0222762
0.0222266
0.0226706
0.0222765
0.0222256
0.0227227
0.0222273
0.0222271
0.0222278
0.0222265
0.0222278
0.022228
0.0222268
0.0226711
0.022227
0.0221778
0.0221771
0.0222265
0.022276
0.0222276
0.0222272
0.0222262
0.0226711
0.0222273
0.0226706
0.0222769
0.0222274
0.0222268
0.0226712
0.0222282
0.0222269
0.0222257
0.0222764
0.0226695
0.0222266
0.0222264
0.0222269
0.0222265
0.022176
0.0218001
0.022228
0.022276
0.0222272
0.0222268
0.022226
0.0222255
0.0222772
0.0222271
0.0222275
0.0222274
0.0222267
0.0226706
0.0226711
0.0222268
0.0226708
0.0222267
0.0222267
0.0222266
0.0222766
0.0222275
0.0226709
0.0222763
0.0222241
0.022227
0.0222268
0.0222276
0.0222269
0.0222275
0.022226
0.0226712
0.02267
0.0231855
0.0226695
0.0221767
0.0226707
0.0226708
0.0226706
0.0231852
0.0226695
0.0222766
0.0222763
0.0222768
0.0222271
0.0222278
0.0222271
0.0222771
0.0222776
0.0222274
0.0222273
0.0218001
0.0222272
0.0226705
0.0222267
0.022228
0.0222265
0.0222273
0.0222272
0.0222771
0.022277
0.022276
0.0222778
0.0226703
0.0222271
0.0221764
0.0222272
0.0218005
0.0222276
0.0226704
0.0222263
0.0222274
0.0222265
0.0222774
0.022226
0.0226705
0.0222755
0.0222272
0.0222276
0.0222261
0.0226704
0.022227
0.0222775
0.0222277
0.022672
0.0227225
0.022227
0.0222271
0.022277
0.0222266
0.022227
0.0222268
0.0222761
0.0222272
0.0222266
0.0222769
0.0222276
0.0222281
0.0222279
0.0222271
0.0222765
0.0222265
0.0226703
0.0222267
0.0222265
0.0222249
0.0222261
0.022226
0.0226692
0.0222267
0.0222267
0.0222267
0.0222273
0.022227
0.0222764
0.0222254
0.0222266
0.0227219
0.0222271
0.0222268
0.0222269
0.0222267
0.022228
0.0222283
0.022723
0.0222279
0.0222267
0.0222276
0.0218004
0.0222266
0.0222271
0.0222262
0.0222269
0.022227
0.0221778
0.0222274
0.0222762
0.0227217
0.0231865
0.022671
0.0222268
0.022227
0.0226712
0.0222277
0.0222272
0.0222279
0.0222771
0.0222277
0.0227222
0.0222773
0.0222766
0.0222279
0.0222271
0.0222753
0.0226709
0.0222273
0.0222272
0.0226713
0.0222278
0.022276
0.022227
0.0222758
0.0222265
0.0222264
0.0222257
0.0222272
0.0222266
0.0222268
0.0226707
0.023185
0.0226704
0.0222776
0.022227
0.0227217
0.0222266
0.0222276
0.0222755
0.0222271
0.0222274
0.0222276
0.0222762
0.0222256
0.0222266
0.0222275
0.0222267
0.0222271
0.0222263
0.0222274
0.022227
0.0222764
0.0222273
0.0222268
0.0222269
0.0222261
0.0222277
0.0222273
0.0222277
0.0222272
0.0221779
0.0222276
0.0222261
0.0222769
0.0222263
0.0222266
0.0222275
0.0222271
0.0217987
0.0222776
0.0218
0.0222274
0.0222765
0.0222278
0.0226716
0.0222271
0.0222277
0.0222275
0.0222766
0.022227
0.0222771
0.0222269
0.0222279
0.0226711
0.022228
0.0222775
0.0222763
0.0226703
0.0226705
0.0227222
0.0222256
0.0222265
0.0222271
0.0222257
0.022277
0.0226705
0.0222249
0.0222276
0.0222768
0.0227736
0.0222771
0.022227
0.0222767
0.0222276
0.0222272
0.022177
0.0222267
0.022227
0.0222758
0.022227
0.0226704
0.0222278
0.0222266
0.0222277
0.0226715
0.0231852
0.0226703
0.0222256
0.0226705
0.0222275
0.0227228
0.0222268
0.0222275
0.0222271
0.0222277
0.0222275
0.022671
0.0222275
0.022227
0.022227
0.022228
0.0222268
0.0222264
0.0222266
0.022227
0.0226707
0.0222263
0.0222273
0.0222267
0.0222275
0.0222273
0.0222266
0.022227
0.0222274
0.0222268
0.0222767
0.022227
0.0217999
0.022277
0.0222764
0.0226709
0.0226711
0.0222275
0.0222275
0.0222278
0.0221776
0.0221778
0.0217997
0.0222276
0.0222259
0.0222271
0.0222278
0.0222775
0.0222275
0.022227
0.0222768
0.0222271
0.0222276
0.0222273
0.0226703
0.0222266
0.0226704
0.0222266
0.0222271
0.0222268
0.0222268
0.0226705
0.0222775
0.0222767
0.0222271
0.022227
0.0221771
0.0222266
0.0226706
0.0222276
0.0222249
0.0222266
0.0222276
0.0222268
0.0221773
0.0222274
0.0222263
0.0222261
0.022227
0.0217997
0.022226
0.0222267
0.0222267
0.0218005
0.0222267
0.0222273
0.0226709
0.0221765
0.0226711
0.0222271
0.0222771
0.0222271
0.0218001
0.0222271
0.0222769
0.0222267
0.0222274
0.0222277
0.0222274
0.0222757
0.0226705
0.0222264
0.0222272
0.0222279
0.0222277
0.0222273
0.0222268
0.0221759
0.0218003
0.022277
0.0222767
0.022227
0.0226699
0.022227
0.0222769
0.0222268
0.0222271
0.0222277
0.0222274
0.0222769
0.022227
0.0222275
0.0222273
0.0226711
0.0222275
0.0222767
0.0226712
0.0222265
0.0226702
0.0227226
0.0222274
0.0226706
0.0222286
0.0217993
0.0222262
0.0222273
0.0222269
0.0222268
0.0221761
0.022671
0.022277
0.0227729
0.022276
0.0227223
0.0227746
0.0222767
0.0222272
0.022228
0.0227223
0.0222275
0.0222264
0.0222275
0.022177
0.0222274
0.0222268
0.0222274
0.0222273
0.0226711
0.0222269
0.0222267
0.0222259
0.0217997
0.0222275
0.0222275
0.0222267
0.0221778
0.0222263
0.0222274
0.022227
0.0222277
0.0222272
0.0222274
0.022277
0.022276
0.0222773
0.0222279
0.0222768
0.0226697
0.0222266
0.0222276
0.0226711
0.0226711
0.0222285
0.022226
0.0222764
0.0222274
0.0222266
0.0222769
0.0222274
0.0222771
0.0222271
0.0222274
0.0226699
0.0226705
0.0226701
0.0222278
0.022277
0.0222267
0.0222272
0.0222264
0.022228
0.0222277
0.0222271
0.0222276
0.0222278
0.0222762
0.0222266
0.0226706
0.0226715
0.022227
0.0226705
0.0222267
0.022671
0.0222273
0.022228
0.0226712
0.0222274
0.0222266
0.0226694
0.0222269
0.0222261
0.0222767
0.0226714
0.0222249
0.0221766
0.0222267
0.0226703
0.0226697
0.0221772
0.0222269
0.0226714
0.0222256
0.0222276
0.0222259
0.0222274
0.0222273
0.0222257
0.022276
0.0227224
0.0222278
0.0222273
0.0222258
0.022226
0.0218007
0.0222271
0.0222282
0.0226703
0.0222271
0.022178
0.0222277
0.0222266
0.0222266
0.0226705
0.0222268
0.0226678
0.022226
0.0222269
0.02267
0.022227
0.0222272
0.022227
0.0221766
0.0221769
0.0226713
0.0222269
0.0222272
0.0217533
0.0222275
0.0222254
0.0222275
0.0222276
0.0222269
0.0222267
0.0222765
0.0226712
0.022277
0.0222263
0.0226708
0.0226714
0.0222278
0.0222268
0.0222279
0.0226714
0.0222266
0.0222273
0.0222771
0.0222275
0.0222273
0.0222275
0.0222273
0.0222271
0.0221771
0.022228
0.0222261
0.0226702
0.0222275
0.0222267
0.0222268
0.0222255
0.0222273
0.0222278
0.0222264
0.0222271
0.0222276
0.0222275
0.0222277
0.0222271
0.0222265
0.0222272
0.0222758
0.0226699
0.0222763
0.0222777
0.0227747
0.0232933
0.0228671
0.022366
0.0219251
0.0218874
0.0214634
0.0210561
0.0214631
0.0214263
0.0214631
0.0218859
0.0214627
0.0210563
0.0214634
0.0214633
0.0214258
0.0210211
0.0214624
0.0215009
0.0214636
0.0214269
0.0218854
0.0214633
0.0214626
0.0214635
0.0214267
0.0218858
0.0215001
0.021464
0.0214633
0.0214632
0.0214636
0.0214639
0.021463
0.021464
0.0214632
0.0214638
0.0214627
0.0215004
0.0214636
0.0215001
0.0214634
0.0214639
0.0214636
0.0214633
0.0214622
0.0214635
0.0218863
0.0214639
0.0214636
0.0214609
0.021464
0.0214637
0.0214999
0.0215012
0.0218865
0.0214639
0.0210562
0.0214634
0.021463
0.0214636
0.0214635
0.0214267
0.0214271
0.0210559
0.0214634
0.0214256
0.0214641
0.0210561
0.0214631
0.0214624
0.0214635
0.0214637
0.0215005
0.0219252
0.0214997
0.0219629
0.0214995
0.0218861
0.0214632
0.0219248
0.0223662
0.0218854
0.0214632
0.0214271
0.0214637
0.0210542
0.0214633
0.0214629
0.0218864
0.0214625
0.0218851
0.0214635
0.0214635
0.0214633
0.021887
0.0219246
0.0223657
0.021886
0.0214251
0.0214635
0.0214631
0.0219246
0.0214995
0.0218858
0.0214642
0.0214638
0.0215004
0.0214635
0.0214627
0.0215006
0.0214632
0.0214247
0.0214631
0.0214629
0.0214638
0.0218859
0.0219246
0.0214633
0.0218856
0.0214628
0.0218868
0.0214628
0.0218863
0.0214641
0.0219249
0.0214632
0.0214634
0.0214621
0.0214631
0.0214633
0.0214631
0.0214636
0.0214629
0.0214646
0.0219252
0.0214628
0.0214631
0.0215002
0.0214638
0.0219244
0.0214632
0.0214626
0.0218866
0.0218869
0.0218857
0.0214997
0.0214629
0.0214637
0.0214628
0.0214638
0.0218858
0.0214634
0.021463
0.0214628
0.0214635
0.0214639
0.0214632
0.0218859
0.0214639
0.0210567
0.021501
0.0219631
0.0215001
0.0215001
0.0218862
0.0214634
0.0215009
0.0214635
0.0214625
0.0214627
0.0215
0.0214636
0.021463
0.0214635
0.0214616
0.0218851
0.0214631
0.0215007
0.021464
0.0214631
0.0218864
0.0214629
0.0214643
0.0215008
0.0218845
0.0223661
0.0218858
0.0214634
0.0214639
0.0214637
0.0215003
0.021463
0.021426
0.0218853
0.0223666
0.0218858
0.0218863
0.0214632
0.0214633
0.0214635
0.0218866
0.0214999
0.0218855
0.0214625
0.0214639
0.0218864
0.0214614
0.0214637
0.0214641
0.021885
0.0214631
0.0214635
0.0214631
0.021463
0.0218874
0.0214641
0.0215001
0.0214635
0.0214632
0.0218856
0.0214641
0.0214634
0.0215003
0.021464
0.0215
0.0214633
0.0215012
0.0214637
0.0214632
0.0214631
0.0214633
0.0218858
0.0214622
0.0215006
0.0214626
0.0214999
0.0214635
0.0214634
0.0214634
0.0214997
0.0218864
0.0214626
0.0214634
0.0214269
0.0214637
0.0214643
0.0214633
0.0214648
0.0215006
0.0214997
0.0214629
0.0215005
0.021886
0.021463
0.0214629
0.0219254
0.0214638
0.0214632
0.021463
0.0218857
0.0214629
0.0214638
0.0218861
0.0218849
0.0214635
0.0214641
0.0214627
0.0214635
0.0214639
0.0214993
0.0214636
0.0214636
0.0215009
0.0214637
0.0214625
0.0214264
0.0214625
0.0214267
0.0214636
0.0214627
0.021463
0.0215003
0.0214628
0.0214634
0.0214632
0.0214628
0.0214633
0.0214641
0.0214639
0.0214623
0.0214641
0.0214643
0.0214631
0.021463
0.0218856
0.0218849
0.0214996
0.021463
0.0218863
0.0223665
0.0219257
0.0214635
0.0218865
0.021462
0.0214266
0.0214629
0.0214634
0.0214634
0.0214642
0.0214635
0.0219247
0.0218853
0.0223654
0.0218863
0.0218858
0.0214634
0.0214631
0.0215003
0.0218862
0.0214631
0.0214629
0.0214635
0.0214634
0.0215001
0.0214631
0.0214636
0.0214633
0.0214641
0.0214636
0.0218853
0.0218864
0.0214267
0.0218861
0.0214633
0.0214624
0.0214636
0.0214637
0.0219229
0.0214618
0.0214635
0.0218857
0.0214637
0.0214255
0.0214626
0.0218865
0.0218861
0.0218864
0.0214639
0.0214632
0.0214633
0.0214637
0.0214628
0.0214625
0.0214636
0.0214637
0.0219241
0.0214638
0.0214632
0.0215002
0.0214631
0.0210565
0.0214638
0.0214997
0.0214635
0.0214637
0.0214628
0.0218861
0.0214624
0.0215006
0.0214633
0.0214632
0.0218871
0.0214637
0.0214636
0.0214628
0.0210559
0.0210568
0.0214637
0.0214639
0.021463
0.0214632
0.0214632
0.0218859
0.0218854
0.0218861
0.0214636
0.0210572
0.0214633
0.0214629
0.0215009
0.0214627
0.0214634
0.0214636
0.0218865
0.0218858
0.0214629
0.0214634
0.0215002
0.0218863
0.0214628
0.021462
0.0214619
0.0214632
0.0219235
0.0215004
0.0214632
0.0218852
0.0214633
0.0214627
0.021463
0.0214634
0.0214621
0.0214638
0.0215006
0.0214625
0.0214636
0.0215002
0.021964
0.0214992
0.021463
0.0215002
0.0214625
0.0214626
0.0215008
0.0214623
0.0214631
0.0214626
0.0214636
0.0218861
0.0214634
0.0214624
0.0218852
0.0218866
0.0214636
0.0214641
0.0214629
0.0218865
0.0214623
0.0215004
0.0214634
0.0214637
0.0214635
0.0218866
0.0214252
0.0218865
0.0214999
0.0214639
0.0214637
0.0218863
0.0214637
0.0214631
0.0214636
0.0214631
0.0214629
0.021426
0.0214641
0.0218853
0.0214638
0.0214634
0.0214638
0.0214635
0.0218861
0.021463
0.0218864
0.0214268
0.021463
0.021886
0.0214626
0.0218858
0.0218863
0.0223667
0.0218863
0.0218861
0.0218859
0.0214632
0.0214266
0.0214633
0.0210193
0.0214631
0.0218865
0.0214638
0.0214634
0.0214993
0.0214634
0.0214631
0.0214634
0.0214634
0.021463
0.0214627
0.0218856
0.0214624
0.0218859
0.0214635
0.0218862
0.0214633
0.0214634
0.0214631
0.0210566
0.0214636
0.0214634
0.0214637
0.0214628
0.0214637
0.0214636
0.0218858
0.021463
0.0214634
0.0214638
0.0214639
0.021463
0.0214637
0.0214634
0.0214627
0.0218857
0.021463
0.0214634
0.0214627
0.0214629
0.0214636
0.021463
0.0214625
0.0214638
0.0214626
0.0218859
0.0218854
0.0214627
0.0214634
0.0214259
0.021463
0.0218857
0.0214626
0.0214269
0.0214636
0.0214628
0.0218857
0.0214635
0.0218853
0.0219239
0.0214634
0.0218867
0.0214636
0.0215003
0.0215004
0.0214625
0.0218862
0.0214992
0.0219634
0.0214991
0.0215005
0.0214648
0.0215003
0.0218862
0.0218858
0.0218852
0.0214634
0.0214627
0.0214632
0.0218862
0.0214629
0.0215002
0.0219248
0.0214633
0.0215002
0.0214638
0.0218863
0.0214625
0.0214633
0.0215013
0.0215006
0.0218869
0.0214632
0.0214635
0.021464
0.0214622
0.0214267
0.021464
0.0214632
0.0214634
0.0214631
0.0219239
0.0214628
0.0214625
0.0218849
0.0214627
0.0215002
0.0214636
0.0214642
0.021501
0.0214645
0.0214638
0.0214633
0.0214623
0.0218861
0.0214629
0.0218848
0.0214633
0.0219249
0.021463
0.0214633
0.0214634
0.0214625
0.0214632
0.0214635
0.0210555
0.0214641
0.0215005
0.0214635
0.0210552
0.0214635
0.0214637
0.0214633
0.021464
0.0214633
0.0214635
0.0214637
0.0214631
0.0214639
0.0218861
0.0214256
0.0214634
0.021464
0.0214634
0.0214271
0.0214635
0.0214637
0.0214635
0.0214634
0.0214631
0.0214636
0.0218867
0.0214257
0.0214642
0.0214631
0.0214634
0.021887
0.0223663
0.0218869
0.0214629
0.0214632
0.021886
0.0214636
0.021885
0.0214635
0.0218862
0.0214627
0.0215004
0.0214628
0.0214633
0.0214636
0.0215007
0.0219247
0.0214631
0.0214642
0.0214629
0.0214619
0.0214628
0.0219248
0.0223653
0.0218864
0.0214628
0.0218855
0.021463
0.0214638
0.021463
0.0214627
0.0214622
0.0214622
0.0218857
0.0214629
0.021463
0.0215007
0.0218865
0.0214622
0.0214267
0.0218862
0.0214624
0.0214634
0.0214998
0.0214638
0.0210563
0.0214632
0.0214615
0.0214637
0.0218855
0.0215
0.0214622
0.0214257
0.0214627
0.0218857
0.0214254
0.021463
0.0214627
0.021887
0.0214638
0.0214631
0.0214634
0.0214632
0.0214994
0.021463
0.0214631
0.0218861
0.0214626
0.0210201
0.0214631
0.0214638
0.0218855
0.0218863
0.0214631
0.0214636
0.0214634
0.0214254
0.0218856
0.0214632
0.0214641
0.0214632
0.0218863
0.0214642
0.0218865
0.0215006
0.0214636
0.0214639
0.0218864
0.0215004
0.0214634
0.0214637
0.021463
0.0214634
0.0214628
0.0214633
0.0214637
0.0214628
0.0214638
0.0214253
0.0218854
0.0214627
0.0214637
0.0218869
0.021464
0.0218863
0.0214262
0.0214632
0.0214626
0.0214631
0.0214635
0.0214631
0.0214634
0.0214632
0.0218853
0.0218859
0.0218864
0.0214998
0.0219632
0.0215005
0.0214633
0.0214636
0.0214636
0.0214632
0.021463
0.0214632
0.0214642
0.0218857
0.021464
0.0214626
0.0214637
0.0214637
0.0214632
0.0214637
0.0210562
0.0214627
0.0214631
0.0214627
0.0214624
0.0210563
0.0215003
0.0210557
0.0214631
0.0214997
0.0214628
0.0214613
0.0219249
0.0219635
0.0215007
0.0214639
0.0214634
0.0214635
0.0214634
0.0214622
0.0214622
0.0214636
0.0215001
0.0214627
0.0218863
0.0223661
0.021886
0.0214634
0.0218865
0.0214622
0.0214617
0.0214982
0.0214632
0.021499
0.0215
0.0215003
0.0215002
0.0214635
0.021885
0.0214641
0.0214631
0.0215002
0.0215006
0.0214626
0.0215001
0.0214634
0.0218865
0.0214624
0.021463
0.0218866
0.0214626
0.0218851
0.0218858
0.021463
0.0214634
0.0214647
0.0214265
0.0214635
0.0214634
0.0214637
0.021464
0.0214638
0.0219251
0.0214641
0.0215008
0.0218858
0.0214631
0.0214633
0.0214631
0.0214994
0.021464
0.0214629
0.0218865
0.0214626
0.0214637
0.0218861
0.0223662
0.0218855
0.0214632
0.0218861
0.0214628
0.0214635
0.0214633
0.0214631
0.0214633
0.0210563
0.0214634
0.0214633
0.0214244
0.0214634
0.0218861
0.0214634
0.0218863
0.0214623
0.0214615
0.0214629
0.021463
0.0214622
0.0219245
0.0214628
0.0218859
0.0214625
0.0215013
0.0218873
0.0214629
0.0218863
0.0214629
0.0215
0.021463
0.0214625
0.0214627
0.0214631
0.0214636
0.0214636
0.0214617
0.021463
0.0214632
0.0214637
0.0214619
0.0214634
0.0214634
0.0214626
0.0210556
0.0215002
0.021463
0.0214631
0.0219251
0.0215001
0.0218854
0.0214634
0.0218863
0.0215009
0.0214627
0.021463
0.0214623
0.0214638
0.0214638
0.0214634
0.0218861
0.0214615
0.0214999
0.0214638
0.0218863
0.0214634
0.0214259
0.0214628
0.0214637
0.0214637
0.0214258
0.0214631
0.0214642
0.0218866
0.0214626
0.0214629
0.0215009
0.0218861
0.0218855
0.0214618
0.021886
0.0215001
0.0218868
0.0214631
0.0214639
0.0210551
0.0214606
0.0214633
0.0218866
0.0214638
0.0214633
0.0214259
0.0214632
0.0214637
0.0218864
0.0214631
0.0215005
0.0214636
0.0214627
0.0218868
0.0214998
0.0214633
0.0214642
0.021464
0.0215008
0.0214631
0.0214631
0.0214638
0.0214626
0.0214628
0.0214637
0.0218871
0.0214636
0.0218856
0.0214628
0.0214635
0.0210564
0.0214631
0.0214996
0.0214634
0.0214629
0.0214632
0.0214633
0.0214636
0.0214635
0.0218863
0.0215004
0.0215005
0.0218854
0.0214262
0.0214638
0.0214634
0.0215007
0.021464
0.0214634
0.0214635
0.0214633
0.0214639
0.0214634
0.0218864
0.0218859
0.0223662
0.0218847
0.0214637
0.0215004
0.0214636
0.0218853
0.0218845
0.0214999
0.0214636
0.0218866
0.0215006
0.021463
0.0214636
0.0214635
0.0214628
0.0214636
0.0214623
0.021056
0.0214633
0.0214634
0.0214993
0.0214634
0.0214625
0.0214614
0.0214639
0.0214623
0.0214627
0.0214628
0.021463
0.0218859
0.0214635
0.0218865
0.0214263
0.0214637
0.0214635
0.021426
0.0214628
0.0218868
0.0214629
0.0214636
0.0214992
0.0214637
0.021463
0.0214644
0.0214638
0.0214632
0.0214636
0.0214264
0.021463
0.0214639
0.0214997
0.0215006
0.0218859
0.0214635
0.0214638
0.0214625
0.0214632
0.0215003
0.0218864
0.0214632
0.0215005
0.0214632
0.0214635
0.021464
0.0214996
0.0218865
0.0215009
0.0218862
0.021463
0.0219241
0.0214631
0.0214637
0.0214634
0.0214626
0.0214633
0.0219244
0.0214631
0.0214639
0.0214627
0.0218847
0.0219251
0.0218866
0.021464
0.0214631
0.0214631
0.0214641
0.0210565
0.0215006
0.0218864
0.0214629
0.0214637
0.021464
0.0218851
0.0214631
0.0219255
0.0214628
0.0214623
0.0218867
0.0214638
0.0214635
0.021426
0.0214639
0.0214631
0.0214631
0.0214631
0.0214633
0.0215012
0.0215001
0.0214636
0.021464
0.0214624
0.0214254
0.0214636
0.0214632
0.0214635
0.0214622
0.021463
0.0214633
0.0214629
0.0214631
0.0218863
0.021464
0.0214638
0.0219253
0.0214629
0.0215005
0.021463
0.0214628
0.0214632
0.0218844
0.0214638
0.0214256
0.0214632
0.0214635
0.0214635
0.0218866
0.0214625
0.0214624
0.0214629
0.0214625
0.0214634
0.0218875
0.0215003
0.0214634
0.0218865
0.0214254
0.021464
0.0218864
0.0214638
0.0214999
0.0214634
0.0214619
0.0219247
0.0214638
0.0218863
0.0214639
0.0214641
0.0214615
0.0214637
0.0214621
0.0215011
0.0214636
0.0214635
0.0214635
0.0214255
0.0214628
0.0218858
0.0214644
0.0214635
0.0214635
0.0214637
0.0214626
0.0214632
0.0214631
0.0214632
0.0214631
0.0215005
0.0214625
0.0214637
0.0214634
0.0214635
0.0214637
0.0214629
0.0218866
0.0214641
0.0214632
0.0214631
0.0214633
0.0214631
0.0215011
0.021501
0.0214634
0.0218856
0.0214639
0.021464
0.0214625
0.0214629
0.0214638
0.0215006
0.0214631
0.0214634
0.0214639
0.0215006
0.0214638
0.0214635
0.021463
0.0214641
0.0214633
0.0214266
0.0214624
0.021463
0.0218861
0.0214634
0.0214626
0.0215005
0.0214633
0.0214635
0.0214629
0.0214636
0.0214638
0.0214622
0.0215
0.0214631
0.0215003
0.021886
0.0215003
0.0219635
0.0219251
0.0214629
0.0218859
0.0214633
0.0214633
0.0214624
0.021463
0.0214627
0.0214999
0.0214633
0.0214994
0.0215004
0.0218856
0.0214637
0.0215002
0.0214634
0.0218858
0.0215001
0.0218858
0.0214633
0.0214999
0.0214638
0.021464
0.0218861
0.0214636
0.0214632
0.0219252
0.0219631
0.0215006
0.0214629
0.0214635
0.0214635
0.0214631
0.0214636
0.0214637
0.0214637
0.0214267
0.0214261
0.0214628
0.0214635
0.0214625
0.021463
0.0214625
0.0215013
0.0214626
0.0218853
0.0214635
0.0214631
0.0215009
0.0214635
0.021464
0.0210201
0.0214628
0.0214634
0.0218863
0.0218862
0.0218854
0.0214628
0.0214619
0.021463
0.0214618
0.0218846
0.0214628
0.0214997
0.0214632
0.0214994
0.021463
0.0218863
0.0214634
0.0214636
0.0215003
0.0214633
0.0214625
0.0214995
0.0214624
0.0210565
0.0214632
0.0214635
0.0214628
0.0218871
0.0214631
0.0218856
0.0223649
0.0218862
0.021464
0.0214623
0.0214997
0.0214635
0.021463
0.0214638
0.0210554
0.0214629
0.0214632
0.0215
0.021962
0.0214999
0.0218867
0.0218865
0.0218866
0.0214628
0.0218863
0.0214255
0.0214627
0.0214636
0.0214627
0.0215009
0.0214628
0.0218853
0.022366
0.0218868
0.0214256
0.0218858
0.0214626
0.0219255
0.0215001
0.0214626
0.0214262
0.021463
0.0214636
0.0214639
0.0214264
0.0214635
0.0214638
0.0219249
0.0218857
0.0215004
0.0214625
0.0214627
0.021021
0.0214635
0.0214637
0.0214633
0.0214636
0.0214638
0.0215008
0.0214639
0.0214632
0.0214637
0.0214634
0.0214632
0.0218851
0.0214629
0.0214636
0.0214626
0.0214625
0.0215005
0.0218871
0.0219238
0.0214623
0.021426
0.021464
0.021463
0.0214629
0.0214631
0.0218867
0.0218866
0.0214638
0.0214633
0.021886
0.0214636
0.0219251
0.021463
0.0214636
0.021463
0.0214637
0.0214635
0.0210562
0.0214641
0.0214638
0.0214633
0.0218853
0.0214615
0.0214634
0.021499
0.0218857
0.021462
0.0214998
0.021962
0.0215002
0.0214992
0.0214636
0.021463
0.0214635
0.0214633
0.0214632
0.0214628
0.0219248
0.0214632
0.0214628
0.0214626
0.0214623
0.0210551
0.0215004
0.0214636
0.0214643
0.0214625
0.0214256
0.0214634
0.0218861
0.0214632
0.0214627
0.0215006
0.0215004
0.0214629
0.0219254
0.0214639
0.0214634
0.0214634
0.0214639
0.0214636
0.0210564
0.0214626
0.0218858
0.0214625
0.0214627
0.0214627
0.0214636
0.0214627
0.021463
0.0219253
0.0215006
0.0218861
0.0215001
0.0214638
0.0219246
0.0219633
0.0215009
0.0214631
0.0214624
0.0218862
0.0214632
0.0210566
0.0214637
0.021886
0.0218866
0.021462
0.0214641
0.0214637
0.0214629
0.0218864
0.0218858
0.0214248
0.0214632
0.021463
0.0218855
0.0214631
0.0218854
0.0214637
0.0214635
0.0214632
0.0214634
0.0218864
0.0215004
0.0214626
0.0214632
0.0214636
0.0214633
0.0214992
0.0218859
0.0214639
0.021887
0.0214632
0.0214993
0.0214633
0.0214626
0.0214637
0.0215007
0.021464
0.0214638
0.0214625
0.021462
0.021463
0.0214637
0.021462
0.0215
0.0214638
0.0214632
0.0218862
0.0214628
0.0214636
0.0214642
0.021426
0.0214639
0.0214632
0.0214633
0.0214637
0.0214634
0.0214639
0.0214628
0.0218862
0.0214637
0.0214626
0.0214631
0.0214625
0.0214642
0.0214634
0.0218857
0.0218859
0.0214632
0.0218867
0.0218866
0.0214638
0.0218862
0.0214267
0.0214631
0.0210565
0.0214627
0.0218861
0.0218863
0.0223659
0.0218863
0.0214634
0.0214264
0.0214636
0.021463
0.0214627
0.0214254
0.0214261
0.0214628
0.021464
0.0214632
0.021463
0.0214635
0.021463
0.021886
0.0218862
0.0218865
0.0214623
0.021463
0.0214632
0.021462
0.0214632
0.0214634
0.0218858
0.021463
0.0218866
0.0214639
0.0214636
0.0214636
0.0218857
0.0223659
0.0218859
0.021464
0.0214262
0.0214633
0.0214636
0.0215006
0.0214637
0.0218862
0.0214618
0.0215004
0.0219239
0.0214633
0.0214635
0.0215005
0.0214627
0.0218865
0.0214634
0.0214259
0.0218873
0.0214638
0.0214263
0.0214625
0.0214632
0.0218862
0.0214636
0.021463
0.0214626
0.0215014
0.0214631
0.0214632
0.0215012
0.0214634
0.0214639
0.0214626
0.021463
0.0214633
0.0214619
0.0214636
0.0214627
0.0214633
0.0214634
0.0214636
0.021925
0.0214632
0.0214621
0.0214631
0.0214639
0.0214625
0.0218862
0.021463
0.0214999
0.0218857
0.0218861
0.0214637
0.0214632
0.0215013
0.0214638
0.0214627
0.0214625
0.0214631
0.021464
0.0214626
0.0214634
0.021463
0.0215003
0.0214626
0.0214626
0.0214628
0.0214635
0.0214636
0.0214631
0.0214633
0.0214637
0.0218864
0.021463
0.0214631
0.0214625
0.0215005
0.0214629
0.0214635
0.0214644
0.0218859
0.0214626
0.0214627
0.0214636
0.0214632
0.0214634
0.021462
0.0214633
0.0214637
0.0214633
0.0214631
0.0214637
0.0214263
0.0214638
0.021463
0.0214632
0.0214641
0.0214623
0.0214635
0.0214633
0.0214632
0.0215008
0.021886
0.0214264
0.0214627
0.0214633
0.0215007
0.0214636
0.0214629
0.0214637
0.0214636
0.0214633
0.021886
0.0214634
0.0214261
0.0214627
0.021464
0.0214626
0.0214638
0.0218865
0.0218865
0.0214633
0.0218858
0.0218866
0.0214635
0.0214256
0.0214632
0.0214625
0.0218866
0.0214995
0.0214984
0.0219632
0.0215003
0.0215011
0.0218866
0.021464
0.0214639
0.0214634
0.0214259
0.0214633
0.0214632
0.0214634
0.021464
0.0218865
0.0215006
0.0215005
0.0218856
0.0214631
0.0214637
0.0214633
0.021463
0.0214622
0.0218859
0.0214639
0.021464
0.0214635
0.0214263
0.0214636
0.0214627
0.0214998
0.0214632
0.0218864
0.0218858
0.0214638
0.0214628
0.021463
0.0214641
0.0214627
0.0215003
0.0219242
0.0218866
0.0214633
0.0214637
0.0210547
0.0214639
0.0218866
0.0215004
0.0214998
0.0214992
0.0214633
0.0214632
0.0214633
0.0214629
0.0218863
0.0215006
0.0214638
0.0218859
0.0218855
0.0214623
0.0214628
0.0214634
0.0214633
0.0214619
0.0214639
0.0214633
0.0214624
0.0215005
0.0214636
0.0214635
0.0214638
0.0214635
0.0214635
0.0214641
0.0214629
0.0214634
0.0214638
0.0214633
0.0214633
0.0214627
0.0214636
0.0218866
0.0214635
0.0214629
0.0214636
0.0214631
0.0214627
0.0219246
0.0214633
0.021463
0.0219251
0.021464
0.0214641
0.0214626
0.0215
0.0214628
0.0214622
0.0214625
0.0214631
0.0218861
0.0214632
0.0214622
0.0214632
0.0214629
0.0214631
0.0219251
0.0219246
0.0219627
0.0215004
0.0214633
0.0215009
0.0214632
0.0214627
0.0215002
0.0218859
0.0215001
0.0214623
0.0214632
0.0214265
0.0214641
0.0214629
0.0214632
0.0214265
0.0214634
0.0214629
0.0214998
0.0214627
0.0214632
0.0214628
0.0214642
0.0214627
0.0218858
0.0214634
0.0218856
0.0214637
0.0210566
0.0214639
0.0218867
0.0215002
0.0215007
0.0210562
0.0214633
0.0215
0.0214626
0.0214637
0.0214633
0.0214635
0.0214628
0.0219243
0.021501
0.0214637
0.0214633
0.0214622
0.021885
0.0214633
0.0214635
0.0214633
0.0214627
0.0214639
0.0214631
0.0214631
0.0214636
0.0214638
0.0214991
0.0219629
0.0214997
0.0214633
0.0218865
0.0215011
0.0214633
0.0218852
0.0214638
0.0219247
0.0214634
0.0214632
0.0214997
0.0218859
0.0214634
0.0218859
0.0214631
0.0214637
0.0214632
0.0214635
0.0215006
0.0214631
0.0215014
0.0214639
0.0214267
0.0214635
0.0214632
0.021426
0.0214632
0.0214637
0.0214241
0.021463
0.0218867
0.0223665
0.0218853
0.021886
0.0214634
0.0214629
0.0214635
0.0214621
0.0214625
0.0214629
0.0214633
0.0214631
0.0214621
0.021426
0.0214638
0.0218865
0.0214629
0.0218861
0.0214626
0.0218854
0.0223656
0.0219248
0.0214632
0.0214639
0.0214623
0.0214625
0.0214624
0.0214636
0.021463
0.0214637
0.0214632
0.0214999
0.0214629
0.0210561
0.0215009
0.0214635
0.0215
0.0214629
0.0214626
0.0214639
0.0214635
0.0214633
0.021886
0.0214629
0.0214626
0.021886
0.0214632
0.0215007
0.0214628
0.0215012
0.0210561
0.0214637
0.021463
0.0214635
0.0214615
0.021464
0.0214263
0.0214632
0.0218859
0.0214629
0.021886
0.0215005
0.0214634
0.0214637
0.0214625
0.0214634
0.0214639
0.0215001
0.0214636
0.0218858
0.0214266
0.0214635
0.0214996
0.0218863
0.0214621
0.0214261
0.0214633
0.0214636
0.0218857
0.0214631
0.0218862
0.0214622
0.0214632
0.021464
0.0214635
0.0214641
0.021463
0.0215013
0.0215003
0.0214634
0.0215004
0.0214629
0.0215008
0.021464
0.021464
0.0214635
0.021464
0.0214637
0.0214637
0.0214633
0.0214634
0.021463
0.0218873
0.0214999
0.0214626
0.0215001
0.0214999
0.0218866
0.0218854
0.0214631
0.0215002
0.0214626
0.0214629
0.0215002
0.0219625
0.0214998
0.0214634
0.0214641
0.0214997
0.0219617
0.0224456
0.0220302
0.0215647
0.0211188
0.0207161
0.0207161
0.0211192
0.0207166
0.0206892
0.0211185
0.0207163
0.0207413
0.0211184
0.0207427
0.021172
0.0207419
0.0207159
0.0203264
0.0207166
0.0211188
0.0207165
0.0207167
0.0207161
0.0207163
0.0207164
0.0207416
0.0207157
0.0206892
0.0207164
0.0211187
0.0207155
0.0206889
0.020716
0.0207422
0.0207165
0.0207413
0.0207419
0.0207162
0.0207165
0.0207158
0.0207165
0.0207166
0.0206905
0.020716
0.0207155
0.0207161
0.0207162
0.0207154
0.0207154
0.0207153
0.0207163
0.0207154
0.0207152
0.0211186
0.0207156
0.0203034
0.0206902
0.0207158
0.020716
0.0211192
0.0207169
0.0207163
0.0206901
0.0211185
0.0207157
0.0207409
0.0211186
0.0207156
0.0207161
0.0203273
0.0207417
0.0207146
0.0211188
0.0211186
0.0207162
0.0211191
0.0206899
0.0207157
0.0207156
0.0207422
0.0211188
0.0207171
0.0207164
0.0207162
0.0207418
0.0207167
0.0207167
0.020716
0.0211457
0.0207161
0.0211189
0.0207156
0.0207161
0.0211183
0.0206892
0.0207163
0.0211188
0.0207164
0.0207169
0.0211453
0.0215655
0.021118
0.0207161
0.0207152
0.0207161
0.0207155
0.021145
0.020716
0.0207422
0.0207151
0.0207162
0.0207164
0.0207162
0.0207166
0.0211186
0.0207422
0.0207168
0.0207163
0.0207159
0.0207419
0.0207403
0.0211186
0.0211188
0.0207165
0.0207162
0.0207162
0.0207168
0.0207159
0.0207161
0.0207164
0.0206893
0.0207166
0.0207158
0.020741
0.0207152
0.0207161
0.0207158
0.0207423
0.0207168
0.0207164
0.020716
0.020716
0.0207412
0.0207161
0.0211189
0.020716
0.0211456
0.0207161
0.0211184
0.0207156
0.0211191
0.0207166
0.0207162
0.0207422
0.0207158
0.0207418
0.0211727
0.0207415
0.0207159
0.020716
0.0207423
0.0207168
0.0203282
0.0207167
0.0207159
0.0207421
0.0207418
0.0207163
0.0203278
0.0207164
0.0207424
0.0207164
0.0207159
0.0207423
0.0211186
0.020716
0.0207165
0.0207162
0.0207158
0.0211191
0.0207161
0.0207159
0.0206908
0.0207161
0.0211461
0.0207417
0.020715
0.0207157
0.0207164
0.0207155
0.0207158
0.0207162
0.0207157
0.020715
0.0207161
0.020716
0.0207418
0.0207159
0.0207157
0.0207164
0.0207149
0.0207161
0.0207143
0.020716
0.0207151
0.0207419
0.0207159
0.0207158
0.0207417
0.0207165
0.0203286
0.020716
0.0207417
0.020716
0.0207428
0.0207422
0.0211718
0.0207417
0.0207161
0.0207164
0.0207161
0.0206896
0.0207158
0.0207164
0.020742
0.0207163
0.0207418
0.0211187
0.0207161
0.0211456
0.0215644
0.0211179
0.0207155
0.0203282
0.0207161
0.0207157
0.0207158
0.0211182
0.0207162
0.0207161
0.0207163
0.0207169
0.0207163
0.0207155
0.0207161
0.0207155
0.0207164
0.0207153
0.0207159
0.0207414
0.0207163
0.0207425
0.0207163
0.0207158
0.0207168
0.0211191
0.0207166
0.0207157
0.0207157
0.0207421
0.0211729
0.0207419
0.0211192
0.0207167
0.0207159
0.0207154
0.0206902
0.021118
0.0207158
0.0207421
0.0207161
0.0211198
0.0207155
0.0206899
0.0207152
0.0206899
0.0207157
0.0207166
0.0207156
0.0207163
0.0207153
0.0203282
0.0207422
0.0207148
0.0211182
0.0211189
0.0207157
0.0207157
0.0211181
0.0207163
0.0207164
0.0207156
0.0211461
0.0211726
0.0207421
0.0207408
0.020716
0.0203288
0.0207157
0.0207165
0.0207149
0.0207151
0.0207152
0.0211186
0.0207166
0.0207149
0.0207168
0.0207163
0.0207163
0.0211188
0.0207155
0.0203283
0.0207419
0.0211178
0.021118
0.020716
0.0207154
0.0211453
0.0215651
0.0211446
0.0207155
0.0207169
0.0207164
0.0207418
0.0207155
0.0211182
0.0207423
0.0207416
0.0211717
0.0207427
0.0207154
0.0207161
0.0207416
0.0207153
0.0211189
0.0207417
0.0207166
0.0207424
0.0207421
0.0207163
0.0211452
0.0207419
0.0207161
0.0207169
0.0211453
0.0207166
0.020716
0.0211181
0.0207166
0.020716
0.0207146
0.0207161
0.0211182
0.0207166
0.0207162
0.0207158
0.0207158
0.0207162
0.0211193
0.021119
0.0207161
0.0207166
0.0207161
0.020716
0.0207161
0.0207156
0.0207427
0.0207166
0.0207169
0.0207422
0.0211186
0.0207158
0.0207156
0.0207155
0.0211452
0.020716
0.0207163
0.0207158
0.0207159
0.0207167
0.0207162
0.0206898
0.0211185
0.0207158
0.0207162
0.0207156
0.0207162
0.0211182
0.0207167
0.0207158
0.0207163
0.0211189
0.021119
0.0207167
0.0207421
0.0207153
0.0211454
0.0207166
0.0207158
0.0211189
0.0207151
0.0207161
0.0207161
0.0206902
0.0207158
0.0207163
0.0207419
0.0207153
0.0207163
0.0207153
0.0207162
0.0211193
0.0207165
0.020716
0.0207166
0.0207147
0.0207156
0.0207158
0.0211183
0.0207147
0.0211193
0.0207421
0.0211718
0.0207418
0.0207158
0.0203284
0.0207162
0.0207156
0.020716
0.0207163
0.0207152
0.0207161
0.0211455
0.0207156
0.0207159
0.0203292
0.0207159
0.0207157
0.0207161
0.0206902
0.0207158
0.0211194
0.0207168
0.020716
0.0207153
0.0207146
0.0207161
0.0207164
0.0207417
0.0207166
0.0207163
0.0207159
0.0207166
0.020716
0.0211458
0.0207165
0.0207166
0.020716
0.0207418
0.0211728
0.0207424
0.0203288
0.0207168
0.0207158
0.0207161
0.0207163
0.0207162
0.0207152
0.0207417
0.0207153
0.020742
0.021119
0.0207156
0.0203275
0.020742
0.0207422
0.020716
0.0207166
0.0207153
0.0207156
0.020716
0.0207162
0.0207413
0.0207161
0.0211187
0.0207159
0.0211185
0.0207411
0.0207162
0.0211182
0.0207159
0.0207163
0.0207173
0.0207159
0.0207161
0.0207154
0.0207164
0.0207162
0.0207163
0.0207167
0.0207169
0.0207416
0.0207157
0.020715
0.0207423
0.0207155
0.0207164
0.0207423
0.0207159
0.0207417
0.0207164
0.0207153
0.0207156
0.0207152
0.0203284
0.0207159
0.0207159
0.0207164
0.0211189
0.0207155
0.0207411
0.0211186
0.0207159
0.0207423
0.0211189
0.0207164
0.0207417
0.0207159
0.0207174
0.0207168
0.0207151
0.0207155
0.0207158
0.0207172
0.0207171
0.0207167
0.0207161
0.0207154
0.0211178
0.020716
0.0207163
0.0207161
0.0207168
0.0207411
0.0207157
0.0207173
0.0211186
0.0207421
0.020716
0.0207158
0.0207163
0.0207421
0.0207152
0.0207156
0.0207413
0.0207157
0.0207156
0.0207162
0.0207154
0.0207425
0.0207163
0.0207159
0.0211182
0.0207155
0.0207416
0.0207167
0.0207163
0.0207162
0.0207162
0.0207158
0.0211187
0.0211192
0.0211187
0.0207163
0.0211193
0.0207159
0.0207156
0.0207161
0.0207147
0.0211177
0.0211191
0.020716
0.0203289
0.0207159
0.0207164
0.0207403
0.0211188
0.0207417
0.0207412
0.0207424
0.0203292
0.0207162
0.0207164
0.0207165
0.0207162
0.0211185
0.0207167
0.0207417
0.0207155
0.0207149
0.020715
0.0207422
0.0207161
0.0207161
0.0207155
0.0207162
0.0207157
0.0207159
0.021118
0.0211193
0.0207165
0.0207154
0.0207151
0.0207159
0.0207168
0.020717
0.0207158
0.0207164
0.0207422
0.0211186
0.0207167
0.0207161
0.0207156
0.0207166
0.0211185
0.0211187
0.0207166
0.0207164
0.0207151
0.0207163
0.0207156
0.0211187
0.0207423
0.0207153
0.0207161
0.0207156
0.0207161
0.0207161
0.0207158
0.0207165
0.0207154
0.0207413
0.0207163
0.020716
0.0207158
0.0207161
0.0207153
0.0207153
0.0211186
0.0207159
0.0207157
0.0207158
0.0211192
0.0215654
0.0211175
0.0207157
0.020716
0.0207165
0.0207159
0.0207165
0.0207154
0.0211192
0.0207155
0.0207165
0.0211175
0.0206896
0.020715
0.0211188
0.0207161
0.0207163
0.0207161
0.0203289
0.0203289
0.0207159
0.020716
0.020716
0.0207161
0.0207161
0.020716
0.0211181
0.0207159
0.0207168
0.0207154
0.0207155
0.0207161
0.0206898
0.0207161
0.0207162
0.0207156
0.0207162
0.0207163
0.0207166
0.0207158
0.020716
0.0207155
0.0207154
0.0207165
0.0207415
0.0207158
0.020716
0.0207155
0.0211178
0.0207163
0.0207171
0.0207418
0.020716
0.0207163
0.0207163
0.0211182
0.020716
0.0211191
0.0207164
0.0207161
0.0211183
0.0207156
0.0207151
0.0211185
0.0207167
0.0207167
0.0207152
0.0207157
0.0207153
0.0207169
0.0207163
0.0207421
0.0207156
0.020716
0.0207415
0.0207169
0.020716
0.0207419
0.0211183
0.021564
0.0211184
0.020716
0.0206901
0.0211196
0.0207414
0.0207151
0.0211183
0.0207157
0.0203281
0.0207161
0.0211185
0.0207422
0.0207155
0.0207156
0.0207152
0.0211186
0.0207166
0.0207161
0.0211185
0.0207162
0.0207157
0.0207417
0.0207423
0.0203286
0.0207425
0.0207419
0.0207152
0.0211178
0.0207161
0.0206896
0.0207166
0.020716
0.0211188
0.0207415
0.0211188
0.0207166
0.0207166
0.0207161
0.0207166
0.0207156
0.0207163
0.0206895
0.0207161
0.0211175
0.0207156
0.0203287
0.0207159
0.0207165
0.0207163
0.0207158
0.0207158
0.0206892
0.0207157
0.0207163
0.0207161
0.0211188
0.0207158
0.021119
0.0207413
0.0207165
0.0207153
0.0207161
0.0207163
0.0207155
0.0207153
0.0207162
0.0207164
0.0207161
0.0207162
0.0207153
0.0207421
0.0207417
0.0207158
0.0206902
0.021119
0.0207152
0.0207151
0.0211185
0.0207159
0.0206906
0.0207158
0.0211193
0.0211185
0.0207159
0.0207159
0.0206894
0.0207166
0.0207161
0.02069
0.0207158
0.0207157
0.0207161
0.0207159
0.0207426
0.0207157
0.0207154
0.0207161
0.0207148
0.0207156
0.0206898
0.0211191
0.0207164
0.0211183
0.0211191
0.0207164
0.0207166
0.0207427
0.0207164
0.020742
0.020742
0.0211174
0.0206896
0.0207168
0.0207164
0.0211182
0.0207158
0.021119
0.020716
0.020716
0.0207154
0.020715
0.0207156
0.0203278
0.020716
0.0207163
0.0211182
0.0207162
0.0206891
0.0207161
0.0207166
0.0207156
0.0207151
0.0207165
0.0207154
0.0207426
0.0207162
0.0207423
0.0207163
0.0211181
0.0207157
0.020715
0.0207167
0.0207421
0.0211188
0.021119
0.0207156
0.020716
0.0211188
0.0207417
0.0207161
0.0211194
0.0215651
0.0211456
0.0211178
0.0207158
0.0207162
0.0207164
0.0207164
0.0207161
0.0211191
0.020716
0.0203279
0.0207164
0.0207165
0.0207155
0.0207158
0.0207166
0.0211181
0.0207159
0.0207412
0.0211721
0.0207426
0.0207155
0.0207158
0.020742
0.0207419
0.0207154
0.0207162
0.0207415
0.0207165
0.0207167
0.0211188
0.0207152
0.020716
0.0207163
0.0207168
0.0207423
0.0207159
0.0207163
0.020716
0.0207156
0.0207415
0.020716
0.0207418
0.0203289
0.0207157
0.020716
0.0207156
0.0207166
0.0207158
0.0211192
0.0211173
0.0207417
0.0207416
0.0211717
0.020742
0.0207153
0.0207166
0.0207154
0.0207162
0.0207157
0.020328
0.0207166
0.0207164
0.020716
0.0207162
0.0207164
0.0211193
0.0207156
0.0211444
0.0211187
0.0207164
0.0207168
0.0207159
0.0207166
0.020717
0.0207153
0.020716
0.020716
0.020715
0.0207412
0.0207159
0.0207156
0.0207162
0.0207161
0.0211191
0.0207159
0.0207153
0.020716
0.0207164
0.0207165
0.0207418
0.0203277
0.0207417
0.0211179
0.0207159
0.0206885
0.0207161
0.0207163
0.0211185
0.0207167
0.020716
0.0207166
0.0207422
0.0207161
0.0203278
0.0207154
0.0211191
0.0207166
0.0207152
0.0207167
0.020715
0.0207156
0.0207173
0.0207161
0.0203281
0.0207165
0.0207166
0.0207153
0.0207159
0.020716
0.0211443
0.0207163
0.0207163
0.0207421
0.0211184
0.020689
0.0207149
0.0211177
0.0207407
0.0207154
0.0211194
0.0207163
0.0207421
0.020742
0.0203281
0.0207164
0.0207164
0.0211439
0.0211723
0.020741
0.0207158
0.0207162
0.020716
0.0211186
0.0211189
0.0211184
0.0207165
0.0207416
0.0211185
0.020741
0.0207163
0.020715
0.0207155
0.0207157
0.0207155
0.0207162
0.0207164
0.0207157
0.020716
0.0207161
0.0207419
0.0211454
0.021564
0.0211184
0.020717
0.0207162
0.0211183
0.0207154
0.0207163
0.0207156
0.0207157
0.0207157
0.0207158
0.020328
0.0207136
0.0207149
0.0211181
0.0207144
0.020742
0.020742
0.0211191
0.0207159
0.0207159
0.0207157
0.0207163
0.0207415
0.0207154
0.0207156
0.0207156
0.0207168
0.0207163
0.0207164
0.0211192
0.0207157
0.0207173
0.0211188
0.0207157
0.0207416
0.0207154
0.0211186
0.0207151
0.0207165
0.0207161
0.0207162
0.0207159
0.0207164
0.0207159
0.0207157
0.0207162
0.0211191
0.0207169
0.0211189
0.0207424
0.0207158
0.0207156
0.0207156
0.0206905
0.0207153
0.0203283
0.020716
0.0207168
0.0203283
0.0207156
0.0207419
0.0207156
0.0207409
0.0207421
0.0207149
0.0211182
0.0207158
0.0207165
0.0211191
0.021119
0.0206888
0.0211171
0.0207169
0.0207426
0.0207157
0.0207417
0.0207156
0.0207165
0.021145
0.0207161
0.0207162
0.0211453
0.0207161
0.0207168
0.0207422
0.0207157
0.020716
0.0207162
0.02069
0.020716
0.0207158
0.0207162
0.0211183
0.021565
0.0211187
0.0207421
0.0207165
0.0207416
0.0207162
0.0207162
0.0207156
0.0211192
0.0207413
0.0203279
0.0207158
0.0207154
0.020328
0.0207165
0.0207422
0.0207424
0.0203284
0.0207158
0.0207156
0.0207146
0.0207416
0.0207155
0.0207419
0.0207157
0.0207166
0.0207167
0.0207156
0.0211183
0.0207167
0.0207426
0.020716
0.0207153
0.0207162
0.020742
0.0207162
0.0207166
0.0207157
0.0207168
0.0207161
0.020689
0.0207163
0.0207168
0.0207162
0.0207159
0.0207166
0.0207421
0.0207165
0.0206895
0.020716
0.0206897
0.0207159
0.0211178
0.0211185
0.0207159
0.0207154
0.0207158
0.0207157
0.0211188
0.0207158
0.0207427
0.0207168
0.0207159
0.0203283
0.0207163
0.0207161
0.0211188
0.0207158
0.0211183
0.0207165
0.0211193
0.0207164
0.0206898
0.0207158
0.0207154
0.0207163
0.0207164
0.0207157
0.0211188
0.0206901
0.020716
0.0207164
0.020716
0.0207416
0.0207159
0.0207148
0.0207165
0.0207158
0.0207159
0.0207161
0.0206896
0.0207153
0.0211173
0.020716
0.0207153
0.0211461
0.0211182
0.0207157
0.0207166
0.0207148
0.0203287
0.0207161
0.0207162
0.0206903
0.0206902
0.0206904
0.0207168
0.0207167
0.02069
0.0211192
0.0206903
0.0207166
0.0207166
0.0207427
0.0207157
0.0207167
0.0207416
0.0211186
0.0207158
0.0207168
0.0207163
0.020716
0.0207161
0.021119
0.0207163
0.0203029
0.0207157
0.0211185
0.0207164
0.0207413
0.0203279
0.0207417
0.0211188
0.0207163
0.0211458
0.0211177
0.021118
0.0207162
0.0203272
0.0207161
0.0203276
0.0207152
0.0207168
0.0211459
0.020716
0.0207154
0.0207154
0.0207163
0.0206889
0.0207148
0.0207155
0.0207156
0.0207142
0.0207154
0.0207163
0.0207165
0.0211186
0.0215645
0.021119
0.0207161
0.020716
0.0207161
0.0207422
0.0207158
0.0203279
0.0207164
0.0207165
0.0207157
0.0207162
0.0207151
0.0207428
0.0207424
0.0207165
0.0207162
0.0206901
0.0207161
0.0207162
0.0207147
0.0207163
0.0207161
0.020716
0.0207167
0.0207163
0.0207404
0.0207162
0.0211188
0.0207415
0.0211189
0.0207146
0.0211187
0.0207165
0.0207168
0.0207159
0.0207154
0.0203281
0.0207415
0.0207159
0.0207421
0.0203278
0.0207157
0.0207165
0.0207163
0.0207163
0.0207161
0.0207164
0.0211184
0.0207165
0.020742
0.0207153
0.0211196
0.0207165
0.0206903
0.0203261
0.0207155
0.0207162
0.0203277
0.0207161
0.0207162
0.0207157
0.0211186
0.0207166
0.0207426
0.0211463
0.0207159
0.0211185
0.0207165
0.0207164
0.020716
0.0207154
0.0207417
0.020716
0.0207163
0.021119
0.0207422
0.0207166
0.0207167
0.0207158
0.0207158
0.020716
0.020716
0.020716
0.0207152
0.020716
0.0211173
0.021118
0.0207162
0.020742
0.0207166
0.0211186
0.0207418
0.0207153
0.0207168
0.0207164
0.0207157
0.0207156
0.0207153
0.0207158
0.0207155
0.0211186
0.0215653
0.0211456
0.0207166
0.0206898
0.020717
0.0207163
0.0207422
0.0207156
0.020716
0.0207161
0.0207166
0.020742
0.0207155
0.0207163
0.0207161
0.0207161
0.0207147
0.020742
0.0203284
0.0207161
0.0207157
0.0207159
0.0206906
0.0207153
0.0207423
0.0211181
0.0207165
0.0207152
0.0207152
0.0211187
0.0207153
0.0207161
0.0207164
0.0207161
0.020741
0.0211191
0.0207163
0.0206902
0.0211189
0.0207426
0.0211726
0.021146
0.0207421
0.0211183
0.0207165
0.0207167
0.0207156
0.0211184
0.0206908
0.0207161
0.0203276
0.0207421
0.0207155
0.0207153
0.0207167
0.0207171
0.0211452
0.0215655
0.021119
0.0207162
0.0211181
0.0207155
0.0211185
0.0207162
0.0207154
0.0207164
0.0207166
0.0207166
0.0207168
0.0207156
0.0211196
0.0211178
0.0215643
0.0211173
0.0207161
0.0207119
0.0211188
0.0207156
0.0211187
0.020716
0.0207152
0.0207427
0.0207161
0.020716
0.0211179
0.020716
0.021118
0.0207417
0.0211188
0.0211182
0.0207162
0.020742
0.0211194
0.0207161
0.0207161
0.0207422
0.0203279
0.0207164
0.0207419
0.020716
0.0207165
0.0207155
0.0207416
0.0207155
0.0207163
0.0207161
0.0207415
0.021145
0.0211184
0.020715
0.0207419
0.0207162
0.0211181
0.020716
0.020742
0.0211183
0.0207159
0.0207167
0.0207162
0.0207165
0.0207161
0.020715
0.0207158
0.0207161
0.020716
0.0207414
0.0207166
0.0207426
0.0211188
0.0207166
0.0207164
0.020716
0.0207164
0.0207158
0.0207165
0.0211186
0.0207163
0.020717
0.0207157
0.020742
0.0203283
0.0207157
0.0207162
0.0207158
0.0211192
0.020716
0.020716
0.0207159
0.0207414
0.0207421
0.0203274
0.020715
0.0207159
0.0207162
0.0207416
0.0211727
0.0207406
0.0207156
0.0206897
0.0207162
0.0211455
0.0207422
0.0211183
0.0215656
0.0211452
0.0207416
0.0207149
0.0211183
0.0207406
0.0203284
0.020716
0.0207168
0.0207167
0.0211196
0.0207159
0.0207162
0.0207162
0.0211187
0.0207163
0.0207158
0.0207159
0.0207424
0.0207164
0.0207162
0.0207164
0.020716
0.0211188
0.0207163
0.0207156
0.0211182
0.0207165
0.0207164
0.0206898
0.0207167
0.020716
0.0207161
0.020716
0.0207165
0.0207422
0.0203287
0.0207159
0.0207415
0.021119
0.0207165
0.0206894
0.0207162
0.0211192
0.0215644
0.0211188
0.0207423
0.0211188
0.0206894
0.0211183
0.0207161
0.020716
0.0207168
0.0207155
0.0207153
0.0207156
0.0207165
0.0207161
0.0211181
0.0206904
0.0211185
0.0207418
0.021119
0.0211185
0.0207158
0.0211185
0.0207157
0.0207168
0.0206898
0.0207168
0.0207155
0.0207154
0.0207152
0.0211183
0.0215652
0.0211185
0.0207417
0.0207407
0.0207171
0.0207163
0.0207156
0.0207425
0.0207161
0.0211185
0.0207421
0.020716
0.0211186
0.0207157
0.020688
0.0207165
0.0207162
0.0211193
0.0207157
0.0207159
0.0211182
0.0207152
0.0207154
0.0207155
0.0207156
0.0207165
0.0211178
0.0207157
0.0207155
0.0207164
0.0207155
0.0207157
0.020715
0.0207159
0.0207169
0.0203273
0.0207423
0.0207156
0.0207157
0.0211191
0.0207165
0.0207163
0.020717
0.0211182
0.0207162
0.0207152
0.0207155
0.0207155
0.0207423
0.0207153
0.0207166
0.0207162
0.0211186
0.0211176
0.0211178
0.020716
0.0203012
0.0207158
0.0207161
0.0203283
0.0207153
0.0207163
0.0207163
0.0207152
0.0206901
0.0211175
0.0207161
0.0211187
0.0207422
0.0207145
0.0207409
0.0207419
0.0207156
0.0207159
0.0207428
0.0211183
0.0211189
0.0207166
0.0211181
0.0207155
0.0207417
0.0207154
0.0207162
0.0207158
0.0207154
0.0207151
0.0207167
0.0207154
0.0207159
0.0211181
0.0207425
0.0211728
0.0211453
0.0207169
0.0203288
0.020716
0.0207165
0.020716
0.0207158
0.0207165
0.0207162
0.0207161
0.0207154
0.0207161
0.0211189
0.0207156
0.0207159
0.0207158
0.0207146
0.0207159
0.0207165
0.0207162
0.0203278
0.020741
0.020742
0.0207165
0.0207166
0.0207166
0.0207162
0.0207422
0.0207154
0.0206894
0.0211191
0.0211183
0.020716
0.0207156
0.0207157
0.0207161
0.0203026
0.0207166
0.0207161
0.0207159
0.0207161
0.0207159
0.0207159
0.0211198
0.020716
0.0207146
0.020742
0.0207166
0.0207162
0.0207422
0.0207163
0.0207164
0.0206897
0.0207161
0.0211188
0.0207156
0.0211186
0.0207163
0.0207157
0.0211186
0.0207168
0.020691
0.0207165
0.0207166
0.0207156
0.0207164
0.0207168
0.0207158
0.0207163
0.0207173
0.0207165
0.020716
0.0207157
0.0211191
0.0206905
0.0207164
0.0203273
0.0207147
0.0211185
0.021564
0.0211454
0.0207154
0.0207158
0.0207421
0.0207159
0.0207163
0.0207158
0.0207426
0.0207162
0.0206896
0.0207163
0.0207421
0.0207162
0.0207151
0.0207164
0.0207163
0.0207165
0.0207162
0.0207155
0.0207152
0.020716
0.0207161
0.0207164
0.0211185
0.0206905
0.0207163
0.0207152
0.0207159
0.0207423
0.0211724
0.0207414
0.0207157
0.0207153
0.0206905
0.0207163
0.0211183
0.0207161
0.0207156
0.0207155
0.0211184
0.0211191
0.0211464
0.0207156
0.0207148
0.0207422
0.0207423
0.0207162
0.0207163
0.0207154
0.0207155
0.0211181
0.0207421
0.0207158
0.0206894
0.0207163
0.0207162
0.0207422
0.0207164
0.0207159
0.0207411
0.0211187
0.020716
0.0207163
0.0207415
0.020716
0.0207163
0.0211189
0.0207166
0.0207166
0.0207152
0.0207165
0.020716
0.0207162
0.0207169
0.0207162
0.0207161
0.0207154
0.0207161
0.0207163
0.0207156
0.020742
0.0207403
0.0207162
0.0207163
0.0207157
0.0207157
0.0207153
0.0207153
0.0207162
0.0207162
0.0207159
0.0207422
0.0207417
0.0211191
0.020742
0.020742
0.0207164
0.0206901
0.0207157
0.0207155
0.0207164
0.0211187
0.0207161
0.0207157
0.0203276
0.0207158
0.0207423
0.0207415
0.0211188
0.0207156
0.0207159
0.0207165
0.0207166
0.0207159
0.0207424
0.020716
0.0203285
0.0207162
0.0207164
0.0207156
0.0207161
0.0207416
0.0207158
0.0207423
0.0207414
0.0207162
0.0206891
0.0207157
0.0207164
0.0207159
0.0206898
0.0207167
0.0207164
0.0207424
0.0207423
0.0207159
0.0207162
0.0207152
0.021118
0.0207162
0.020715
0.0207161
0.0207158
0.0207153
0.0206899
0.0207157
0.020716
0.0203274
0.0207152
0.0207148
0.02069
0.0207156
0.020716
0.0207146
0.0207159
0.0207165
0.0207164
0.020716
0.0211192
0.0207161
0.0211455
0.021119
0.020716
0.0207155
0.0207153
0.020742
0.0207161
0.0207426
0.0207158
0.0207149
0.0207157
0.0211456
0.0207166
0.0207163
0.02069
0.0207147
0.0207164
0.0207157
0.0207166
0.0207165
0.0211192
0.0215653
0.0211187
0.0207156
0.0207166
0.0207412
0.0207167
0.0207161
0.0207159
0.0211193
0.0207421
0.0211723
0.0216204
0.0212168
0.0207842
0.0203705
0.0200043
0.020404
0.0200039
0.0199882
0.0199879
0.0199883
0.0199878
0.0203697
0.0199876
0.0203884
0.0199876
0.0199886
0.0196192
0.0199877
0.0199716
0.0199878
0.0199878
0.0199882
0.0203703
0.0199882
0.0199875
0.0199879
0.0199876
0.0199883
0.0199887
0.0199877
0.0203698
0.0199878
0.0199874
0.0196026
0.019988
0.0203871
0.0199884
0.0196194
0.0200041
0.020004
0.0196187
0.0199877
0.0199877
0.0199721
0.0199882
0.019988
0.0199875
0.0199715
0.0199879
0.019988
0.0199878
0.0200041
0.0200039
0.0203875
0.020371
0.0199884
0.0196189
0.019988
0.0199868
0.0200036
0.0199882
0.019988
0.0199871
0.0199881
0.0199876
0.0199884
0.0199877
0.0199873
0.0199873
0.0196192
0.0199873
0.0203702
0.0199877
0.0199878
0.019988
0.0199881
0.0199889
0.0199878
0.0199882
0.0199884
0.0203873
0.0199885
0.0196191
0.019972
0.0196037
0.0199874
0.0199877
0.0199711
0.0199874
0.0199876
0.0199881
0.0199882
0.0199881
0.0199881
0.0203704
0.0199879
0.0199879
0.019619
0.0199881
0.0200039
0.0199884
0.0196191
0.0199879
0.020003
0.0196197
0.0199882
0.0196188
0.0199883
0.0199699
0.0196199
0.0199883
0.0199881
0.0199878
0.0199882
0.0199878
0.0199883
0.0196189
0.0199883
0.019987
0.0200036
0.0199876
0.0196184
0.0199876
0.0199878
0.0200034
0.0199881
0.0199874
0.0199876
0.0200041
0.0203871
0.019988
0.0199881
0.0199883
0.0199868
0.0199878
0.0200041
0.0199879
0.0200042
0.0199881
0.0200044
0.0199883
0.0199885
0.0199877
0.0203709
0.0199881
0.0199879
0.0199877
0.0203708
0.0199872
0.0196183
0.020004
0.0199882
0.0199884
0.0199869
0.0199874
0.0199877
0.0203707
0.0199876
0.0199878
0.019988
0.0196197
0.0199885
0.019972
0.02037
0.0203704
0.0200044
0.0199886
0.0199881
0.0199885
0.0203714
0.0199878
0.0199711
0.019988
0.0200041
0.0199878
0.019988
0.0200037
0.0196192
0.0200043
0.020404
0.0200036
0.0199881
0.0199886
0.0199884
0.0199875
0.0196179
0.0200044
0.0200035
0.0200036
0.0199878
0.0200034
0.02037
0.0199884
0.0199876
0.0203697
0.0199875
0.0199874
0.0199716
0.0199876
0.0199883
0.0196197
0.0199884
0.0199881
0.0200047
0.0199882
0.0199882
0.0196182
0.0199877
0.019988
0.0199884
0.0203713
0.0199877
0.019988
0.0199884
0.0199886
0.0199881
0.0199883
0.0203707
0.0203701
0.0199718
0.0196191
0.0200041
0.0199876
0.0199877
0.0199874
0.0199879
0.0199883
0.0203699
0.020785
0.0203706
0.0199868
0.0199878
0.0199887
0.0199879
0.0200038
0.0199881
0.0199875
0.0203877
0.0203878
0.0199883
0.0196189
0.0200042
0.0203707
0.019988
0.0199878
0.0196195
0.0196193
0.0199881
0.0203709
0.0200034
0.020004
0.0199885
0.019988
0.0199875
0.0203874
0.0199887
0.0200038
0.0199883
0.0199884
0.0199885
0.0200039
0.0200046
0.0199886
0.0199876
0.019988
0.0199883
0.019988
0.0199875
0.0199881
0.0199879
0.0199882
0.0199881
0.0199871
0.0199875
0.0199881
0.0200027
0.0204044
0.0203871
0.0203708
0.0207853
0.0203875
0.0200038
0.0203704
0.019988
0.0199885
0.020371
0.0200044
0.0200032
0.0199878
0.019988
0.0199885
0.0199879
0.0199877
0.0199883
0.0199881
0.0203711
0.020004
0.0199876
0.019988
0.0200043
0.0203875
0.0200044
0.0199871
0.0199877
0.0199882
0.0199879
0.0203706
0.0200038
0.0196191
0.0200035
0.019986
0.020371
0.0203876
0.0199876
0.019988
0.0199877
0.0203874
0.0199876
0.0199875
0.019988
0.0199873
0.0199879
0.0199872
0.0200045
0.0199871
0.0199868
0.019988
0.0199873
0.0199888
0.0199876
0.0199887
0.0199881
0.0203872
0.0200042
0.0203708
0.0199881
0.0199874
0.0199882
0.0199873
0.0203707
0.019988
0.0199876
0.0199873
0.0199878
0.0199862
0.0196193
0.0199875
0.0199876
0.0199879
0.0203708
0.0199873
0.0199879
0.0199876
0.0203699
0.0207856
0.0203699
0.0199877
0.019988
0.0199878
0.0199862
0.0199883
0.0196189
0.0200048
0.0199879
0.0200031
0.0199878
0.0199881
0.0199877
0.0199877
0.019619
0.0199885
0.0203709
0.0199885
0.0199879
0.0199879
0.019988
0.019988
0.0200041
0.0203706
0.0199882
0.0199703
0.0199881
0.0199875
0.0200037
0.0199882
0.0199881
0.0199874
0.0203693
0.0200029
0.0199875
0.0200034
0.0196193
0.0199884
0.0196194
0.0199882
0.0199877
0.0203705
0.0203709
0.0199874
0.019988
0.0199877
0.0199704
0.0199877
0.0203708
0.0199883
0.0199885
0.0203707
0.0199884
0.0199876
0.0199879
0.0200044
0.0199883
0.0199882
0.0199885
0.0199884
0.0199875
0.0199883
0.0196193
0.019988
0.0199885
0.019988
0.0199873
0.0199867
0.0199879
0.0199885
0.0199881
0.0200039
0.0204042
0.0200046
0.0199884
0.0199885
0.0200037
0.0199873
0.0196005
0.0199879
0.019988
0.019988
0.0199887
0.0199871
0.0196038
0.0199881
0.0203707
0.019988
0.020004
0.0199874
0.0200045
0.0199879
0.0199882
0.020004
0.0199871
0.0199872
0.020004
0.0200038
0.0199886
0.0199878
0.0196193
0.0199877
0.0200041
0.019988
0.0199873
0.0199882
0.0203704
0.0199878
0.0199879
0.0199886
0.0200035
0.0199883
0.0200044
0.0199879
0.019988
0.0199884
0.0199876
0.0196181
0.0200031
0.0199879
0.0203708
0.0199876
0.0199881
0.0199884
0.0199868
0.0199882
0.0203708
0.0199879
0.0199873
0.0196189
0.0199885
0.0199879
0.0199872
0.0199883
0.0200044
0.0196186
0.0199878
0.0199879
0.0200047
0.0199883
0.0199874
0.0196189
0.0199881
0.0203704
0.0200042
0.0199873
0.0203706
0.0200036
0.0199872
0.0199882
0.0196196
0.0199887
0.0199878
0.0196184
0.0199883
0.0199881
0.0199887
0.0199877
0.0196186
0.0199886
0.0199878
0.0199882
0.0199883
0.0199879
0.019988
0.0199871
0.0199881
0.0199715
0.0196186
0.0199884
0.020004
0.0199874
0.0199867
0.0199877
0.0199889
0.0200041
0.0199876
0.0199876
0.0200029
0.0204041
0.0200043
0.0199868
0.0199873
0.0199865
0.0199877
0.0199878
0.0200036
0.0199885
0.0199879
0.0199881
0.0196191
0.0200037
0.019988
0.0199876
0.0199885
0.0196189
0.0199879
0.0203694
0.0207856
0.0203707
0.0199871
0.019988
0.0203879
0.0200042
0.0196193
0.0199879
0.0200044
0.0203712
0.0199883
0.0199879
0.0199879
0.0199877
0.0203706
0.0199718
0.019989
0.0199881
0.0203878
0.019988
0.0199876
0.0199878
0.0199884
0.0199871
0.0200039
0.0199882
0.0199886
0.0199882
0.0199878
0.020004
0.0200042
0.0199879
0.0199869
0.0200036
0.0199885
0.0199878
0.0199878
0.0199872
0.019988
0.019988
0.0199879
0.020004
0.0196182
0.0199876
0.0199883
0.019971
0.0199882
0.0199875
0.0199876
0.0199881
0.0203699
0.0199882
0.0196199
0.0199873
0.0196186
0.0199884
0.0199887
0.0199883
0.0200048
0.0199881
0.0199884
0.0199879
0.0199882
0.0199886
0.0199878
0.0199881
0.0199878
0.0200033
0.0199878
0.0199878
0.0199882
0.0200038
0.0204038
0.020004
0.0199882
0.0199876
0.0199881
0.0203717
0.0199868
0.0203706
0.0199877
0.0199882
0.0196191
0.0199882
0.0203868
0.0199874
0.0199881
0.0200043
0.0199871
0.0199871
0.0199876
0.0203707
0.019988
0.0200039
0.019988
0.0196194
0.0200032
0.0199883
0.020371
0.0200041
0.0203716
0.0200044
0.0200045
0.01962
0.0199877
0.0200043
0.0196195
0.0199883
0.0200041
0.0196192
0.0199879
0.0196189
0.0199878
0.0199882
0.0199882
0.019988
0.0200042
0.0199874
0.0199882
0.0199876
0.0199882
0.0199882
0.0196186
0.0200037
0.0203716
0.0200047
0.0199876
0.0203703
0.0200044
0.0203876
0.0203712
0.0199879
0.0199878
0.0199882
0.0200038
0.0199879
0.0199875
0.0199878
0.0196032
0.0199875
0.0199881
0.0199884
0.0199885
0.0203701
0.0199886
0.0199877
0.0203703
0.0207858
0.0203704
0.0199878
0.0199874
0.0199875
0.019987
0.0199877
0.019988
0.0203876
0.0199871
0.0199878
0.0199883
0.019988
0.0199884
0.0199879
0.0199877
0.0200042
0.0199871
0.0200038
0.0199876
0.0199882
0.0199873
0.0199878
0.0199713
0.0199718
0.0199712
0.0203707
0.0199876
0.0203879
0.0199876
0.0199882
0.0199872
0.019988
0.0199874
0.019988
0.019988
0.019988
0.0196185
0.0199724
0.0199885
0.0199882
0.0199886
0.0199883
0.0199882
0.0199884
0.0199874
0.0199882
0.0203709
0.0200044
0.0199883
0.0199886
0.0199876
0.0203704
0.0199878
0.0196184
0.0199878
0.0199881
0.0199875
0.0199879
0.0196194
0.0199876
0.0200047
0.0199885
0.0199876
0.0199881
0.0199885
0.0199881
0.0199869
0.0199877
0.0203701
0.0200033
0.0196178
0.0199878
0.019988
0.019988
0.0200038
0.0203871
0.0199882
0.0199878
0.0196184
0.0196186
0.0199879
0.0203708
0.0199882
0.020371
0.019988
0.0199878
0.0199878
0.0199871
0.0203705
0.0199878
0.0203706
0.0207859
0.0203706
0.019988
0.0199876
0.0199875
0.0199878
0.0199879
0.0199878
0.0199878
0.0196189
0.019988
0.0199877
0.0200042
0.0199877
0.0200042
0.0199884
0.0199883
0.0200038
0.0204039
0.0200032
0.0199877
0.0199874
0.0203873
0.0199881
0.0199871
0.0199873
0.0199872
0.0203875
0.0199888
0.019987
0.0203713
0.0199884
0.0199877
0.0200031
0.0199881
0.0199883
0.0196194
0.0200041
0.0199875
0.0199873
0.0199875
0.0199881
0.0199881
0.0199879
0.0199717
0.0199878
0.0199872
0.0200037
0.0203694
0.0199872
0.0200041
0.0199878
0.019988
0.0199873
0.0199719
0.0199873
0.0199872
0.0200039
0.0199878
0.0199863
0.0200043
0.0199876
0.0203705
0.0207857
0.0203698
0.0199879
0.0199877
0.0199884
0.0196196
0.019988
0.0203714
0.0199883
0.019988
0.0203707
0.0203708
0.0199879
0.0203703
0.0199883
0.0199877
0.0196188
0.020004
0.0199889
0.0196196
0.0199871
0.0200046
0.0199881
0.0199878
0.0199876
0.0200043
0.0199874
0.0196189
0.0199875
0.0199879
0.0199879
0.0196195
0.0199886
0.0199879
0.0199877
0.019988
0.0199875
0.0199879
0.0199879
0.019988
0.0203706
0.0199876
0.0199882
0.0199878
0.0203688
0.019987
0.0200043
0.0199874
0.019988
0.0199874
0.0199879
0.0200043
0.0199883
0.0200045
0.0203709
0.0199873
0.0199881
0.0196182
0.0199878
0.0203713
0.0199877
0.0199876
0.0199867
0.0199879
0.0196197
0.0199877
0.019988
0.0200023
0.019988
0.0199705
0.0199879
0.0199887
0.0199879
0.019988
0.0199881
0.0200034
0.0196192
0.0199885
0.019619
0.0199885
0.0200041
0.0199876
0.0199721
0.0196194
0.0200042
0.0199884
0.0203703
0.0199873
0.0199876
0.0203711
0.0199713
0.0199723
0.0199878
0.0199865
0.0199869
0.0199885
0.0200038
0.0204045
0.0200041
0.0199884
0.0199889
0.0199885
0.0203881
0.019987
0.0203872
0.0199874
0.0200038
0.0199879
0.0199882
0.0199873
0.0199885
0.0200039
0.0199872
0.0203707
0.020004
0.0199879
0.0203711
0.0199881
0.0199875
0.0199879
0.0199879
0.0196191
0.0199877
0.0199882
0.0199882
0.0203699
0.0200042
0.0196189
0.019988
0.0200045
0.0199877
0.0199884
0.0200033
0.0203706
0.019988
0.0199877
0.0199881
0.0199884
0.0199875
0.0200029
0.0200037
0.0203707
0.0207861
0.0203707
0.0203706
0.020785
0.0203703
0.0199874
0.0199884
0.0199878
0.0200046
0.0199873
0.019988
0.0199883
0.0199876
0.0199877
0.0199881
0.0199874
0.0196035
0.0199871
0.019971
0.0199875
0.0199878
0.0199879
0.0200041
0.0199882
0.0199876
0.0199884
0.0199884
0.0200042
0.0199886
0.0196192
0.0199879
0.0196183
0.0200032
0.0199876
0.0200044
0.0199873
0.0199882
0.0199878
0.0196192
0.0199885
0.019988
0.019988
0.0199878
0.0196183
0.0200036
0.0199876
0.0199884
0.0199878
0.0196191
0.019619
0.019988
0.0199875
0.0199878
0.0199879
0.019988
0.0199879
0.019988
0.0199875
0.0203699
0.0199885
0.0199884
0.0199876
0.0199874
0.0203693
0.0199874
0.0199874
0.0196191
0.0199879
0.0200044
0.0199881
0.0199878
0.0199868
0.0200041
0.0203708
0.0200042
0.0200042
0.0203707
0.0199885
0.0203703
0.0199882
0.0199881
0.0200047
0.020371
0.0199876
0.0199876
0.019988
0.0199713
0.0203704
0.019988
0.0199883
0.0196195
0.0196189
0.0199879
0.0203708
0.0203708
0.0199878
0.0199879
0.019988
0.0199878
0.0199879
0.0203707
0.0199877
0.0199885
0.0196186
0.019988
0.019988
0.0199872
0.0199887
0.0199883
0.0199876
0.0199878
0.0199883
0.0199879
0.019988
0.0199877
0.0200034
0.0199876
0.019988
0.019988
0.0199873
0.0199881
0.0199879
0.0200039
0.0204043
0.0200038
0.019619
0.0199881
0.019988
0.019988
0.0200036
0.019988
0.0199878
0.0199875
0.0196179
0.0199873
0.019987
0.0199881
0.019619
0.0200043
0.0196177
0.0196018
0.0199877
0.0199884
0.0199878
0.020371
0.0203712
0.0199873
0.0203711
0.0199882
0.0199881
0.0199877
0.0199874
0.0199879
0.0199872
0.0199881
0.0200035
0.0199881
0.019988
0.0199878
0.0199717
0.0199881
0.0200033
0.0203704
0.0199872
0.0199881
0.0199879
0.0200041
0.019988
0.0200031
0.0204041
0.0200044
0.0200043
0.0199877
0.0199883
0.0200042
0.0199878
0.0203705
0.0199883
0.019988
0.020371
0.0200037
0.019619
0.0199874
0.0200043
0.0200041
0.0196182
0.0199885
0.0199884
0.0196197
0.0199876
0.0199882
0.0203702
0.0199884
0.019987
0.0199883
0.0200047
0.0199879
0.0199886
0.020371
0.0199875
0.0200038
0.019988
0.0199721
0.0199878
0.0199878
0.0199884
0.0199871
0.0199876
0.0199885
0.0203704
0.0199882
0.0199881
0.0199878
0.0199884
0.0199877
0.0199879
0.0196188
0.0199713
0.0203705
0.0199884
0.020388
0.0199886
0.0199879
0.0199876
0.0199882
0.0199888
0.0199879
0.0199877
0.0199715
0.0199871
0.0199883
0.0199878
0.0199878
0.0199877
0.0199879
0.0199884
0.019988
0.0203696
0.0199875
0.0199879
0.020004
0.0199882
0.0199887
0.0199711
0.0199878
0.0199882
0.0199715
0.0199879
0.0199881
0.0199716
0.0203701
0.0199875
0.0199874
0.0199874
0.0199875
0.0199877
0.0203694
0.0199878
0.0199883
0.0199877
0.0199882
0.0199885
0.0199881
0.0199884
0.0200043
0.0204041
0.0200036
0.019986
0.0199876
0.0196187
0.0200042
0.0196184
0.0199884
0.0199881
0.0199882
0.0199878
0.0199886
0.0199887
0.0199882
0.0203878
0.0200037
0.0196192
0.0199879
0.0203699
0.0207849
0.0203877
0.0199877
0.0199884
0.0199883
0.0199878
0.0199868
0.0203706
0.0199878
0.0199877
0.0203697
0.0200035
0.0199878
0.0199881
0.019988
0.0199882
0.019619
0.0196194
0.0199869
0.0200031
0.0199875
0.0203695
0.0199881
0.0199877
0.0199876
0.0199884
0.0199883
0.0200039
0.0199876
0.0199873
0.0199875
0.0199879
0.0199887
0.0199887
0.0199882
0.0200046
0.0199882
0.0200041
0.019988
0.0199874
0.0199723
0.0203706
0.0199876
0.0199873
0.0199884
0.0199885
0.0199721
0.0196192
0.0199873
0.0200043
0.0199882
0.0200038
0.0200036
0.0199881
0.0203701
0.0199885
0.0199881
0.019988
0.0203707
0.02037
0.0203702
0.0199883
0.020371
0.0199878
0.0199883
0.0199883
0.0200038
0.0200041
0.0199879
0.019988
0.0199881
0.0199884
0.0203713
0.0199879
0.0203708
0.0199872
0.0200037
0.0203871
0.0199876
0.0199882
0.0199884
0.0199881
0.0203707
0.0199885
0.0196186
0.0199877
0.0199882
0.0200037
0.0200039
0.020404
0.0200038
0.0199885
0.019988
0.0199876
0.0199873
0.0199878
0.0199882
0.0199884
0.0199871
0.0199879
0.0196197
0.0199879
0.0199877
0.0199881
0.0199886
0.0199879
0.0199878
0.0199877
0.0196194
0.0199882
0.019987
0.0199874
0.0200038
0.0199878
0.0200036
0.0199876
0.0199873
0.020371
0.0199883
0.0203707
0.0199878
0.020004
0.0199877
0.0199876
0.0200038
0.0199879
0.0200033
0.0199878
0.0199883
0.0199875
0.0199883
0.0199879
0.0199876
0.0199882
0.0203881
0.0199884
0.0199877
0.0196193
0.0199874
0.019988
0.019988
0.0203876
0.0199883
0.0199882
0.0199721
0.0199879
0.0203878
0.020371
0.0200038
0.0199885
0.0199879
0.0199868
0.0199877
0.0199878
0.0203709
0.0199874
0.0196189
0.0199879
0.02037
0.0199708
0.0199881
0.0203704
0.0199884
0.0199878
0.0199879
0.0203878
0.0199878
0.0199878
0.0203709
0.0199879
0.0196192
0.0199874
0.0199875
0.0199874
0.0203708
0.0199874
0.0196179
0.0199874
0.0199879
0.0199874
0.0199874
0.0200038
0.0199883
0.020371
0.019989
0.0203707
0.0199874
0.0199877
0.0196187
0.0199883
0.0199881
0.0203705
0.0203713
0.0199886
0.0199867
0.0200036
0.0199879
0.0199881
0.0199871
0.0203712
0.019988
0.0199882
0.0199716
0.0199874
0.0203707
0.0199872
0.0200043
0.0204042
0.0200039
0.019988
0.020387
0.0199879
0.0199876
0.020004
0.0199872
0.0199875
0.0200032
0.0199865
0.0199879
0.0199885
0.0196193
0.0200043
0.0199877
0.0199881
0.0199885
0.0199883
0.020371
0.0199877
0.0200038
0.0199867
0.0199882
0.0203882
0.0199879
0.0199881
0.0199879
0.0199878
0.0196199
0.0199886
0.0199878
0.0199875
0.0199882
0.0196198
0.0199881
0.0199879
0.0199709
0.0199873
0.0199874
0.0199715
0.0199878
0.0199879
0.0199875
0.0199872
0.0199882
0.0199879
0.0200028
0.0199883
0.0199878
0.019988
0.0200041
0.0196194
0.0199878
0.019988
0.0200036
0.0199872
0.0200042
0.0203701
0.0203703
0.0199878
0.0196034
0.0199726
0.0199883
0.0199884
0.0199881
0.0199874
0.0199707
0.0199883
0.0203874
0.0199872
0.0199881
0.0203711
0.0199879
0.0203707
0.0199888
0.0196195
0.0196181
0.020004
0.0199882
0.0199877
0.019988
0.0199885
0.020005
0.019988
0.0199882
0.0196181
0.0199877
0.0199876
0.0199873
0.0199879
0.0200048
0.020004
0.0199873
0.0199871
0.0199879
0.0199874
0.0199882
0.019988
0.0199885
0.0199878
0.0199885
0.0199878
0.0199881
0.020004
0.0204039
0.0200037
0.019619
0.0199881
0.0199883
0.0199879
0.0199878
0.0199878
0.0199879
0.0199875
0.0199879
0.0199873
0.0199881
0.0199879
0.020004
0.0199878
0.0200039
0.019619
0.019988
0.0199881
0.0196175
0.0199886
0.0199882
0.0200039
0.0199878
0.0199878
0.0199875
0.0199876
0.0200036
0.019987
0.019987
0.0203873
0.0199881
0.019988
0.0199878
0.0199874
0.0199874
0.0199882
0.0199884
0.0199875
0.0199877
0.019619
0.0199872
0.0200046
0.0200045
0.0196192
0.0199875
0.0199874
0.0199878
0.0199879
0.0203701
0.0203715
0.0200036
0.0200041
0.019988
0.0199877
0.0199876
0.0199884
0.020004
0.0199872
0.0196193
0.0196195
0.0199879
0.0196185
0.0199879
0.0199879
0.0199875
0.0199887
0.0199882
0.0199878
0.0200036
0.0196193
0.0196196
0.0199874
0.0199876
0.0199877
0.0199873
0.0199873
0.0203703
0.0203708
0.0199879
0.0199875
0.0200028
0.0199878
0.0200042
0.0196192
0.0199885
0.019987
0.0203708
0.0200039
0.0200041
0.0199879
0.0199877
0.0203698
0.0199885
0.0200032
0.0199877
0.0199885
0.0203713
0.0200042
0.0199877
0.0200037
0.0196191
0.0200041
0.019988
0.0199872
0.0199879
0.0200039
0.0199886
0.0199878
0.0199883
0.0199878
0.0199883
0.0199879
0.0199881
0.019988
0.0196193
0.0199876
0.0199875
0.0199877
0.0199709
0.0199871
0.0203709
0.0199878
0.0199887
0.0196192
0.0199874
0.0199876
0.0200039
0.0199881
0.0199881
0.0199881
0.0199884
0.0196195
0.0199884
0.0199876
0.0203708
0.0199876
0.0199877
0.0199876
0.0199878
0.0199879
0.0199881
0.0200037
0.0196194
0.019988
0.0199877
0.0203691
0.0199882
0.0196153
0.0199875
0.019619
0.0199873
0.0203712
0.0199873
0.019988
0.0200036
0.0199879
0.0203862
0.0200052
0.0199877
0.0200043
0.0199877
0.0203711
0.0199873
0.0199883
0.0199879
0.0203701
0.0200043
0.0203703
0.0207852
0.02037
0.0199878
0.0199875
0.019988
0.0203881
0.0199877
0.0199885
0.0200036
0.0199879
0.0199871
0.019988
0.0199876
0.0200045
0.0199884
0.0199709
0.0199879
0.0199879
0.019619
0.0199886
0.0203703
0.0199877
0.0200039
0.019988
0.0199881
0.0199885
0.0196197
0.0199873
0.0203874
0.0203702
0.0199883
0.0199873
0.0200046
0.0203706
0.0203704
0.0199878
0.0199881
0.0203706
0.0199885
0.0199881
0.0200041
0.0203876
0.0199882
0.0196194
0.0199876
0.0199878
0.0199878
0.0199885
0.0199877
0.0199882
0.0199883
0.0203867
0.020004
0.0200038
0.0199874
0.02037
0.0207857
0.0203706
0.0199875
0.0200035
0.0199886
0.0199886
0.0199881
0.0199876
0.0199877
0.0203706
0.020371
0.019988
0.0199882
0.0196168
0.0200041
0.0200039
0.0200038
0.0199876
0.0199875
0.020004
0.0199882
0.0199875
0.0199881
0.0199885
0.0196188
0.0196185
0.0196189
0.0199872
0.0199889
0.0199879
0.0199879
0.0200041
0.0199884
0.0199882
0.0199878
0.0203702
0.0199875
0.0199881
0.0199885
0.0199717
0.0199881
0.0199881
0.0203869
0.0199883
0.0199867
0.0199881
0.0200036
0.0199878
0.0199884
0.0199874
0.0199882
0.0199713
0.0203709
0.0199884
0.0199878
0.0203703
0.0203708
0.0199881
0.0199878
0.0199875
0.0199881
0.0199883
0.0199885
0.0196188
0.0199884
0.0199709
0.0199881
0.019987
0.020004
0.0204025
0.0200042
0.0203698
0.0199877
0.0199874
0.019988
0.0196195
0.019988
0.019988
0.019988
0.019988
0.019988
0.0200044
0.019619
0.0199882
0.0199869
0.0196189
0.019988
0.0200042
0.0199877
0.0199884
0.0199886
0.019988
0.0200037
0.0199877
0.019988
0.0199888
0.0199878
0.0199881
0.0199709
0.0199701
0.0196199
0.0199884
0.0199875
0.0196192
0.0196191
0.0199871
0.0199872
0.019988
0.0199878
0.0203711
0.0199879
0.0199887
0.0199877
0.0196189
0.0196195
0.0199882
0.0199873
0.0199884
0.0199875
0.0199877
0.0199879
0.0200043
0.0200038
0.0200038
0.020403
0.0200036
0.0199877
0.0200042
0.019988
0.0200043
0.0200045
0.0196191
0.019988
0.019988
0.0199885
0.0196201
0.0199881
0.0199706
0.0199873
0.0199883
0.0199879
0.0199878
0.0200045
0.020004
0.0199871
0.0203702
0.0199882
0.0199877
0.0199884
0.020004
0.0199878
0.019988
0.0199876
0.0199881
0.0196193
0.019988
0.0199883
0.0199881
0.0200033
0.0199882
0.019988
0.0199887
0.019988
0.0199871
0.0203711
0.019988
0.019988
0.0199881
0.0199875
0.019604
0.0199875
0.0199878
0.0200045
0.019987
0.0199879
0.0199887
0.0199884
0.0203876
0.019988
0.0203874
0.0204035
0.02082
0.0204287
0.0200278
0.0196427
0.0192788
0.0192715
0.0192776
0.0192791
0.0192788
0.0192791
0.019279
0.0196427
0.0196418
0.0192792
0.0192788
0.0192793
0.0192866
0.0192794
0.0192794
0.0192786
0.0192789
0.0192786
0.0192789
0.018929
0.0192796
0.0192865
0.0192781
0.0192866
0.0189284
0.0192793
0.0192797
0.0196416
0.0192788
0.0192786
0.0192792
0.0192853
0.0192787
0.0192789
0.0192788
0.0192791
0.019279
0.0192787
0.0192793
0.0196429
0.0196427
0.0192767
0.0192785
0.0196431
0.0192798
0.0192792
0.0192793
0.0192791
0.0192789
0.0192788
0.0192793
0.0189273
0.0192779
0.019643
0.019279
0.0192792
0.0196425
0.0192786
0.0196423
0.0192785
0.0196425
0.0192709
0.01927
0.0192786
0.0192788
0.0192782
0.0196425
0.0200278
0.0196426
0.0192792
0.0192789
0.0192793
0.019278
0.0192791
0.0192863
0.0192862
0.0196567
0.0196499
0.0192781
0.019286
0.0196423
0.0192792
0.0192793
0.0196426
0.0192783
0.0192779
0.0192789
0.0196429
0.0192793
0.0196426
0.0192782
0.0192788
0.0189281
0.0192795
0.0196426
0.0192797
0.0192797
0.0192795
0.0196427
0.019279
0.0189283
0.0192779
0.0192714
0.019642
0.0192788
0.0192788
0.0196424
0.0192792
0.0192792
0.0192788
0.0192788
0.0192712
0.0192782
0.0192785
0.0192785
0.0196424
0.0192868
0.0192792
0.0192786
0.0192853
0.0192779
0.0192718
0.0192789
0.0192781
0.0192712
0.0196416
0.0192788
0.0192783
0.0192717
0.0192782
0.0192783
0.0192708
0.0192717
0.0196427
0.0192786
0.0192789
0.0196505
0.0200274
0.0196429
0.0192788
0.0196429
0.0192787
0.0192793
0.0192793
0.0196428
0.0200287
0.0196426
0.0196419
0.0196419
0.0192793
0.0196425
0.0192707
0.0189274
0.0192785
0.0189278
0.019279
0.0192794
0.0192789
0.0192788
0.0192786
0.0196424
0.0192778
0.0192789
0.0192787
0.0196502
0.019279
0.0192712
0.019279
0.019279
0.0192864
0.019279
0.0196426
0.0192857
0.019279
0.0192782
0.0192784
0.0192786
0.0192792
0.0192784
0.0196427
0.0192787
0.0192864
0.0192782
0.0192793
0.0192783
0.0192716
0.019279
0.0192782
0.0192784
0.0192786
0.019642
0.019279
0.0192792
0.0196419
0.019285
0.0192789
0.0192785
0.0196416
0.0196428
0.0192787
0.0192791
0.0192784
0.0192708
0.0192778
0.0196425
0.0196507
0.0196499
0.019279
0.0192717
0.0192714
0.0196428
0.0192794
0.0192779
0.0196421
0.019272
0.019643
0.0192789
0.0192794
0.0192864
0.0196585
0.0192861
0.0192863
0.0192788
0.0192788
0.0192704
0.019271
0.0192711
0.0192775
0.0192865
0.0192781
0.0189205
0.0192784
0.0192789
0.019279
0.0192789
0.0192868
0.0196425
0.0192786
0.0192791
0.0192789
0.0192788
0.019279
0.0192789
0.0192787
0.0192793
0.019278
0.0192789
0.0192705
0.0196424
0.0192785
0.0196428
0.0200282
0.0196421
0.0192783
0.019279
0.0192719
0.0192784
0.0192856
0.0196424
0.0192793
0.0192715
0.0192793
0.0189283
0.0192791
0.0196424
0.0192788
0.0192789
0.0192787
0.0192786
0.0192783
0.0192863
0.0192785
0.0192784
0.0196424
0.0192786
0.0196507
0.019279
0.0192791
0.0192789
0.0196418
0.0196427
0.0192789
0.0196432
0.0192858
0.0192778
0.0189281
0.0192789
0.0192791
0.0192791
0.0192791
0.0196433
0.0192787
0.0192792
0.0192863
0.0192789
0.0192775
0.0192786
0.0192787
0.0192791
0.0196428
0.0192784
0.0192706
0.0196424
0.0192721
0.0189287
0.0192794
0.019279
0.0196427
0.0192787
0.0192792
0.0192862
0.0192784
0.0192794
0.0192867
0.019641
0.0192785
0.019641
0.0200271
0.0196421
0.0192787
0.0196429
0.0192857
0.0192788
0.0192707
0.0192784
0.0192789
0.0192783
0.0189208
0.0192788
0.0192787
0.0192866
0.0192788
0.0192719
0.0192794
0.0196424
0.0192784
0.0192865
0.0192782
0.0192786
0.0192792
0.0192787
0.0192789
0.0192797
0.0192795
0.0196431
0.0192788
0.0192791
0.0192789
0.0192701
0.0196428
0.0196417
0.0192788
0.0192775
0.0192864
0.0192789
0.0192796
0.019279
0.0192791
0.0192776
0.0192793
0.0192782
0.0192793
0.0189278
0.0192791
0.019279
0.0192784
0.0192855
0.0192783
0.0192783
0.0192781
0.0192711
0.019279
0.0192774
0.0189283
0.0192862
0.0192788
0.0192791
0.0196426
0.0196426
0.0192863
0.0192786
0.0192789
0.0192861
0.019643
0.0192793
0.0192786
0.0192789
0.0192791
0.0192783
0.0192802
0.0192789
0.0192779
0.0189275
0.0192785
0.0192783
0.0192794
0.0192792
0.0192781
0.0192782
0.0192791
0.0192783
0.0189279
0.0192715
0.0192788
0.0192792
0.0192793
0.019286
0.0196584
0.019286
0.0192791
0.0192789
0.0196419
0.0192715
0.0192789
0.0192786
0.0192859
0.0196581
0.0192868
0.0192788
0.0192703
0.0192791
0.0192791
0.0192785
0.0192862
0.0196429
0.0192789
0.0192703
0.0192791
0.0192796
0.0192784
0.0192789
0.018928
0.0192789
0.0192791
0.0192786
0.0196431
0.0192793
0.019643
0.0192789
0.0192787
0.0192791
0.0192788
0.0196419
0.0192713
0.0189286
0.019271
0.019279
0.0192792
0.0196423
0.020028
0.0196424
0.0192788
0.0192786
0.0192795
0.019278
0.0189279
0.0192784
0.0192716
0.0196426
0.0192787
0.0196422
0.0192866
0.0192871
0.0196426
0.0192784
0.0192782
0.0196498
0.0192791
0.0192788
0.0192781
0.0192788
0.0192784
0.0196428
0.0192709
0.0192788
0.0192789
0.0192793
0.0192786
0.0192785
0.0196427
0.0192715
0.0192793
0.0192791
0.0192788
0.0192783
0.019271
0.0192794
0.0192787
0.0192787
0.0192788
0.0196428
0.019279
0.0192789
0.0192865
0.0192865
0.0192795
0.0192793
0.0192867
0.0192788
0.0192783
0.0192787
0.0196427
0.0192788
0.0192787
0.0192787
0.0192782
0.0192864
0.0192785
0.0192864
0.0196578
0.0192861
0.0196416
0.019278
0.019279
0.0192784
0.01965
0.019279
0.0192872
0.0192796
0.0192705
0.0192785
0.0196409
0.0192793
0.0196419
0.0192784
0.0196425
0.0192789
0.0192783
0.0196424
0.0192791
0.0192786
0.0192793
0.0192782
0.0196419
0.0196426
0.0192784
0.0196424
0.0192789
0.0192793
0.0189286
0.019279
0.0189277
0.019279
0.0192779
0.0192789
0.0192788
0.0192711
0.0189286
0.0192789
0.0192794
0.0192709
0.0196426
0.0192869
0.0192798
0.019279
0.01927
0.0192784
0.0192781
0.0192707
0.0192794
0.0192793
0.0192789
0.0196424
0.0192787
0.0192788
0.0196414
0.0192792
0.0192794
0.0192786
0.0192862
0.0196587
0.0192866
0.0192785
0.0192791
0.0192787
0.0192794
0.0192792
0.0192792
0.019278
0.0196414
0.0192711
0.0192789
0.0192716
0.0192788
0.0192779
0.0192792
0.0192788
0.0192784
0.0196425
0.0192861
0.0196425
0.0192784
0.0192788
0.0192789
0.019279
0.0192788
0.0192706
0.0192787
0.0192791
0.0192867
0.0196429
0.019278
0.0192784
0.019279
0.0192787
0.0192792
0.0192717
0.0192781
0.0192786
0.0192712
0.0192782
0.019286
0.0192789
0.018928
0.0192866
0.0192784
0.0192791
0.0192794
0.0192865
0.0192794
0.0192783
0.0192792
0.0192793
0.0192792
0.0192781
0.0192787
0.0192784
0.0192785
0.0192862
0.0192788
0.0192791
0.0192783
0.0192864
0.0192783
0.019279
0.0192788
0.0192712
0.0192787
0.0192791
0.0196503
0.0196424
0.0192787
0.0196426
0.0192787
0.0192859
0.0192782
0.0196423
0.0192785
0.0192793
0.0192793
0.0192787
0.0192863
0.0192789
0.0192714
0.0192791
0.019642
0.0192786
0.019279
0.0192792
0.0192867
0.0192791
0.0192793
0.0192786
0.0192867
0.0192791
0.0192713
0.0192802
0.0192782
0.0192794
0.0192862
0.0196424
0.0192872
0.0192795
0.0192865
0.0192788
0.0192788
0.0192788
0.0192786
0.0192793
0.0192793
0.0192791
0.0192788
0.0192789
0.0196428
0.0200287
0.0196418
0.0192791
0.018928
0.0192865
0.0196428
0.0192717
0.0196426
0.0192792
0.0192791
0.0192776
0.0192791
0.0192789
0.0196419
0.0192863
0.0192787
0.0196424
0.0192787
0.0192786
0.0192778
0.0192788
0.0192785
0.0192867
0.0192786
0.0192786
0.0196428
0.0192793
0.0192788
0.0196425
0.0192789
0.0192786
0.0192794
0.0192789
0.0192792
0.0196424
0.0196428
0.0192863
0.0192785
0.0192783
0.019279
0.0196428
0.0192791
0.0192792
0.0196431
0.0192785
0.019279
0.0196423
0.0192795
0.0196425
0.0196419
0.0192784
0.0192791
0.0192786
0.0192789
0.0192783
0.0192792
0.019279
0.0192787
0.0196426
0.0192792
0.0189276
0.0192783
0.0192792
0.0196424
0.0192792
0.0192786
0.0192864
0.0196577
0.0192861
0.0192789
0.0192791
0.0192793
0.0192864
0.0196428
0.0192713
0.0192788
0.0192783
0.019278
0.0196414
0.019279
0.0192786
0.0192795
0.019279
0.0192783
0.0192862
0.0192785
0.0192715
0.0192793
0.0192712
0.0196431
0.0192787
0.0192862
0.018928
0.0189283
0.0192704
0.0192792
0.0192786
0.0192864
0.0192785
0.0192786
0.0196427
0.0192795
0.0192786
0.0192792
0.019279
0.0192791
0.0196431
0.0192792
0.0196411
0.0200281
0.0196421
0.019287
0.0192777
0.0192793
0.0192786
0.0192787
0.0192789
0.0192707
0.0196417
0.0192789
0.0196423
0.0192712
0.0192791
0.0196425
0.019279
0.0192866
0.0192793
0.0192791
0.0196424
0.0192715
0.0192788
0.0196423
0.0196425
0.0192718
0.0192783
0.0192786
0.0192863
0.0192787
0.0192787
0.0196425
0.0192788
0.0192787
0.019642
0.0192789
0.019279
0.0192866
0.0192785
0.0192788
0.0192866
0.019279
0.0196413
0.0200275
0.0196422
0.0192791
0.0192714
0.0192711
0.0192791
0.0196424
0.0192786
0.0192855
0.0196506
0.0192784
0.0192791
0.0192787
0.0192788
0.0192866
0.0192789
0.0192784
0.0192793
0.0192865
0.0192783
0.0192793
0.0192795
0.0192866
0.0192864
0.0192792
0.0192787
0.0192707
0.0196431
0.0192712
0.0192785
0.0192794
0.0192787
0.0192708
0.0192788
0.0192791
0.0192785
0.0196424
0.0196418
0.0192869
0.0192789
0.0196423
0.0192788
0.0196428
0.0192791
0.0192792
0.0192785
0.0196426
0.0192861
0.0192788
0.0192715
0.0196417
0.0200285
0.0196425
0.019279
0.0192775
0.0192787
0.0196415
0.0192712
0.0192795
0.0192794
0.0192784
0.019286
0.0192784
0.0196429
0.0192787
0.0192785
0.0192868
0.019279
0.0192786
0.0192706
0.0192711
0.0196427
0.0192787
0.0192789
0.0192792
0.0192794
0.0192794
0.019271
0.0192791
0.0192784
0.0192789
0.0196507
0.0192792
0.0192794
0.0192791
0.0192791
0.0192791
0.0192786
0.0192789
0.0192793
0.0189211
0.0192794
0.0192791
0.019279
0.0196508
0.0196422
0.0192785
0.0192856
0.0192793
0.0192783
0.0192783
0.0192785
0.0192861
0.0192795
0.0189278
0.0192793
0.0192712
0.0196425
0.0192782
0.0189288
0.0192786
0.0192792
0.0196426
0.0196422
0.0192786
0.0192864
0.0192786
0.019278
0.0196419
0.019643
0.0192787
0.0192789
0.0192784
0.019279
0.0196422
0.0196506
0.0192788
0.0192792
0.019642
0.019279
0.0192791
0.019271
0.0192784
0.0192789
0.0192788
0.0192794
0.0192794
0.0192786
0.0196402
0.0192785
0.0192865
0.0192784
0.0192789
0.0192793
0.0192792
0.0196423
0.0192858
0.0196429
0.0192867
0.0192797
0.0192793
0.0192708
0.0192787
0.0192788
0.0192782
0.019271
0.0192789
0.0192792
0.0192793
0.0192791
0.0192868
0.0192785
0.0192791
0.0192795
0.019643
0.0192869
0.0192787
0.0192788
0.0192779
0.0192794
0.0196504
0.0192793
0.0192793
0.019279
0.0192788
0.0192789
0.0192791
0.0196426
0.0192783
0.019279
0.0192795
0.0192709
0.0189207
0.0192792
0.0192793
0.0192864
0.0192789
0.0192785
0.0192792
0.0192792
0.019286
0.0192791
0.0192788
0.0192788
0.019279
0.0192787
0.0192787
0.0192778
0.0192788
0.0192862
0.0196417
0.0192787
0.0192792
0.019279
0.0192788
0.0192717
0.0189207
0.0192789
0.0192789
0.0192796
0.0189275
0.0192785
0.0192716
0.0192783
0.0192781
0.0192853
0.0192791
0.0192792
0.0196426
0.0196423
0.0192781
0.0192789
0.019286
0.0196569
0.0196505
0.0192795
0.0192793
0.0192786
0.0192787
0.0192781
0.0192858
0.019277
0.0192782
0.0192792
0.0192792
0.0192786
0.0192779
0.0192792
0.0196424
0.0192782
0.0189285
0.0192794
0.0192792
0.0196426
0.019286
0.0192788
0.0192792
0.0196424
0.0192785
0.0196428
0.0192794
0.019643
0.0192791
0.0192794
0.0192786
0.0192714
0.0192789
0.0192787
0.0192711
0.0192789
0.0192782
0.0192792
0.0196418
0.0192792
0.0192865
0.0192788
0.0192781
0.0192782
0.0196425
0.019279
0.0192789
0.0192786
0.0192792
0.0192791
0.0192796
0.019279
0.0192792
0.0192791
0.019286
0.019279
0.019279
0.0196412
0.0192785
0.0192781
0.0192711
0.0196427
0.0196428
0.019279
0.0192866
0.0192782
0.0192797
0.0192784
0.0196423
0.0196429
0.0192786
0.0192791
0.0192787
0.0192714
0.0196425
0.0192787
0.0192786
0.0192788
0.0192787
0.0192789
0.0192864
0.0192792
0.0192791
0.0192795
0.0192786
0.0192787
0.0192791
0.0192786
0.019271
0.0192792
0.0192789
0.0192791
0.019271
0.0192714
0.0196426
0.0192783
0.019642
0.0200289
0.0196425
0.0192858
0.0192786
0.0192784
0.0192789
0.0192785
0.0192792
0.0192785
0.0192794
0.0192792
0.0192789
0.0196494
0.0192783
0.0196422
0.0192788
0.0192793
0.0192863
0.0192794
0.0192789
0.019279
0.0192794
0.0192793
0.0192782
0.0192859
0.019286
0.0192777
0.019279
0.0192792
0.0192792
0.019279
0.0192786
0.0192793
0.0192789
0.0192714
0.0196418
0.019279
0.0192786
0.0192789
0.0192791
0.0192793
0.0192789
0.0189206
0.0192792
0.0192713
0.0192791
0.019286
0.0189281
0.019279
0.0192715
0.019279
0.0192714
0.0192788
0.019643
0.019278
0.0196499
0.019279
0.0192795
0.0196425
0.0192792
0.0192786
0.0192786
0.0189203
0.0192791
0.019279
0.0192791
0.0192787
0.0192783
0.0192706
0.0192791
0.0192788
0.0192785
0.0192789
0.0192792
0.0189285
0.0192795
0.0192786
0.019272
0.0192793
0.0192787
0.019279
0.0196425
0.0192782
0.0192786
0.0192785
0.0192779
0.0192786
0.0196429
0.0192789
0.019279
0.0192788
0.0192791
0.0192789
0.0192785
0.0192794
0.0192795
0.0192861
0.0192789
0.019279
0.0196421
0.019279
0.0196428
0.0192791
0.0189289
0.0192791
0.0196423
0.0192873
0.0192785
0.0196429
0.0192788
0.0192789
0.0192865
0.0192787
0.0192793
0.0192782
0.018927
0.0192713
0.0189192
0.0192791
0.0192788
0.0192785
0.019278
0.0192859
0.0196577
0.0192864
0.0192782
0.0192792
0.0192786
0.0192783
0.0192791
0.0192784
0.0192791
0.0192783
0.019279
0.0189275
0.0192792
0.0192787
0.0196424
0.0192865
0.0192792
0.0192778
0.0192791
0.0192787
0.019279
0.0192796
0.0192863
0.019277
0.0192777
0.0196499
0.0192786
0.0192712
0.0192794
0.0192785
0.0192778
0.0192787
0.0192793
0.0192793
0.0192789
0.0192785
0.0192868
0.0192783
0.0192793
0.0192792
0.0192783
0.018928
0.0192787
0.0192858
0.0196429
0.0192792
0.0196419
0.0200289
0.0196426
0.0192712
0.0192706
0.0196424
0.0200285
0.019642
0.0196425
0.0192792
0.019286
0.019279
0.0192785
0.0196434
0.0192791
0.0192789
0.0192864
0.0192789
0.0192791
0.019279
0.0192863
0.0192792
0.0189279
0.0192713
0.018921
0.0192782
0.0196427
0.0192795
0.0192789
0.0192784
0.0192791
0.0196423
0.0192786
0.0189275
0.0192787
0.0196506
0.0192793
0.0196432
0.0192792
0.0192791
0.0192782
0.0196426
0.0192788
0.019642
0.0192789
0.0196423
0.0192784
0.0192791
0.0192789
0.0192784
0.0196411
0.0192856
0.019642
0.0196505
0.0200275
0.0196426
0.0192793
0.0192864
0.0196427
0.0192789
0.0192863
0.0192789
0.0196424
0.0192788
0.0192796
0.0192792
0.0192789
0.0192781
0.0192793
0.0192791
0.019642
0.0192789
0.019279
0.0192866
0.0196424
0.019279
0.0192787
0.0196423
0.019279
0.0192785
0.0192857
0.019279
0.0196419
0.0192792
0.0192792
0.0192786
0.0192786
0.0192786
0.0196504
0.0192788
0.0192767
0.0192784
0.0192791
0.0192779
0.019286
0.0192858
0.0192783
0.0196427
0.0196435
0.0192785
0.0192787
0.0192794
0.0192867
0.019279
0.0196429
0.0196424
0.0192794
0.0192793
0.018921
0.019279
0.0192788
0.0192787
0.0196426
0.0192866
0.0192787
0.0192862
0.019643
0.0192787
0.0192788
0.0192782
0.0192785
0.0192793
0.0192794
0.019279
0.0192787
0.0192709
0.0192791
0.0192784
0.0192869
0.019279
0.0192789
0.019279
0.0192781
0.0192792
0.0192793
0.0192785
0.0192789
0.0192795
0.0192783
0.0192789
0.0192791
0.0192786
0.0192789
0.0192719
0.0192794
0.0192797
0.0192788
0.019279
0.0192793
0.0192791
0.0192788
0.0192796
0.0192787
0.0189281
0.0192793
0.0192791
0.0192794
0.0192789
0.0196423
0.0196419
0.0192711
0.0196415
0.0196429
0.0192709
0.0192797
0.0192854
0.0192781
0.0196418
0.0192862
0.019279
0.0196503
0.0192792
0.0192786
0.0192791
0.0192788
0.0196419
0.0192791
0.0192784
0.0196421
0.0192709
0.0192784
0.0192784
0.0192787
0.0192709
0.0192786
0.0192794
0.0196432
0.0192718
0.0192781
0.019279
0.0192791
0.0192791
0.0192789
0.0192788
0.0192791
0.019279
0.0192787
0.0196422
0.019279
0.019278
0.0192789
0.0192782
0.0196423
0.0196423
0.0192794
0.0192858
0.0196424
0.019278
0.0192786
0.0192785
0.0192787
0.0192802
0.0192791
0.0192791
0.0192793
0.0192788
0.0192791
0.0192788
0.0192792
0.0189284
0.0192791
0.0192789
0.0192787
0.0192785
0.0192785
0.0192785
0.0196428
0.019279
0.019279
0.0192797
0.0192787
0.0192787
0.0192794
0.0192792
0.0192859
0.0192783
0.0192714
0.0192793
0.0192784
0.0192787
0.0192782
0.0192794
0.0192868
0.0192788
0.0192787
0.0192713
0.0189284
0.0192785
0.0192786
0.0189284
0.0192787
0.0196423
0.0192861
0.0189274
0.0192792
0.0196421
0.0192791
0.0192861
0.0192789
0.0192783
0.0196425
0.0192788
0.0196431
0.0192786
0.0192788
0.0192781
0.0192794
0.019279
0.019279
0.0192789
0.0192793
0.0192791
0.0196419
0.0192792
0.0192793
0.0192782
0.0192794
0.0192785
0.0196426
0.0192797
0.0192714
0.0196425
0.0196427
0.0192867
0.0196581
0.0192852
0.0192781
0.0192791
0.0192785
0.019643
0.0196421
0.0192794
0.0192788
0.0196423
0.0196417
0.0200278
0.0196425
0.0196422
0.019279
0.019279
0.0192789
0.0192868
0.0192866
0.019642
0.019279
0.0192789
0.0192865
0.019279
0.0192788
0.019279
0.0192788
0.0192782
0.0192869
0.0192784
0.0192781
0.0192796
0.0192789
0.0192794
0.0192714
0.0192795
0.0196503
0.0192791
0.0192717
0.0192783
0.0192787
0.0192786
0.0192781
0.019279
0.0196499
0.0192786
0.0192788
0.0192792
0.0192858
0.0192787
0.0192866
0.0192784
0.0192712
0.0192788
0.0192793
0.0192789
0.0192786
0.0192708
0.0192711
0.0189286
0.0192714
0.0192776
0.0192777
0.0192785
0.0192792
0.0192789
0.019287
0.0192792
0.0196427
0.0192713
0.0196425
0.0192789
0.0192785
0.0192865
0.019279
0.0192785
0.0196424
0.0192785
0.0192866
0.0192792
0.0192862
0.0192787
0.0192871
0.0192793
0.0192791
0.0192787
0.0192787
0.0192788
0.0196424
0.0192788
0.0192791
0.019272
0.0192788
0.0192782
0.0192789
0.0192794
0.0192792
0.0192716
0.0192784
0.0192707
0.0192786
0.0192862
0.0192789
0.0192788
0.0192709
0.0192789
0.0192793
0.0192787
0.0192785
0.0192786
0.0189277
0.019279
0.019279
0.0192785
0.018929
0.0192865
0.0196575
0.0192865
0.019279
0.0192713
0.019279
0.0196427
0.0192712
0.0192788
0.0192791
0.0192707
0.0196422
0.0192713
0.019279
0.0192713
0.0192787
0.0192785
0.0192779
0.0196502
0.0192869
0.0192863
0.0192786
0.0192789
0.01965
0.0192787
0.0192703
0.019271
0.0192797
0.0192778
0.0196423
0.0192789
0.019279
0.0192788
0.0192795
0.0192788
0.0192786
0.0192784
0.0192864
0.0192787
0.0192794
0.0192785
0.0192781
0.0192788
0.0192795
0.0196507
0.0192792
0.0192786
0.0192789
0.0196431
0.0196507
0.0192785
0.0192782
0.0192791
0.0192712
0.0192792
0.0196424
0.0192788
0.0192789
0.0192786
0.0192787
0.0192788
0.0192792
0.0192863
0.0192792
0.0192789
0.0192785
0.0192785
0.019279
0.0192793
0.0196499
0.0192796
0.0192792
0.019279
0.0192791
0.019279
0.0192862
0.019278
0.0192788
0.019279
0.0192781
0.0192786
0.0192715
0.0192787
0.0192869
0.0192786
0.0192794
0.0192797
0.0192785
0.0192793
0.019279
0.0192787
0.0192787
0.0192863
0.019279
0.0192785
0.0192792
0.0196428
0.0192793
0.0192713
0.0192792
0.0192871
0.0192866
0.019287
0.0192792
0.0192866
0.0192792
0.0192789
0.0192867
0.0192861
0.0192782
0.0192796
0.0192788
0.0192788
0.0192707
0.0192793
0.019279
0.0192797
0.0192794
0.0196427
0.0192786
0.0192787
0.0192856
0.0196429
0.0192799
0.0192868
0.0192798
0.0192787
0.019278
0.0192782
0.0192869
0.0192789
0.0192791
0.0192793
0.0192791
0.0192787
0.0192785
0.0192792
0.0192789
0.0192789
0.0196417
0.0192714
0.0192787
0.0192862
0.0192789
0.0192793
0.0189204
0.0192788
0.0192789
0.0192797
0.0192788
0.0192785
0.0192705
0.0192789
0.0192857
0.0192789
0.0192783
0.0192868
0.019279
0.0192791
0.0192792
0.0196422
0.0200264
0.0196423
0.0192789
0.0192776
0.0192862
0.0192783
0.0196425
0.0192791
0.0192785
0.0192859
0.0189281
0.0192792
0.0192861
0.0192862
0.0192788
0.0192792
0.019642
0.0192792
0.0192788
0.0196428
0.0196428
0.0192793
0.0192788
0.0192786
0.0192867
0.0192791
0.0192715
0.0192774
0.0196428
0.0196511
0.0192784
0.0192791
0.019279
0.0196433
0.0192789
0.0196432
0.0196427
0.019643
0.0192713
0.0192779
0.0192789
0.0192788
0.0192861
0.0192788
0.0192786
0.0192715
0.019643
0.0192717
0.0192788
0.0192787
0.0192787
0.0192792
0.0192784
0.0192784
0.0192785
0.0192792
0.0192863
0.0192868
0.0192785
0.019642
0.0192788
0.0192793
0.0192707
0.019279
0.0192716
0.019279
0.0192787
0.019278
0.0192795
0.0192782
0.0192795
0.018929
0.0192792
0.0192796
0.0192713
0.0192788
0.0192795
0.0192786
0.0192718
0.019279
0.0192791
0.0192793
0.0192784
0.0192787
0.0192784
0.019279
0.0189283
0.0192792
0.0192791
0.0192786
0.0192788
0.0192785
0.0192786
0.0192791
0.0192717
0.0192786
0.0192788
0.0196423
0.0192792
0.0192785
0.0196426
0.0192784
0.0192786
0.0192794
0.0192794
0.0192785
0.0192789
0.0192857
0.0192785
0.0192871
0.0196573
0.0200431
0.0196647
0.0192924
0.0189338
0.0185881
0.0185898
0.0185899
0.0189344
0.0185895
0.0185897
0.0185897
0.0185896
0.018935
0.0192929
0.0189346
0.0185901
0.018935
0.019293
0.0189346
0.0189343
0.01859
0.0185898
0.0185902
0.018935
0.0189349
0.0185897
0.0189348
0.0185896
0.0185898
0.018935
0.018589
0.0185896
0.01859
0.0185899
0.0185898
0.0185896
0.0185894
0.0185899
0.0185899
0.0185896
0.0189348
0.0185901
0.0189352
0.0185897
0.018935
0.0185899
0.0185899
0.018935
0.0185888
0.0185897
0.01859
0.0182563
0.0185879
0.0189348
0.0185899
0.0189349
0.0189341
0.0185906
0.0185897
0.0189346
0.0185896
0.0185898
0.0185898
0.0185895
0.0185894
0.0185901
0.0185894
0.0189349
0.0185903
0.0185895
0.0185894
0.0185899
0.0185898
0.01859
0.0185893
0.0185903
0.01859
0.0185895
0.018935
0.0185898
0.0189344
0.018935
0.0189357
0.0185894
0.0185891
0.018589
0.01859
0.018589
0.0185895
0.0185894
0.0189344
0.018589
0.018257
0.0185895
0.0189349
0.0185893
0.0185901
0.0185899
0.0189351
0.0189349
0.0189343
0.0185899
0.0185897
0.0185883
0.0189349
0.01859
0.0185896
0.0185898
0.018935
0.018935
0.0185898
0.0185899
0.0185895
0.0185895
0.01859
0.018935
0.0185895
0.0185898
0.0189348
0.0185899
0.0185899
0.0185899
0.0185901
0.0185897
0.0189349
0.0185894
0.0185902
0.0185902
0.0189345
0.0185897
0.0185895
0.0185896
0.0185898
0.0185896
0.0189351
0.0185895
0.018935
0.01859
0.0185901
0.0189349
0.0185897
0.0185901
0.01859
0.0185892
0.0185894
0.0185896
0.0185888
0.01859
0.0189347
0.0185897
0.0182557
0.0185889
0.0189348
0.0185898
0.0189344
0.0189344
0.0185901
0.0185896
0.0185896
0.0185901
0.0185894
0.0185891
0.0185895
0.01859
0.0185893
0.018589
0.0185897
0.01859
0.0185897
0.0185896
0.0185882
0.0189347
0.0189354
0.0189353
0.0185903
0.01859
0.0185901
0.0185886
0.0185895
0.0185897
0.0185891
0.0185896
0.0185896
0.0185895
0.0185899
0.0189355
0.018935
0.0185897
0.0189344
0.0185898
0.01859
0.01859
0.0185898
0.01859
0.0185895
0.0185904
0.0185897
0.0185902
0.0185893
0.0185893
0.01859
0.0185894
0.0185901
0.0185892
0.0185899
0.0185899
0.0185901
0.0185892
0.0185901
0.0189348
0.0185897
0.0185898
0.0185898
0.01859
0.0185896
0.0185895
0.0185901
0.0185892
0.0185895
0.0185895
0.01859
0.0185899
0.018589
0.0189347
0.0185894
0.0189352
0.0185896
0.0189337
0.0185899
0.0185892
0.0189344
0.0185896
0.0185889
0.0185903
0.0185903
0.0185896
0.0185894
0.0185895
0.0185899
0.01859
0.0185893
0.0189347
0.0185887
0.0189341
0.0189346
0.0185896
0.0182575
0.0185905
0.0189353
0.0185897
0.0185896
0.0185894
0.0189348
0.0185895
0.0185899
0.01859
0.0185879
0.0185889
0.0185894
0.0185895
0.0185893
0.01859
0.0189354
0.0185898
0.0189345
0.0189347
0.0189345
0.0185903
0.0189346
0.0185898
0.0185889
0.0185898
0.0185899
0.0185898
0.0185899
0.0185893
0.0185898
0.0185891
0.0185891
0.0185892
0.01859
0.018589
0.0185896
0.0189346
0.018934
0.0185895
0.0185889
0.0185899
0.0185899
0.0189347
0.0185895
0.0185904
0.0185897
0.0185896
0.0185896
0.0185902
0.0185904
0.0185897
0.0185898
0.0185895
0.0185897
0.0185893
0.0185895
0.0189353
0.0192928
0.0189349
0.0185901
0.0185902
0.0185896
0.0185896
0.01859
0.0185897
0.01859
0.0185896
0.01859
0.0189349
0.0185898
0.0189351
0.0189346
0.01859
0.0189346
0.0185898
0.0185897
0.0185898
0.0185889
0.0185892
0.0185897
0.01859
0.0189345
0.0185895
0.0185894
0.0189345
0.0189341
0.0185899
0.01859
0.0185893
0.0185891
0.0185895
0.0185898
0.0185901
0.0185891
0.0185899
0.0185901
0.0185899
0.0185895
0.0189345
0.0189345
0.0189346
0.0185899
0.01859
0.0185896
0.0185897
0.0185892
0.0185899
0.01859
0.0189352
0.0185897
0.0185898
0.01859
0.01859
0.0189356
0.0185902
0.0185902
0.0185895
0.0185897
0.0185891
0.0185903
0.0189345
0.01859
0.0185899
0.0185894
0.0185894
0.0185894
0.0185902
0.0189342
0.0185899
0.0185892
0.0185892
0.0189349
0.0185894
0.0185902
0.0185895
0.0185899
0.0185895
0.0185898
0.01859
0.0189342
0.0185899
0.0189347
0.0189346
0.01859
0.0185902
0.0182568
0.0185889
0.0189345
0.01859
0.018935
0.0189345
0.0185891
0.0185898
0.0185892
0.0185898
0.01859
0.0185895
0.0185899
0.0189351
0.0185898
0.0185899
0.0185896
0.0189348
0.0185894
0.0185893
0.0185894
0.0189347
0.0185895
0.0185897
0.0185891
0.0185894
0.01859
0.0185893
0.0185898
0.0185897
0.0185898
0.0185901
0.0185888
0.0189346
0.01859
0.0185898
0.0189335
0.0189348
0.0185902
0.01859
0.0189352
0.0189347
0.0185894
0.018589
0.0185898
0.0185896
0.0185896
0.0185893
0.0185896
0.0185897
0.0185894
0.0185902
0.0185896
0.0185896
0.0185894
0.0182561
0.0185893
0.0185903
0.0185899
0.0185896
0.0185894
0.01859
0.0185886
0.0182569
0.0185897
0.0185902
0.0185892
0.0185903
0.0185896
0.01859
0.01859
0.0189344
0.0185898
0.0185894
0.0189345
0.0185897
0.0185894
0.0185893
0.0185892
0.0185898
0.0185902
0.0185891
0.0185897
0.0185899
0.0185898
0.0185894
0.0185897
0.0189347
0.0185893
0.0185895
0.0185896
0.018935
0.0185893
0.0185901
0.0185901
0.018935
0.0185896
0.0189353
0.0185899
0.0185899
0.0185893
0.0185897
0.01859
0.01859
0.0185894
0.0185899
0.0185891
0.0189344
0.0185894
0.0189332
0.0189345
0.0189354
0.0185895
0.0185894
0.01859
0.0185897
0.0185888
0.0185893
0.018588
0.0185892
0.0185894
0.0189346
0.0185892
0.0185896
0.0185899
0.01859
0.0185893
0.01859
0.0185899
0.0185901
0.0185899
0.0185896
0.0185895
0.0189346
0.0185902
0.0185902
0.0189346
0.0185898
0.0189341
0.01859
0.0185902
0.0185899
0.0185898
0.0185899
0.0185902
0.0185899
0.0189343
0.0189352
0.0189347
0.0189345
0.01859
0.0189342
0.0185897
0.0185901
0.0189348
0.0185897
0.0185898
0.0185898
0.0185896
0.0185899
0.0185902
0.0185896
0.0189345
0.0185898
0.0185897
0.01859
0.0185896
0.0189354
0.0185894
0.0185894
0.0185892
0.0185889
0.0185894
0.0189346
0.0185901
0.0185893
0.01859
0.0185901
0.0185902
0.0185899
0.0185894
0.018257
0.01859
0.0185894
0.0185895
0.0185897
0.0185893
0.0189347
0.0185904
0.0189353
0.0185893
0.0185901
0.0185895
0.0185894
0.01859
0.018935
0.018935
0.0192925
0.0189348
0.0185896
0.0185901
0.0185896
0.0185895
0.0185901
0.0185895
0.0185894
0.0185901
0.0185892
0.0185899
0.0185889
0.0185898
0.0189348
0.0189349
0.0185897
0.0185897
0.0185898
0.0189353
0.0192926
0.0189348
0.01859
0.0185901
0.0185899
0.0185898
0.0185898
0.0185891
0.0185896
0.0185899
0.0185888
0.0185903
0.0189349
0.0189344
0.0189345
0.01859
0.0189346
0.0185893
0.0185895
0.018589
0.0185895
0.0185894
0.0185898
0.0185898
0.0189352
0.01859
0.0189352
0.0185896
0.0185898
0.0189347
0.0189341
0.0185899
0.0185898
0.0185898
0.01859
0.0185898
0.0189345
0.0185899
0.0189343
0.0189345
0.0185897
0.0185895
0.0189347
0.0185897
0.0185895
0.0185894
0.0189345
0.0185896
0.0185898
0.0189353
0.0185895
0.0189344
0.0185892
0.0185901
0.0189355
0.0185897
0.0185902
0.0185899
0.0189349
0.0185896
0.0185899
0.0189346
0.0185895
0.01859
0.0185904
0.0185902
0.0185891
0.0185898
0.0185887
0.0185895
0.0185896
0.0189348
0.0185894
0.0185902
0.0185902
0.0185889
0.0185896
0.0185901
0.0185902
0.0185901
0.018257
0.0185889
0.0189343
0.0189349
0.0185888
0.0185897
0.0185899
0.0185898
0.0185897
0.0185898
0.0185898
0.0185892
0.0185897
0.0185895
0.0185892
0.0185892
0.0185904
0.0185894
0.0185896
0.0185894
0.0185898
0.0185906
0.0185902
0.0185895
0.0189345
0.0185897
0.0185898
0.0185899
0.0185896
0.0185887
0.0185897
0.0185896
0.0185894
0.0185901
0.0185899
0.01859
0.0189353
0.0185889
0.0185898
0.0185899
0.0185902
0.0185898
0.0185895
0.0185891
0.0185897
0.0185897
0.0185901
0.0185905
0.0185903
0.0189349
0.0185893
0.0185896
0.0185903
0.01859
0.01859
0.0189344
0.0185893
0.0185891
0.0185893
0.0185898
0.0185894
0.01859
0.0185894
0.0185897
0.0185897
0.0185891
0.018589
0.0189343
0.0185897
0.0185892
0.0185898
0.0182573
0.0185892
0.0189351
0.0189352
0.0185899
0.0185898
0.0185898
0.0185905
0.0185894
0.0185897
0.0189346
0.0185898
0.0185897
0.0185899
0.0185902
0.0189346
0.0189342
0.01859
0.0189346
0.0185894
0.0185891
0.0185894
0.0185898
0.0185893
0.0185899
0.0185898
0.0185899
0.0189344
0.0189348
0.0185898
0.0185894
0.0185895
0.0185883
0.0182561
0.0185899
0.0185896
0.0185896
0.0185893
0.018935
0.0185901
0.0189343
0.0185895
0.0185904
0.0189348
0.0185899
0.0185897
0.0185887
0.0185894
0.0189349
0.0185897
0.0185895
0.0189347
0.0185894
0.01859
0.0185895
0.01859
0.0185895
0.0185894
0.0189346
0.0185899
0.0185895
0.01859
0.0185901
0.0185901
0.0189348
0.0185898
0.0189342
0.0185898
0.0185891
0.0185902
0.0189344
0.0185889
0.0189347
0.0185895
0.0185893
0.0185902
0.0185897
0.0185894
0.0185896
0.018257
0.0185895
0.01859
0.0185898
0.0185896
0.0189347
0.0185897
0.0185899
0.0185896
0.0185894
0.0185894
0.0185888
0.0185891
0.0189348
0.0185896
0.0185901
0.0189346
0.0189351
0.0185901
0.0185893
0.0185898
0.018257
0.0185897
0.0185897
0.0185893
0.0185903
0.0185901
0.0185893
0.0185895
0.0189348
0.0185892
0.0185904
0.0185898
0.0185899
0.0185892
0.0185896
0.0185901
0.018935
0.0185898
0.018589
0.0185887
0.0185897
0.0189347
0.0185901
0.018934
0.0185896
0.0185896
0.0185898
0.0185877
0.0185903
0.0185899
0.0189345
0.0185901
0.0185897
0.0185895
0.0189343
0.01859
0.01859
0.0185894
0.0185896
0.01859
0.0189346
0.0185898
0.018589
0.0185895
0.018589
0.0185899
0.0185898
0.0185899
0.0189351
0.0189346
0.0185894
0.0185898
0.0185897
0.0185889
0.0185898
0.018589
0.0185891
0.0185895
0.0185891
0.0185901
0.0189352
0.0185901
0.0185901
0.0185896
0.0185897
0.0185899
0.0185903
0.0185905
0.0185895
0.0185895
0.0185896
0.0185895
0.0185896
0.0185894
0.0185895
0.0185894
0.0185897
0.0189348
0.0185894
0.0189347
0.01859
0.0185899
0.0185899
0.0185898
0.01859
0.018934
0.0185894
0.0189342
0.018935
0.0185897
0.0185895
0.01859
0.0185899
0.018934
0.018589
0.0185894
0.0185895
0.0185891
0.0189348
0.0185902
0.0185891
0.018935
0.0185896
0.0185901
0.0185898
0.0189347
0.0185903
0.01859
0.018935
0.018934
0.0189342
0.0185885
0.0185898
0.0185899
0.0189348
0.0185896
0.0185888
0.0185897
0.0185887
0.0185889
0.0189348
0.0185897
0.0185891
0.0185891
0.0185905
0.0185894
0.0185896
0.0185898
0.018589
0.0182568
0.0185903
0.0185904
0.0185903
0.0185893
0.0185899
0.0185897
0.0185897
0.0185893
0.0185891
0.0185899
0.0185901
0.0185899
0.0185898
0.0185897
0.0185898
0.0185899
0.0185887
0.0185894
0.0185889
0.0185894
0.01859
0.0185902
0.01859
0.0185901
0.0185901
0.0185901
0.0185898
0.0185888
0.0189335
0.0185896
0.0185896
0.0185887
0.0185893
0.0185888
0.0185898
0.0189352
0.0185892
0.0185897
0.0185897
0.0185898
0.01859
0.0189348
0.0185895
0.0185898
0.0185898
0.0185898
0.0185899
0.0185896
0.0189346
0.0185896
0.0189353
0.0185897
0.0185905
0.0185899
0.0185898
0.0185899
0.0185904
0.0189347
0.0185902
0.018935
0.0192927
0.018934
0.0185899
0.0185902
0.0189341
0.01859
0.0185898
0.0185895
0.018935
0.0185895
0.0185902
0.01859
0.0185893
0.0185892
0.0185897
0.0185898
0.0185899
0.0185898
0.0185899
0.0185876
0.0185896
0.01859
0.0185891
0.0189347
0.0185898
0.0185885
0.0189347
0.0192925
0.0189345
0.0185898
0.0185897
0.0185889
0.0185897
0.0185897
0.0185883
0.0189342
0.0189348
0.0185899
0.0185897
0.0189348
0.0185902
0.0189348
0.0185896
0.0185894
0.0185897
0.0185895
0.018934
0.0192922
0.0189345
0.018589
0.0189342
0.0189353
0.0185895
0.0189352
0.0185893
0.0185895
0.0185893
0.0189344
0.0185895
0.0185898
0.0185899
0.0189348
0.0185896
0.0189343
0.0185899
0.0185898
0.0185901
0.0189347
0.0185897
0.0185893
0.0189347
0.0185901
0.0189353
0.0185894
0.0185896
0.0189343
0.0185898
0.0185897
0.0189345
0.0189349
0.0185893
0.0185899
0.0189349
0.0185889
0.0185893
0.0185896
0.0185891
0.0185895
0.018935
0.0192924
0.018935
0.0185887
0.0182571
0.0185903
0.0185897
0.0185895
0.0189347
0.0185895
0.0185897
0.0189347
0.0185892
0.0185892
0.0185896
0.0189346
0.0189345
0.018935
0.0185898
0.0185905
0.0185902
0.0185898
0.0185896
0.0185887
0.0185899
0.0185897
0.0185898
0.0185899
0.0189348
0.01859
0.0189352
0.0185899
0.0185894
0.0185895
0.01859
0.0185897
0.018935
0.01859
0.01859
0.0185894
0.0185895
0.0185895
0.0185895
0.0185899
0.0185896
0.0185898
0.0185897
0.0189343
0.0189341
0.0185899
0.0185893
0.0185894
0.0185892
0.0185888
0.0185888
0.0185888
0.0185892
0.0185902
0.0185897
0.0185896
0.0189351
0.0185901
0.0189342
0.0192929
0.0189344
0.018935
0.0185903
0.0185898
0.0185899
0.0189346
0.0189349
0.0185895
0.0185903
0.0185897
0.0185897
0.0185893
0.0182568
0.0185903
0.0185896
0.0189347
0.0185895
0.0185896
0.0185891
0.0185896
0.0185899
0.0185889
0.0185897
0.0185901
0.0185903
0.0185895
0.0185899
0.0185903
0.0189349
0.0192922
0.0189348
0.0185895
0.01859
0.0185896
0.0185898
0.0185894
0.0185897
0.0189347
0.0185894
0.0185896
0.0189349
0.0185901
0.0182568
0.0185896
0.0189347
0.0185902
0.0185898
0.0185893
0.0185891
0.0185897
0.0185892
0.0189344
0.0185901
0.0185886
0.0189344
0.0185901
0.0185905
0.01859
0.0185901
0.0185892
0.0189341
0.018589
0.0185897
0.0185902
0.0185896
0.0182561
0.0185887
0.0185905
0.0185892
0.0185891
0.0185901
0.018935
0.0185902
0.0185896
0.0185893
0.0185894
0.0185901
0.0189353
0.0189349
0.0185895
0.0185894
0.0185895
0.0185895
0.0185896
0.0185891
0.0185898
0.0185904
0.018935
0.0185893
0.0185896
0.0185896
0.0185896
0.0185891
0.0182571
0.01859
0.0185894
0.0185889
0.0185891
0.0185895
0.0185893
0.0185899
0.0185896
0.0185893
0.0185895
0.0185897
0.01859
0.0185898
0.0185895
0.0185901
0.0185893
0.0185897
0.0185905
0.0185901
0.0185896
0.0189344
0.0185897
0.018257
0.01859
0.0185898
0.018589
0.0185895
0.018588
0.0185889
0.0185901
0.0185896
0.0189345
0.0185896
0.0185898
0.0185893
0.0185901
0.01859
0.0185895
0.0189346
0.0185899
0.0185899
0.0185896
0.0185899
0.0189351
0.0192927
0.0189342
0.0185889
0.0182566
0.0185898
0.0185901
0.0189341
0.018589
0.0185898
0.0185897
0.0185905
0.0185896
0.0185885
0.0185892
0.0185905
0.0185901
0.0185901
0.018589
0.0185899
0.0185901
0.0185906
0.0185898
0.0189347
0.0185898
0.0185903
0.0185899
0.0185895
0.0189341
0.0185891
0.0185901
0.0185894
0.0189349
0.0185902
0.0189342
0.0185899
0.0185895
0.0185893
0.0185893
0.0189343
0.0189355
0.0185899
0.0185901
0.0185895
0.0185902
0.0185897
0.0185894
0.01859
0.0189349
0.0185898
0.0189349
0.018935
0.0185893
0.0185887
0.0189355
0.0185893
0.0185895
0.01859
0.0185896
0.0189344
0.0192925
0.0189347
0.0185896
0.0185896
0.0185898
0.01859
0.0185896
0.0189348
0.0185894
0.0189346
0.0192933
0.0189346
0.0185899
0.018257
0.0185901
0.01859
0.0185891
0.0185896
0.0185891
0.0185901
0.0185896
0.018589
0.0185897
0.01859
0.0185892
0.0185899
0.0185899
0.0182576
0.01859
0.0189351
0.0185896
0.0182563
0.0185899
0.0185897
0.0185895
0.0189348
0.0185901
0.0189345
0.0185907
0.0185899
0.0189344
0.0185894
0.0185897
0.0185895
0.0189349
0.0185894
0.0185893
0.0185892
0.0182564
0.0185902
0.0185902
0.0185899
0.0185907
0.0185897
0.0185903
0.0185902
0.018589
0.0185891
0.0185895
0.0185899
0.0185901
0.0189349
0.0189351
0.0185885
0.0185898
0.0185897
0.0185904
0.0185896
0.0189345
0.0185898
0.0185895
0.0185896
0.0185901
0.0185893
0.0185892
0.0189342
0.0192925
0.0189348
0.0189344
0.0185887
0.0185898
0.018589
0.0189351
0.0185888
0.0185899
0.0189347
0.0185899
0.018934
0.0185885
0.0185893
0.0185896
0.018935
0.0185899
0.0182573
0.0185898
0.0185891
0.0185902
0.0189356
0.0185897
0.0185892
0.0185892
0.0189344
0.0185899
0.0185894
0.0185898
0.0189339
0.0185902
0.0185902
0.0185899
0.0185893
0.0182555
0.0185889
0.0189342
0.0185894
0.0185901
0.01859
0.0185884
0.0185899
0.0185889
0.0185896
0.0189353
0.0185897
0.0185897
0.0185901
0.0185895
0.0189348
0.0185903
0.0185896
0.0185893
0.0185902
0.0185893
0.0185897
0.0185894
0.0185889
0.0185885
0.0185899
0.0185892
0.0189347
0.01859
0.0185886
0.0189341
0.0185899
0.0185894
0.0185901
0.0185899
0.0185898
0.0185896
0.0189352
0.018935
0.0185899
0.0185906
0.0185896
0.0189346
0.0192932
0.0189342
0.0185897
0.0185896
0.0189355
0.0185899
0.0185894
0.0185899
0.0185898
0.0185898
0.0185891
0.01859
0.0185892
0.0189347
0.0185899
0.0185896
0.0185897
0.018589
0.0185895
0.0185895
0.018257
0.0185897
0.0182566
0.0185896
0.0185902
0.0185894
0.0185894
0.0185898
0.0185894
0.0185895
0.0189352
0.0192928
0.0189347
0.0185896
0.0185899
0.0185902
0.0185895
0.01859
0.018935
0.0189352
0.01859
0.0189348
0.0192933
0.0189342
0.0185898
0.0185902
0.0185897
0.0189343
0.0185903
0.0185901
0.0185901
0.01859
0.0185901
0.0185898
0.0185897
0.0185892
0.0185894
0.0185902
0.0185898
0.0185899
0.0189344
0.0185889
0.0189346
0.0189348
0.0185894
0.0185897
0.0185893
0.0185891
0.0185887
0.0185888
0.0185899
0.0189345
0.0189347
0.0185887
0.0185898
0.0185898
0.01859
0.0185899
0.0185892
0.0185891
0.0185892
0.0185895
0.0185902
0.018935
0.0185899
0.0185898
0.0185896
0.018935
0.0185895
0.0185895
0.0185902
0.0185894
0.0189342
0.0185895
0.0185899
0.0185893
0.0185892
0.0185893
0.0189347
0.0185897
0.0185894
0.0185898
0.018589
0.0185897
0.0189347
0.0185897
0.0185901
0.0189339
0.0185891
0.0185897
0.0185897
0.0189349
0.0185895
0.0185893
0.0185899
0.0189349
0.0185898
0.0185898
0.0185898
0.0185898
0.0185896
0.01859
0.0185898
0.0185897
0.0185897
0.0185894
0.0185896
0.01859
0.0185896
0.0189345
0.01859
0.01859
0.0185899
0.018589
0.0185896
0.018935
0.0185892
0.0185896
0.0185899
0.0185891
0.0185891
0.0185895
0.0185897
0.0185895
0.01859
0.0185898
0.018589
0.0185901
0.01859
0.0185902
0.018935
0.0185897
0.0185892
0.0185897
0.0185892
0.01859
0.0185893
0.0185894
0.0185902
0.0185901
0.0185889
0.0189344
0.0189335
0.0189341
0.0185896
0.0185886
0.0185901
0.0185892
0.0185901
0.0185901
0.0185901
0.0185905
0.0185902
0.0185897
0.0189345
0.0189352
0.0185901
0.018589
0.01859
0.0185891
0.0185896
0.0185891
0.0185894
0.0189344
0.0189348
0.0185896
0.0189348
0.0185898
0.0185898
0.018589
0.0185892
0.0185899
0.0189345
0.0185897
0.0185892
0.0185895
0.0189351
0.0185894
0.0189342
0.0185897
0.0185897
0.01859
0.0185899
0.0185895
0.0185902
0.0185896
0.0185899
0.01859
0.0185903
0.0185892
0.0185897
0.0185895
0.0189351
0.01859
0.0185895
0.0185896
0.0185897
0.0185892
0.0189338
0.0185901
0.0189349
0.0185901
0.0185898
0.0185897
0.018589
0.0189345
0.0185898
0.0185898
0.0182558
0.0185891
0.0185894
0.0185902
0.0185895
0.0189349
0.0185899
0.0185901
0.01859
0.0189344
0.0185896
0.0185895
0.01859
0.0185896
0.0189347
0.0185899
0.01859
0.01859
0.0185892
0.0185889
0.018935
0.0185888
0.0185894
0.0185891
0.018589
0.0185896
0.0189345
0.0185896
0.0189352
0.0185898
0.0185898
0.01859
0.0185893
0.0185899
0.0185895
0.0185898
0.0185901
0.0185896
0.0185894
0.0189348
0.0189345
0.01859
0.0185905
0.0189345
0.0185891
0.0185894
0.0185898
0.0185893
0.0185903
0.0185892
0.0185893
0.0185896
0.0189348
0.0189346
0.0185894
0.0185899
0.01859
0.0189349
0.0185899
0.0185898
0.0185899
0.0185905
0.0185898
0.0185895
0.0189348
0.0185899
0.01859
0.0185904
0.0185903
0.0189347
0.0185896
0.0185897
0.0185901
0.0185896
0.0189347
0.0192929
0.0189342
0.0189342
0.0185902
0.0185904
0.018935
0.0185892
0.0185903
0.0185898
0.0189347
0.0192928
0.0189343
0.0185896
0.0185895
0.0189349
0.0185893
0.0185894
0.0185899
0.0189339
0.0185896
0.0185898
0.0182566
0.0185897
0.01859
0.0185894
0.0189347
0.0185898
0.0185894
0.0185896
0.0189348
0.0185891
0.0185892
0.0185899
0.0185896
0.0189344
0.0185898
0.0185898
0.01859
0.0189346
0.01859
0.0185897
0.0185901
0.0185904
0.0185899
0.0185897
0.018589
0.0185895
0.0185895
0.0185898
0.0185889
0.0185903
0.0185901
0.0185892
0.0185887
0.0185904
0.0185895
0.0185899
0.0189349
0.0185899
0.0189345
0.0185898
0.0185896
0.0185895
0.0185901
0.0185898
0.0185898
0.0185901
0.0185899
0.0185888
0.0185892
0.0185901
0.0185901
0.0185898
0.0185901
0.0185892
0.0185901
0.0185895
0.0189344
0.0189351
0.0185902
0.0185893
0.0185897
0.0185904
0.0185894
0.0185896
0.0185901
0.0185898
0.0185895
0.0185894
0.0185898
0.0185894
0.018589
0.0189349
0.0185893
0.0185895
0.0185898
0.0185898
0.0185895
0.0185891
0.0185899
0.0185902
0.0185898
0.0189352
0.0185898
0.0185891
0.0185896
0.0185897
0.01859
0.0185898
0.0185891
0.0185896
0.0189348
0.0185893
0.0185897
0.0185897
0.0185899
0.0185902
0.0185893
0.0189341
0.0185895
0.018589
0.0185891
0.0185894
0.0185898
0.0185889
0.0189351
0.0185891
0.0185895
0.0182568
0.0185901
0.0185898
0.0182573
0.0185891
0.018935
0.0185896
0.0185901
0.0185899
0.0185899
0.0185893
0.0185889
0.0185893
0.0185893
0.0185899
0.0185901
0.0189339
0.0192919
